   0.0000000000000000       -2.8508970258838073E-018
   1.0000000000000000E-002   1.1074221993869907E-002
   2.0000000000000000E-002   2.1930591888654354E-002
   2.9999999999999999E-002   3.2368069216612803E-002
   4.0000000000000001E-002   4.2216552988822584E-002
   5.0000000000000003E-002   5.1346352959796913E-002
   6.0000000000000005E-002   5.9672176876431969E-002
   7.0000000000000007E-002   6.7151978724180730E-002
   8.0000000000000002E-002   7.3781867715458971E-002
   8.9999999999999997E-002   7.9588657634800913E-002
   9.9999999999999992E-002   8.4621579528876792E-002
  0.10999999999999999        8.8944343917205793E-002
  0.11999999999999998        9.2628299682895127E-002
  0.12999999999999998        9.5747029967141323E-002
  0.13999999999999999        9.8372420364518917E-002
  0.14999999999999999       0.10057204653687607     
  0.16000000000000000       0.10240763959240354     
  0.17000000000000001       0.10393436859670754     
  0.18000000000000002       0.10520070159547551     
  0.19000000000000003       0.10624864738747351     
  0.20000000000000004       0.10711422556282235     
  0.21000000000000005       0.10782805403252826     
  0.22000000000000006       0.10841597794011154     
  0.23000000000000007       0.10889969071031114     
  0.24000000000000007       0.10929731771465100     
  0.25000000000000006       0.10962394685604357     
  0.26000000000000006       0.10989209963047003     
  0.27000000000000007       0.11011214211663692     
  0.28000000000000008       0.11029263885884415     
  0.29000000000000009       0.11044065450160095     
  0.30000000000000010       0.11056200886395423     
  0.31000000000000011       0.11066149130252668     
  0.32000000000000012       0.11074303997709799     
  0.33000000000000013       0.11080989118287937     
  0.34000000000000014       0.11086470336693049     
  0.35000000000000014       0.11090965987558826     
  0.36000000000000015       0.11094655392836830     
  0.37000000000000016       0.11097685880509527     
  0.38000000000000017       0.11100178577784361     
  0.39000000000000018       0.11102233192070289     
  0.40000000000000019       0.11103931958703635     
  0.41000000000000020       0.11105342905179835     
  0.42000000000000021       0.11106522557065937     
  0.43000000000000022       0.11107518190272722     
  0.44000000000000022       0.11108369717446979     
  0.45000000000000023       0.11109111282418176     
  0.46000000000000024       0.11109772625497256     
  0.47000000000000025       0.11110380273608753     
  0.48000000000000026       0.11110958602463504     
  0.49000000000000027       0.11111530813003274     
  0.50000000000000022       0.11112119861008168     
  0.51000000000000023       0.11112749376927517     
  0.52000000000000024       0.11113444612613813     
  0.53000000000000025       0.11114233452687988     
  0.54000000000000026       0.11115147530791029     
  0.55000000000000027       0.11116223495056810     
  0.56000000000000028       0.11117504472932059     
  0.57000000000000028       0.11119041793160589     
  0.58000000000000029       0.11120897032607194     
  0.59000000000000030       0.11123144467936778     
  0.60000000000000031       0.11125874027376205     
  0.61000000000000032       0.11129194856307241     
  0.62000000000000033       0.11133239632774175     
  0.63000000000000034       0.11138169795657912     
  0.64000000000000035       0.11144181879810103     
  0.65000000000000036       0.11151515189307558     
  0.66000000000000036       0.11160461082484480     
  0.67000000000000037       0.11171374190488763     
  0.68000000000000038       0.11184685944164191     
  0.69000000000000039       0.11200920840486546     
  0.70000000000000040       0.11220715936417817     
  0.71000000000000041       0.11244844109336197     
  0.72000000000000042       0.11274241659971554     
  0.73000000000000043       0.11310040841587482     
  0.74000000000000044       0.11353607855964196     
  0.75000000000000044       0.11406586730059710     
  0.76000000000000045       0.11470949230461375     
  0.77000000000000046       0.11549050521296413     
  0.78000000000000047       0.11643689539022489     
  0.79000000000000048       0.11758171935355527     
  0.80000000000000049       0.11896371799243946     
  0.81000000000000050       0.12062786077172682     
  0.82000000000000051       0.12262572563439982     
  0.83000000000000052       0.12501558515076627     
  0.84000000000000052       0.12786202542840555     
  0.85000000000000053       0.13123487973661416     
  0.86000000000000054       0.13520722446614875     
  0.87000000000000055       0.13985217889782403     
  0.88000000000000056       0.14523829789603418     
  0.89000000000000057       0.15142347837200312     
  0.90000000000000058       0.15844754222598953     
  0.91000000000000059       0.16632401564397528     
  0.92000000000000060       0.17503205907286493     
  0.93000000000000060       0.18450991396316285     
  0.94000000000000061       0.19465146154343191     
  0.95000000000000062       0.20530735685694990     
  0.96000000000000063       0.21629159428228956     
  0.97000000000000064       0.22739332555555725     
  0.98000000000000065       0.23839254062370077     
  0.99000000000000066       0.24907723127769263     
   1.0000000000000007       0.25925925803783617     
   1.0100000000000007       0.26878649067919019     
   1.0200000000000007       0.27754975301088042     
   1.0300000000000007       0.28548431155893778     
   1.0400000000000007       0.29256670535389734     
   1.0500000000000007       0.29880835415916018     
   1.0600000000000007       0.30424754476240656     
   1.0700000000000007       0.30894118502734452     
   1.0800000000000007       0.31295731050272674     
   1.0900000000000007       0.31636889153746289     
   1.1000000000000008       0.31924912454896909     
   1.1100000000000008       0.32166814112876801     
   1.1200000000000008       0.32369093009635108     
   1.1300000000000008       0.32537621519177556     
   1.1400000000000008       0.32677603445593600     
   1.1500000000000008       0.32793580041150322     
   1.1600000000000008       0.32889466443382998     
   1.1700000000000008       0.32968605299045933     
   1.1800000000000008       0.33033828208800931     
   1.1900000000000008       0.33087518727989651     
   1.2000000000000008       0.33131672999531714     
   1.2100000000000009       0.33167955775791624     
   1.2200000000000009       0.33197750739653525     
   1.2300000000000009       0.33222204790254284     
   1.2400000000000009       0.33242266426473105     
   1.2500000000000009       0.33258718629064066     
   1.2600000000000009       0.33272206776199570     
   1.2700000000000009       0.33283262174876371     
   1.2800000000000009       0.33292321785459567     
   1.2900000000000009       0.33299744681246063     
   1.3000000000000009       0.33305825734203354     
   1.3100000000000009       0.33310806961454786     
   1.3200000000000010       0.33314886910386671     
   1.3300000000000010       0.33318228406750322     
   1.3400000000000010       0.33320964941474795     
   1.3500000000000010       0.33323205928794830     
   1.3600000000000010       0.33325041030758473     
   1.3700000000000010       0.33326543710943007     
   1.3800000000000010       0.33327774152792666     
   1.3900000000000010       0.33328781654858758     
   1.4000000000000010       0.33329606595820049     
   1.4100000000000010       0.33330282045965720     
   1.4200000000000010       0.33330835088349114     
   1.4300000000000010       0.33331287901654172     
   1.4400000000000011       0.33331658647573464     
   1.4500000000000011       0.33331962197870646     
   1.4600000000000011       0.33332210730009176     
   1.4700000000000011       0.33332414215053685     
   1.4800000000000011       0.33332580817292540     
   1.4900000000000011       0.33332717221529440     
   1.5000000000000011       0.33332828901120404     
   1.5100000000000011       0.33332920337472571     
   1.5200000000000011       0.33332995199787346     
   1.5300000000000011       0.33333056492243185     
   1.5400000000000011       0.33333106674514840     
   1.5500000000000012       0.33333147760454412     
   1.5600000000000012       0.33333181398891892     
   1.5700000000000012       0.33333208939793385     
   1.5800000000000012       0.33333231488430254     
   1.5900000000000012       0.33333249949730615     
   1.6000000000000012       0.33333265064592354     
   1.6100000000000012       0.33333277439615527     
   1.6200000000000012       0.33333287571444609     
   1.6300000000000012       0.33333295866699852     
   1.6400000000000012       0.33333302658295266     
   1.6500000000000012       0.33333308218798968     
   1.6600000000000013       0.33333312771371526     
   1.6700000000000013       0.33333316498722865     
   1.6800000000000013       0.33333319550443574     
   1.6900000000000013       0.33333322049009678     
   1.7000000000000013       0.33333324094696964     
   1.7100000000000013       0.33333325769605893     
   1.7200000000000013       0.33333327140956071     
   1.7300000000000013       0.33333328263784862     
   1.7400000000000013       0.33333329183155064     
   1.7500000000000013       0.33333329935964362     
   1.7600000000000013       0.33333330552425572     
   1.7700000000000014       0.33333331057279514     
   1.7800000000000014       0.33333331470788113     
   1.7900000000000014       0.33333331809547118     
   1.8000000000000014       0.33333332087152484     
   1.8100000000000014       0.33333332314746178     
   1.8200000000000014       0.33333332501463137     
   1.8300000000000014       0.33333332654798392     
   1.8400000000000014       0.33333332780907909     
   1.8500000000000014       0.33333332884855899     
   1.8600000000000014       0.33333332970818802     
   1.8700000000000014       0.33333333042253399     
   1.8800000000000014       0.33333333102036705     
   1.8900000000000015       0.33333333152583305     
   1.9000000000000015       0.33333333195944392     
   1.9100000000000015       0.33333333233893891     
   1.9200000000000015       0.33333333268005255     
   1.9300000000000015       0.33333333299722584     
   1.9400000000000015       0.33333333330430842     
   1.9500000000000015       0.33333333361529538     
   1.9600000000000015       0.33333333394516218     
   1.9700000000000015       0.33333333431086698     
   1.9800000000000015       0.33333333473263554     
   1.9900000000000015       0.33333333523567443     
   2.0000000000000013       0.33333333585252140     
   2.0100000000000011       0.33333333662635778     
   2.0200000000000009       0.33333333761572570     
   2.0300000000000007       0.33333333890133598     
   2.0400000000000005       0.33333334059595587     
   2.0500000000000003       0.33333334285885169     
   2.0600000000000001       0.33333334591698000     
   2.0699999999999998       0.33333335009616710     
   2.0799999999999996       0.33333335586711987     
   2.0899999999999994       0.33333336391344004     
   2.0999999999999992       0.33333337523234963     
   2.1099999999999990       0.33333339128404665     
   2.1199999999999988       0.33333341421341239     
   2.1299999999999986       0.33333344717941849     
   2.1399999999999983       0.33333349484490704     
   2.1499999999999981       0.33333356410525256     
   2.1599999999999979       0.33333366517295954     
   2.1699999999999977       0.33333381319270611     
   2.1799999999999975       0.33333403064706124     
   2.1899999999999973       0.33333435094091018     
   2.1999999999999971       0.33333482374330814     
   2.2099999999999969       0.33333552294979657     
   2.2199999999999966       0.33333655855234934     
   2.2299999999999964       0.33333809433656969     
   2.2399999999999962       0.33334037426899987     
   2.2499999999999960       0.33334376184372183     
   2.2599999999999958       0.33334879875395174     
   2.2699999999999956       0.33335629237861464     
   2.2799999999999954       0.33336744622753084     
   2.2899999999999952       0.33338405441540608     
   2.2999999999999949       0.33340879153276842     
   2.3099999999999947       0.33344564456693804     
   2.3199999999999945       0.33350055615570917     
   2.3299999999999943       0.33358238183281874     
   2.3399999999999941       0.33370431286671060     
   2.3499999999999939       0.33388598742770753     
   2.3599999999999937       0.33415661478400072     
   2.3699999999999934       0.33455958019545451     
   2.3799999999999932       0.33515919142109918     
   2.3899999999999930       0.33605047248549119     
   2.3999999999999928       0.33737318184533666     
   2.4099999999999926       0.33933143961097184     
   2.4199999999999924       0.34222025280339730     
   2.4299999999999922       0.34645928995574132     
   2.4399999999999920       0.35263141130486270     
   2.4499999999999917       0.36151692690771620     
   2.4599999999999915       0.37410218851573779     
   2.4699999999999913       0.39152266927930668     
   2.4799999999999911       0.41488406514533754     
   2.4899999999999909       0.44491589177172497     
   2.4999999999999907       0.48149268832137415     
   2.5099999999999905       0.52322004925776788     
   2.5199999999999902       0.56741490533337180     
   2.5299999999999900       0.61068849807916736     
   2.5399999999999898       0.64992216161417238     
   2.5499999999999896       0.68308814373889393     
   2.5599999999999894       0.70950557393298697     
   2.5699999999999892       0.72956816564267168     
   2.5799999999999890       0.74425993278608071     
   2.5899999999999888       0.75473434160388408     
   2.5999999999999885       0.76206027383088903     
   2.6099999999999883       0.76711574692233619     
   2.6199999999999881       0.77057219162299928     
   2.6299999999999879       0.77292042709367847     
   2.6399999999999877       0.77450891855131143     
   2.6499999999999875       0.77558036288870591     
   2.6599999999999873       0.77630165814428109     
   2.6699999999999871       0.77678661131473103     
   2.6799999999999868       0.77711239107412455     
   2.6899999999999866       0.77733112668507209     
   2.6999999999999864       0.77747794458846242     
   2.7099999999999862       0.77757647472784419     
   2.7199999999999860       0.77764259568139460     
   2.7299999999999858       0.77768696962277784     
   2.7399999999999856       0.77771675266120976     
   2.7499999999999853       0.77773674635234380     
   2.7599999999999851       0.77775017187158646     
   2.7699999999999849       0.77775919000996330     
   2.7799999999999847       0.77776525022752230     
   2.7899999999999845       0.77776932486454242     
   2.7999999999999843       0.77777206625405992     
   2.8099999999999841       0.77777391209870750     
   2.8199999999999839       0.77777515614172554     
   2.8299999999999836       0.77777599556080346     
   2.8399999999999834       0.77777656275173501     
   2.8499999999999832       0.77777694664423858     
   2.8599999999999830       0.77777720699839870     
   2.8699999999999828       0.77777738399416041     
   2.8799999999999826       0.77777750466438589     
   2.8899999999999824       0.77777758721111712     
   2.8999999999999821       0.77777764390216164     
   2.9099999999999819       0.77777768301538963     
   2.9199999999999817       0.77777771014426655     
   2.9299999999999815       0.77777772907474563     
   2.9399999999999813       0.77777774237454833     
   2.9499999999999811       0.77777775178936137     
   2.9599999999999809       0.77777775850941033     
   2.9699999999999807       0.77777776334894499     
   2.9799999999999804       0.77777776686721678     
   2.9899999999999802       0.77777776945011035     
   2.9999999999999800       0.77777777136529958     
   3.0099999999999798       0.77777777279959359     
   3.0199999999999796       0.77777777388425107     
   3.0299999999999794       0.77777777471220411     
   3.0399999999999792       0.77777777534979553     
   3.0499999999999790       0.77777777584481134     
   3.0599999999999787       0.77777777623199762     
   3.0699999999999785       0.77777777653686697     
   3.0799999999999783       0.77777777677834026     
   3.0899999999999781       0.77777777697059203     
   3.0999999999999779       0.77777777712433904     
   3.1099999999999777       0.77777777724776720     
   3.1199999999999775       0.77777777734718090     
   3.1299999999999772       0.77777777742747212     
   3.1399999999999770       0.77777777749247212     
   3.1499999999999768       0.77777777754519428     
   3.1599999999999766       0.77777777758802857     
   3.1699999999999764       0.77777777762287637     
   3.1799999999999762       0.77777777765125811     
   3.1899999999999760       0.77777777767439515     
   3.1999999999999758       0.77777777769327106     
   3.2099999999999755       0.77777777770868139     
   3.2199999999999753       0.77777777772126677     
   3.2299999999999751       0.77777777773155199     
   3.2399999999999749       0.77777777773995815     
   3.2499999999999747       0.77777777774683210     
   3.2599999999999745       0.77777777775245416     
   3.2699999999999743       0.77777777775705248     
   3.2799999999999740       0.77777777776081491     
   3.2899999999999738       0.77777777776389356     
   3.2999999999999736       0.77777777776641355     
   3.3099999999999734       0.77777777776847523     
   3.3199999999999732       0.77777777777016144     
   3.3299999999999730       0.77777777777154322     
   3.3399999999999728       0.77777777777267354     
   3.3499999999999726       0.77777777777359924     
   3.3599999999999723       0.77777777777435764     
   3.3699999999999721       0.77777777777497770     
   3.3799999999999719       0.77777777777548562     
   3.3899999999999717       0.77777777777590107     
   3.3999999999999715       0.77777777777624069     
   3.4099999999999713       0.77777777777651935     
   3.4199999999999711       0.77777777777674806     
   3.4299999999999708       0.77777777777693435     
   3.4399999999999706       0.77777777777708756     
   3.4499999999999704       0.77777777777721202     
   3.4599999999999702       0.77777777777731461     
   3.4699999999999700       0.77777777777739887     
   3.4799999999999698       0.77777777777746726     
   3.4899999999999696       0.77777777777752322     
   3.4999999999999694       0.77777777777757029     
   3.5099999999999691       0.77777777777760737     
   3.5199999999999689       0.77777777777763879     
   3.5299999999999687       0.77777777777766399     
   3.5399999999999685       0.77777777777768486     
   3.5499999999999683       0.77777777777770141     
   3.5599999999999681       0.77777777777771517     
   3.5699999999999679       0.77777777777772650     
   3.5799999999999677       0.77777777777773571     
   3.5899999999999674       0.77777777777774293     
   3.5999999999999672       0.77777777777774948     
   3.6099999999999670       0.77777777777775414     
   3.6199999999999668       0.77777777777775925     
   3.6299999999999666       0.77777777777776269     
   3.6399999999999664       0.77777777777776469     
   3.6499999999999662       0.77777777777776724     
   3.6599999999999659       0.77777777777776924     
   3.6699999999999657       0.77777777777777113     
   3.6799999999999655       0.77777777777777135     
   3.6899999999999653       0.77777777777777368     
   3.6999999999999651       0.77777777777777390     
   3.7099999999999649       0.77777777777777513     
   3.7199999999999647       0.77777777777777513     
   3.7299999999999645       0.77777777777777568     
   3.7399999999999642       0.77777777777777635     
   3.7499999999999640       0.77777777777777646     
   3.7599999999999638       0.77777777777777712     
   3.7699999999999636       0.77777777777777646     
   3.7799999999999634       0.77777777777777657     
   3.7899999999999632       0.77777777777777779     
   3.7999999999999630       0.77777777777777712     
   3.8099999999999627       0.77777777777777724     
   3.8199999999999625       0.77777777777777724     
   3.8299999999999623       0.77777777777777724     
   3.8399999999999621       0.77777777777777812     
   3.8499999999999619       0.77777777777777757     
   3.8599999999999617       0.77777777777777779     
   3.8699999999999615       0.77777777777777768     
   3.8799999999999613       0.77777777777777768     
   3.8899999999999610       0.77777777777777768     
   3.8999999999999608       0.77777777777777768     
   3.9099999999999606       0.77777777777777768     
   3.9199999999999604       0.77777777777777790     
   3.9299999999999602       0.77777777777777790     
   3.9399999999999600       0.77777777777777779     
   3.9499999999999598       0.77777777777777779     
   3.9599999999999596       0.77777777777777779     
   3.9699999999999593       0.77777777777777779     
   3.9799999999999591       0.77777777777777779     
   3.9899999999999589       0.77777777777777779     
   3.9999999999999587       0.77777777777777779     
   4.0099999999999589       0.77777777777777779     
   4.0199999999999587       0.77777777777777779     
   4.0299999999999585       0.77777777777777779     
   4.0399999999999583       0.77777777777777779     
   4.0499999999999581       0.77777777777777779     
   4.0599999999999579       0.77777777777777779     
   4.0699999999999577       0.77777777777777779     
   4.0799999999999574       0.77777777777777779     
   4.0899999999999572       0.77777777777777779     
   4.0999999999999570       0.77777777777777779     
   4.1099999999999568       0.77777777777777790     
   4.1199999999999566       0.77777777777777790     
   4.1299999999999564       0.77777777777777790     
   4.1399999999999562       0.77777777777777790     
   4.1499999999999559       0.77777777777777790     
   4.1599999999999557       0.77777777777777768     
   4.1699999999999555       0.77777777777777768     
   4.1799999999999553       0.77777777777777779     
   4.1899999999999551       0.77777777777777779     
   4.1999999999999549       0.77777777777777779     
   4.2099999999999547       0.77777777777777790     
   4.2199999999999545       0.77777777777777779     
   4.2299999999999542       0.77777777777777779     
   4.2399999999999540       0.77777777777777790     
   4.2499999999999538       0.77777777777777801     
   4.2599999999999536       0.77777777777777790     
   4.2699999999999534       0.77777777777777812     
   4.2799999999999532       0.77777777777777812     
   4.2899999999999530       0.77777777777777812     
   4.2999999999999527       0.77777777777777812     
   4.3099999999999525       0.77777777777777812     
   4.3199999999999523       0.77777777777777823     
   4.3299999999999521       0.77777777777777846     
   4.3399999999999519       0.77777777777777868     
   4.3499999999999517       0.77777777777777879     
   4.3599999999999515       0.77777777777777901     
   4.3699999999999513       0.77777777777777946     
   4.3799999999999510       0.77777777777777968     
   4.3899999999999508       0.77777777777778001     
   4.3999999999999506       0.77777777777778057     
   4.4099999999999504       0.77777777777778112     
   4.4199999999999502       0.77777777777778201     
   4.4299999999999500       0.77777777777778290     
   4.4399999999999498       0.77777777777778412     
   4.4499999999999496       0.77777777777778545     
   4.4599999999999493       0.77777777777778712     
   4.4699999999999491       0.77777777777778934     
   4.4799999999999489       0.77777777777779167     
   4.4899999999999487       0.77777777777779478     
   4.4999999999999485       0.77777777777779844     
   4.5099999999999483       0.77777777777780310     
   4.5199999999999481       0.77777777777780877     
   4.5299999999999478       0.77777777777781565     
   4.5399999999999476       0.77777777777782398     
   4.5499999999999474       0.77777777777783419     
   4.5599999999999472       0.77777777777784685     
   4.5699999999999470       0.77777777777786206     
   4.5799999999999468       0.77777777777788093     
   4.5899999999999466       0.77777777777790347     
   4.5999999999999464       0.77777777777793144     
   4.6099999999999461       0.77777777777796553     
   4.6199999999999459       0.77777777777800683     
   4.6299999999999457       0.77777777777805779     
   4.6399999999999455       0.77777777777811974     
   4.6499999999999453       0.77777777777819546     
   4.6599999999999451       0.77777777777828794     
   4.6699999999999449       0.77777777777840085     
   4.6799999999999446       0.77777777777853874     
   4.6899999999999444       0.77777777777870738     
   4.6999999999999442       0.77777777777891322     
   4.7099999999999440       0.77777777777916446     
   4.7199999999999438       0.77777777777947144     
   4.7299999999999436       0.77777777777984647     
   4.7399999999999434       0.77777777778030455     
   4.7499999999999432       0.77777777778086388     
   4.7599999999999429       0.77777777778154722     
   4.7699999999999427       0.77777777778238200     
   4.7799999999999425       0.77777777778340118     
   4.7899999999999423       0.77777777778464630     
   4.7999999999999421       0.77777777778616697     
   4.8099999999999419       0.77777777778802437     
   4.8199999999999417       0.77777777779029289     
   4.8299999999999415       0.77777777779306390     
   4.8399999999999412       0.77777777779644819     
   4.8499999999999410       0.77777777780058199     
   4.8599999999999408       0.77777777780563084     
   4.8699999999999406       0.77777777781179758     
   4.8799999999999404       0.77777777781932966     
   4.8899999999999402       0.77777777782852942     
   4.8999999999999400       0.77777777783976587     
   4.9099999999999397       0.77777777785349034     
   4.9199999999999395       0.77777777787025326     
   4.9299999999999393       0.77777777789072755     
   4.9399999999999391       0.77777777791573499     
   4.9499999999999389       0.77777777794627900     
   4.9599999999999387       0.77777777798358572     
   4.9699999999999385       0.77777777802915216     
   4.9799999999999383       0.77777777808480719     
   4.9899999999999380       0.77777777815278448     
   4.9999999999999378       0.77777777823581185     
   5.0099999999999376       0.77777777833722195     
   5.0199999999999374       0.77777777846108442     
   5.0299999999999372       0.77777777861237030     
   5.0399999999999370       0.77777777879715149     
   5.0499999999999368       0.77777777902284362     
   5.0599999999999365       0.77777777929850467     
   5.0699999999999363       0.77777777963519779     
   5.0799999999999361       0.77777778004643561     
   5.0899999999999359       0.77777778054872282     
   5.0999999999999357       0.77777778116221763     
   5.1099999999999355       0.77777778191154190     
   5.1199999999999353       0.77777778282676879     
   5.1299999999999351       0.77777778394462915     
   5.1399999999999348       0.77777778530998709     
   5.1499999999999346       0.77777778697763889     
   5.1599999999999344       0.77777778901451355     
   5.1699999999999342       0.77777779150235782     
   5.1799999999999340       0.77777779454101725     
   5.1899999999999338       0.77777779825244442     
   5.1999999999999336       0.77777780278559161     
   5.2099999999999334       0.77777780832238985     
   5.2199999999999331       0.77777781508505006     
   5.2299999999999329       0.77777782334498125     
   5.2399999999999327       0.77777783343368323     
   5.2499999999999325       0.77777784575605047     
   5.2599999999999323       0.77777786080662181     
   5.2699999999999321       0.77777787918942853     
   5.2799999999999319       0.77777790164223537     
   5.2899999999999316       0.77777792906614929     
   5.2999999999999314       0.77777796256178400     
   5.3099999999999312       0.77777800347343107     
   5.3199999999999310       0.77777805344300921     
   5.3299999999999308       0.77777811447595924     
   5.3399999999999306       0.77777818902172724     
   5.3499999999999304       0.77777828007206617     
   5.3599999999999302       0.77777839128109993     
   5.3699999999999299       0.77777852711196971     
   5.3799999999999297       0.77777869301594316     
   5.3899999999999295       0.77777889565117819     
   5.3999999999999293       0.77777914314991159     
   5.4099999999999291       0.77777944544479938     
   5.4199999999999289       0.77777981466749335     
   5.4299999999999287       0.77778026563544567     
   5.4399999999999284       0.77778081644646324     
   5.4499999999999282       0.77778148920485524     
   5.4599999999999280       0.77778231090828442     
   5.4699999999999278       0.77778331453087546     
   5.4799999999999276       0.77778454034597799     
   5.4899999999999274       0.77778603754157827     
   5.4999999999999272       0.77778786619304496     
   5.5099999999999270       0.77779009967216051     
   5.5199999999999267       0.77779282758880441     
   5.5299999999999265       0.77779615938285596     
   5.5399999999999263       0.77780022870975718     
   5.5499999999999261       0.77780519879466359     
   5.5599999999999259       0.77781126896845776     
   5.5699999999999257       0.77781868264554743     
   5.5799999999999255       0.77782773706005193     
   5.5899999999999253       0.77783879514580023     
   5.5999999999999250       0.77785230002899242     
   5.6099999999999248       0.77786879270333020     
   5.6199999999999246       0.77788893357935085     
   5.6299999999999244       0.77791352874654085     
   5.6399999999999242       0.77794356196307446     
   5.6499999999999240       0.77798023359875534     
   5.6599999999999238       0.77802500800730190     
   5.6699999999999235       0.77807967110009491     
   5.6799999999999233       0.77814640024003823     
   5.6899999999999231       0.77822784897534392     
   5.6999999999999229       0.77832724959036248     
   5.7099999999999227       0.77844853696104532     
   5.7199999999999225       0.77859649775542894     
   5.7299999999999223       0.77877694959131860     
   5.7399999999999221       0.77899695531098712     
   5.7499999999999218       0.77926507798317213     
   5.7599999999999216       0.77959168247847710     
   5.7699999999999214       0.77998928930375333     
   5.7799999999999212       0.78047298555205680     
   5.7899999999999210       0.78106089593183337     
   5.7999999999999208       0.78177471332490289     
   5.8099999999999206       0.78264028243024331     
   5.8199999999999203       0.78368822079485012     
   5.8299999999999201       0.78495454771075557     
   5.8399999999999199       0.78648127173260063     
   5.8499999999999197       0.78831686070611062     
   5.8599999999999195       0.79051648353306303     
   5.8699999999999193       0.79314187118738744     
   5.8799999999999191       0.79626059922084369     
   5.8899999999999189       0.79994455313767387     
   5.8999999999999186       0.80426731600487789     
   5.9099999999999184       0.80930023664450867     
   5.9199999999999182       0.81510702552574277     
   5.9299999999999180       0.82173691365359325     
   5.9399999999999178       0.82921671477793246     
   5.9499999999999176       0.83754253808214907     
   5.9599999999999174       0.84667233752711690     
   5.9699999999999172       0.85652082083862435     
   5.9799999999999169       0.86695829775270150     
   5.9899999999999167       0.87781466726380208     
   5.9999999999999165       0.88888888888879414     
   6.0099999999999163       0.89996311051379563     
   6.0199999999999161       0.91081948002490165     
   6.0299999999999159       0.92125695693898024     
   6.0399999999999157       0.93110544025049846     
   6.0499999999999154       0.94023523969547973     
   6.0599999999999152       0.94856106299971599     
   6.0699999999999150       0.95604086412406930     
   6.0799999999999148       0.96267075225192911     
   6.0899999999999146       0.96847754113318052     
   6.0999999999999144       0.97351046177282363     
   6.1099999999999142       0.97783322464003553     
   6.1199999999999140       0.98151717855687637     
   6.1299999999999137       0.98463590659034184     
   6.1399999999999135       0.98726129424467557     
   6.1499999999999133       0.98946091707163453     
   6.1599999999999131       0.99129650604514863     
   6.1699999999999129       0.99282323006699946     
   6.1799999999999127       0.99408955698290891     
   6.1899999999999125       0.99513749534751839     
   6.1999999999999122       0.99600306445286135     
   6.2099999999999120       0.99671688184593343     
   6.2199999999999118       0.99730479222571211     
   6.2299999999999116       0.99778848847401747     
   6.2399999999999114       0.99818609529929470     
   6.2499999999999112       0.99851269979460078     
   6.2599999999999110       0.99878082246678679     
   6.2699999999999108       0.99900082818645586     
   6.2799999999999105       0.99918128002234619     
   6.2899999999999103       0.99932924081673014     
   6.2999999999999101       0.99945052818741353     
   6.3099999999999099       0.99954992880243276     
   6.3199999999999097       0.99963137753773823     
   6.3299999999999095       0.99969810667768177     
   6.3399999999999093       0.99975276977047522     
   6.3499999999999091       0.99979754417902156     
   6.3599999999999088       0.99983421581470244     
   6.3699999999999086       0.99986424903123627     
   6.3799999999999084       0.99988884419842661     
   6.3899999999999082       0.99990898507444748     
   6.3999999999999080       0.99992547774878515     
   6.4099999999999078       0.99993898263197734     
   6.4199999999999076       0.99995004071772597     
   6.4299999999999073       0.99995909513223025     
   6.4399999999999071       0.99996650880931981     
   6.4499999999999069       0.99997257898311398     
   6.4599999999999067       0.99997754906802028     
   6.4699999999999065       0.99998161839492183     
   6.4799999999999063       0.99998495018897338     
   6.4899999999999061       0.99998767810561717     
   6.4999999999999059       0.99998991158473283     
   6.5099999999999056       0.99999174023619930     
   6.5199999999999054       0.99999323743179991     
   6.5299999999999052       0.99999446324690233     
   6.5399999999999050       0.99999546686949337     
   6.5499999999999048       0.99999628857292266     
   6.5599999999999046       0.99999696133131466     
   6.5699999999999044       0.99999751214233235     
   6.5799999999999041       0.99999796311028455     
   6.5899999999999039       0.99999833233297841     
   6.5999999999999037       0.99999863462786620     
   6.6099999999999035       0.99999888212659949     
   6.6199999999999033       0.99999908476183441     
   6.6299999999999031       0.99999925066580808     
   6.6399999999999029       0.99999938649667763     
   6.6499999999999027       0.99999949770571162     
   6.6599999999999024       0.99999958875605044     
   6.6699999999999022       0.99999966330181855     
   6.6799999999999020       0.99999972433476847     
   6.6899999999999018       0.99999977430434683     
   6.6999999999999016       0.99999981521599379     
   6.7099999999999014       0.99999984871162872     
   6.7199999999999012       0.99999987613554253     
   6.7299999999999010       0.99999989858834915     
   6.7399999999999007       0.99999991697115576     
   6.7499999999999005       0.99999993202172732     
   6.7599999999999003       0.99999994434409467     
   6.7699999999999001       0.99999995443279666     
   6.7799999999998999       0.99999996269272784     
   6.7899999999998997       0.99999996945538805     
   6.7999999999998995       0.99999997499218629     
   6.8099999999998992       0.99999997952533326     
   6.8199999999998990       0.99999998323676054     
   6.8299999999998988       0.99999998627542019     
   6.8399999999998986       0.99999998876326424     
   6.8499999999998984       0.99999999080013857     
   6.8599999999998982       0.99999999246779048     
   6.8699999999998980       0.99999999383314853     
   6.8799999999998978       0.99999999495100900     
   6.8899999999998975       0.99999999586623567     
   6.8999999999998973       0.99999999661556016     
   6.9099999999998971       0.99999999722905508     
   6.9199999999998969       0.99999999773134207     
   6.9299999999998967       0.99999999814257989     
   6.9399999999998965       0.99999999847927312     
   6.9499999999998963       0.99999999875493417     
   6.9599999999998960       0.99999999898062619     
   6.9699999999998958       0.99999999916540760     
   6.9799999999998956       0.99999999931669314     
   6.9899999999998954       0.99999999944055595     
   6.9999999999998952       0.99999999954196583     
   7.0099999999998950       0.99999999962499331     
   7.0199999999998948       0.99999999969297049     
   7.0299999999998946       0.99999999974862541     
   7.0399999999998943       0.99999999979419207     
   7.0499999999998941       0.99999999983149856     
   7.0599999999998939       0.99999999986204258     
   7.0699999999998937       0.99999999988705013     
   7.0799999999998935       0.99999999990752442     
   7.0899999999998933       0.99999999992428756     
   7.0999999999998931       0.99999999993801181     
   7.1099999999998929       0.99999999994924826     
   7.1199999999998926       0.99999999995844824     
   7.1299999999998924       0.99999999996597999     
   7.1399999999998922       0.99999999997214695     
   7.1499999999998920       0.99999999997719591     
   7.1599999999998918       0.99999999998132927     
   7.1699999999998916       0.99999999998471389     
   7.1799999999998914       0.99999999998748501     
   7.1899999999998911       0.99999999998975353     
   7.1999999999998909       0.99999999999161082     
   7.2099999999998907       0.99999999999313138     
   7.2199999999998905       0.99999999999437650     
   7.2299999999998903       0.99999999999539613     
   7.2399999999998901       0.99999999999623035     
   7.2499999999998899       0.99999999999691391     
   7.2599999999998897       0.99999999999747324     
   7.2699999999998894       0.99999999999793110     
   7.2799999999998892       0.99999999999830613     
   7.2899999999998890       0.99999999999861322     
   7.2999999999998888       0.99999999999886469     
   7.3099999999998886       0.99999999999907052     
   7.3199999999998884       0.99999999999923894     
   7.3299999999998882       0.99999999999937672     
   7.3399999999998879       0.99999999999948974     
   7.3499999999998877       0.99999999999958233     
   7.3599999999998875       0.99999999999965816     
   7.3699999999998873       0.99999999999972011     
   7.3799999999998871       0.99999999999977085     
   7.3899999999998869       0.99999999999981248     
   7.3999999999998867       0.99999999999984646     
   7.4099999999998865       0.99999999999987410     
   7.4199999999998862       0.99999999999989697     
   7.4299999999998860       0.99999999999991551     
   7.4399999999998858       0.99999999999993094     
   7.4499999999998856       0.99999999999994338     
   7.4599999999998854       0.99999999999995381     
   7.4699999999998852       0.99999999999996214     
   7.4799999999998850       0.99999999999996880     
   7.4899999999998847       0.99999999999997458     
   7.4999999999998845       0.99999999999997924     
   7.5099999999998843       0.99999999999998301     
   7.5199999999998841       0.99999999999998623     
   7.5299999999998839       0.99999999999998856     
   7.5399999999998837       0.99999999999999067     
   7.5499999999998835       0.99999999999999245     
   7.5599999999998833       0.99999999999999367     
   7.5699999999998830       0.99999999999999489     
   7.5799999999998828       0.99999999999999567     
   7.5899999999998826       0.99999999999999645     
   7.5999999999998824       0.99999999999999722     
   7.6099999999998822       0.99999999999999767     
   7.6199999999998820       0.99999999999999800     
   7.6299999999998818       0.99999999999999845     
   7.6399999999998816       0.99999999999999867     
   7.6499999999998813       0.99999999999999878     
   7.6599999999998811       0.99999999999999922     
   7.6699999999998809       0.99999999999999922     
   7.6799999999998807       0.99999999999999922     
   7.6899999999998805       0.99999999999999956     
   7.6999999999998803       0.99999999999999956     
   7.7099999999998801       0.99999999999999978     
   7.7199999999998798       0.99999999999999978     
   7.7299999999998796       0.99999999999999978     
   7.7399999999998794        1.0000000000000000     
   7.7499999999998792       0.99999999999999978     
   7.7599999999998790        1.0000000000000000     
   7.7699999999998788        1.0000000000000000     
   7.7799999999998786       0.99999999999999978     
   7.7899999999998784        1.0000000000000000     
   7.7999999999998781        1.0000000000000000     
   7.8099999999998779        1.0000000000000000     
   7.8199999999998777        1.0000000000000000     
   7.8299999999998775        1.0000000000000000     
   7.8399999999998773        1.0000000000000000     
   7.8499999999998771        1.0000000000000000     
   7.8599999999998769        1.0000000000000000     
   7.8699999999998766        1.0000000000000000     
   7.8799999999998764        1.0000000000000000     
   7.8899999999998762        1.0000000000000000     
   7.8999999999998760        1.0000000000000000     
   7.9099999999998758        1.0000000000000000     
   7.9199999999998756        1.0000000000000000     
   7.9299999999998754        1.0000000000000000     
   7.9399999999998752        1.0000000000000000     
   7.9499999999998749        1.0000000000000000     
   7.9599999999998747        1.0000000000000000     
   7.9699999999998745        1.0000000000000000     
   7.9799999999998743        1.0000000000000000     
   7.9899999999998741        1.0000000000000000     
   7.9999999999998739        1.0000000000000000     
   8.0099999999998737        1.0000000000000000     
   8.0199999999998735        1.0000000000000000     
   8.0299999999998732        1.0000000000000000     
   8.0399999999998730        1.0000000000000000     
   8.0499999999998728        1.0000000000000000     
   8.0599999999998726        1.0000000000000000     
   8.0699999999998724        1.0000000000000000     
   8.0799999999998722        1.0000000000000000     
   8.0899999999998720        1.0000000000000000     
   8.0999999999998717        1.0000000000000000     
   8.1099999999998715        1.0000000000000000     
   8.1199999999998713        1.0000000000000000     
   8.1299999999998711        1.0000000000000000     
   8.1399999999998709        1.0000000000000000     
   8.1499999999998707        1.0000000000000000     
   8.1599999999998705        1.0000000000000000     
   8.1699999999998703        1.0000000000000000     
   8.1799999999998700        1.0000000000000000     
   8.1899999999998698        1.0000000000000000     
   8.1999999999998696        1.0000000000000000     
   8.2099999999998694        1.0000000000000000     
   8.2199999999998692        1.0000000000000000     
   8.2299999999998690        1.0000000000000000     
   8.2399999999998688        1.0000000000000000     
   8.2499999999998685        1.0000000000000000     
   8.2599999999998683        1.0000000000000000     
   8.2699999999998681        1.0000000000000000     
   8.2799999999998679        1.0000000000000000     
   8.2899999999998677        1.0000000000000000     
   8.2999999999998675        1.0000000000000000     
   8.3099999999998673        1.0000000000000000     
   8.3199999999998671        1.0000000000000000     
   8.3299999999998668        1.0000000000000000     
   8.3399999999998666        1.0000000000000000     
   8.3499999999998664        1.0000000000000000     
   8.3599999999998662        1.0000000000000000     
   8.3699999999998660        1.0000000000000000     
   8.3799999999998658        1.0000000000000000     
   8.3899999999998656        1.0000000000000000     
   8.3999999999998654        1.0000000000000000     
   8.4099999999998651        1.0000000000000000     
   8.4199999999998649        1.0000000000000000     
   8.4299999999998647        1.0000000000000000     
   8.4399999999998645        1.0000000000000000     
   8.4499999999998643        1.0000000000000000     
   8.4599999999998641        1.0000000000000000     
   8.4699999999998639        1.0000000000000000     
   8.4799999999998636        1.0000000000000000     
   8.4899999999998634        1.0000000000000000     
   8.4999999999998632        1.0000000000000000     
   8.5099999999998630        1.0000000000000000     
   8.5199999999998628        1.0000000000000000     
   8.5299999999998626        1.0000000000000000     
   8.5399999999998624        1.0000000000000000     
   8.5499999999998622        1.0000000000000000     
   8.5599999999998619        1.0000000000000000     
   8.5699999999998617        1.0000000000000000     
   8.5799999999998615        1.0000000000000000     
   8.5899999999998613        1.0000000000000000     
   8.5999999999998611        1.0000000000000000     
   8.6099999999998609        1.0000000000000000     
   8.6199999999998607        1.0000000000000000     
   8.6299999999998604        1.0000000000000000     
   8.6399999999998602        1.0000000000000000     
   8.6499999999998600        1.0000000000000000     
   8.6599999999998598        1.0000000000000000     
   8.6699999999998596        1.0000000000000000     
   8.6799999999998594        1.0000000000000000     
   8.6899999999998592        1.0000000000000000     
   8.6999999999998590        1.0000000000000000     
   8.7099999999998587        1.0000000000000000     
   8.7199999999998585        1.0000000000000000     
   8.7299999999998583        1.0000000000000000     
   8.7399999999998581        1.0000000000000000     
   8.7499999999998579        1.0000000000000000     
   8.7599999999998577        1.0000000000000000     
   8.7699999999998575        1.0000000000000000     
   8.7799999999998573        1.0000000000000000     
   8.7899999999998570        1.0000000000000000     
   8.7999999999998568        1.0000000000000000     
   8.8099999999998566        1.0000000000000000     
   8.8199999999998564        1.0000000000000000     
   8.8299999999998562        1.0000000000000000     
   8.8399999999998560        1.0000000000000000     
   8.8499999999998558        1.0000000000000000     
   8.8599999999998555        1.0000000000000000     
   8.8699999999998553        1.0000000000000000     
   8.8799999999998551        1.0000000000000000     
   8.8899999999998549        1.0000000000000000     
   8.8999999999998547        1.0000000000000000     
   8.9099999999998545        1.0000000000000000     
   8.9199999999998543        1.0000000000000000     
   8.9299999999998541        1.0000000000000000     
   8.9399999999998538        1.0000000000000000     
   8.9499999999998536        1.0000000000000000     
   8.9599999999998534        1.0000000000000000     
   8.9699999999998532        1.0000000000000000     
   8.9799999999998530        1.0000000000000000     
   8.9899999999998528        1.0000000000000000     
   8.9999999999998526        1.0000000000000000     
   9.0099999999998523        1.0000000000000000     
   9.0199999999998521        1.0000000000000000     
   9.0299999999998519        1.0000000000000000     
   9.0399999999998517        1.0000000000000000     
   9.0499999999998515        1.0000000000000000     
   9.0599999999998513        1.0000000000000000     
   9.0699999999998511        1.0000000000000000     
   9.0799999999998509        1.0000000000000000     
   9.0899999999998506        1.0000000000000000     
   9.0999999999998504        1.0000000000000000     
   9.1099999999998502        1.0000000000000000     
   9.1199999999998500        1.0000000000000000     
   9.1299999999998498        1.0000000000000000     
   9.1399999999998496        1.0000000000000000     
   9.1499999999998494        1.0000000000000000     
   9.1599999999998492        1.0000000000000000     
   9.1699999999998489        1.0000000000000000     
   9.1799999999998487        1.0000000000000000     
   9.1899999999998485        1.0000000000000000     
   9.1999999999998483        1.0000000000000000     
   9.2099999999998481        1.0000000000000000     
   9.2199999999998479        1.0000000000000000     
   9.2299999999998477        1.0000000000000000     
   9.2399999999998474        1.0000000000000000     
   9.2499999999998472        1.0000000000000000     
   9.2599999999998470        1.0000000000000000     
   9.2699999999998468        1.0000000000000000     
   9.2799999999998466        1.0000000000000000     
   9.2899999999998464        1.0000000000000000     
   9.2999999999998462        1.0000000000000000     
   9.3099999999998460        1.0000000000000000     
   9.3199999999998457        1.0000000000000000     
   9.3299999999998455        1.0000000000000000     
   9.3399999999998453        1.0000000000000000     
   9.3499999999998451        1.0000000000000000     
   9.3599999999998449        1.0000000000000000     
   9.3699999999998447        1.0000000000000000     
   9.3799999999998445        1.0000000000000000     
   9.3899999999998442        1.0000000000000000     
   9.3999999999998440        1.0000000000000000     
   9.4099999999998438        1.0000000000000000     
   9.4199999999998436        1.0000000000000000     
   9.4299999999998434        1.0000000000000000     
   9.4399999999998432        1.0000000000000000     
   9.4499999999998430        1.0000000000000000     
   9.4599999999998428        1.0000000000000000     
   9.4699999999998425        1.0000000000000000     
   9.4799999999998423        1.0000000000000000     
   9.4899999999998421        1.0000000000000000     
   9.4999999999998419        1.0000000000000000     
   9.5099999999998417        1.0000000000000000     
   9.5199999999998415        1.0000000000000000     
   9.5299999999998413        1.0000000000000000     
   9.5399999999998411        1.0000000000000000     
   9.5499999999998408        1.0000000000000000     
   9.5599999999998406        1.0000000000000000     
   9.5699999999998404        1.0000000000000000     
   9.5799999999998402        1.0000000000000000     
   9.5899999999998400        1.0000000000000000     
   9.5999999999998398        1.0000000000000000     
   9.6099999999998396        1.0000000000000000     
   9.6199999999998393        1.0000000000000000     
   9.6299999999998391        1.0000000000000000     
   9.6399999999998389        1.0000000000000000     
   9.6499999999998387        1.0000000000000000     
   9.6599999999998385        1.0000000000000000     
   9.6699999999998383        1.0000000000000000     
   9.6799999999998381        1.0000000000000000     
   9.6899999999998379        1.0000000000000000     
   9.6999999999998376        1.0000000000000000     
   9.7099999999998374        1.0000000000000000     
   9.7199999999998372        1.0000000000000000     
   9.7299999999998370        1.0000000000000000     
   9.7399999999998368        1.0000000000000000     
   9.7499999999998366        1.0000000000000000     
   9.7599999999998364        1.0000000000000000     
   9.7699999999998361        1.0000000000000000     
   9.7799999999998359        1.0000000000000000     
   9.7899999999998357        1.0000000000000000     
   9.7999999999998355        1.0000000000000000     
   9.8099999999998353        1.0000000000000000     
   9.8199999999998351        1.0000000000000000     
   9.8299999999998349        1.0000000000000000     
   9.8399999999998347        1.0000000000000000     
   9.8499999999998344        1.0000000000000000     
   9.8599999999998342        1.0000000000000000     
   9.8699999999998340        1.0000000000000000     
   9.8799999999998338        1.0000000000000000     
   9.8899999999998336        1.0000000000000000     
   9.8999999999998334        1.0000000000000000     
   9.9099999999998332        1.0000000000000000     
   9.9199999999998330        1.0000000000000000     
   9.9299999999998327        1.0000000000000000     
   9.9399999999998325        1.0000000000000000     
   9.9499999999998323        1.0000000000000000     
   9.9599999999998321        1.0000000000000000     
   9.9699999999998319        1.0000000000000000     
   9.9799999999998317        1.0000000000000000     
   9.9899999999998315        1.0000000000000000     
   9.9999999999998312        1.0000000000000000     
