   0.0000000000000000       -1.5442152336388705E-018
   1.0000000000000000E-002   5.5549707167341653E-003
   2.0000000000000000E-002   1.1082342369848411E-002
   2.9999999999999999E-002   1.6555064067400607E-002
   4.0000000000000001E-002   2.1947158356366972E-002
   5.0000000000000003E-002   2.7234202310738621E-002
   6.0000000000000005E-002   3.2393746249956896E-002
   7.0000000000000007E-002   3.7405656111781045E-002
   8.0000000000000002E-002   4.2252370423233515E-002
   8.9999999999999997E-002   4.6919067970418664E-002
   9.9999999999999992E-002   5.1393747213928802E-002
  0.10999999999999999        5.5667222852376713E-002
  0.11999999999999998        5.9733048428815105E-002
  0.12999999999999998        6.3587376351086522E-002
  0.13999999999999999        6.7228768123763785E-002
  0.14999999999999999        7.0657968033606550E-002
  0.16000000000000000        7.3877653134165111E-002
  0.17000000000000001        7.6892171324436071E-002
  0.18000000000000002        7.9707277813287097E-002
  0.19000000000000003        8.2329878500222692E-002
  0.20000000000000004        8.4767786954024607E-002
  0.21000000000000005        8.7029499870304880E-002
  0.22000000000000006        8.9123994235963649E-002
  0.23000000000000007        9.1060547986347898E-002
  0.24000000000000007        9.2848584741203735E-002
  0.25000000000000006        9.4497542255500722E-002
  0.26000000000000006        9.6016763509089012E-002
  0.27000000000000007        9.7415408861536837E-002
  0.28000000000000008        9.8702387385085424E-002
  0.29000000000000009        9.9886305326482044E-002
  0.30000000000000010       0.10097542960547563     
  0.31000000000000011       0.10197766430411917     
  0.32000000000000012       0.10290053821081230     
  0.33000000000000013       0.10375120163452144     
  0.34000000000000014       0.10453643088013574     
  0.35000000000000014       0.10526263896205851     
  0.36000000000000015       0.10593589131957669     
  0.37000000000000016       0.10656192547717129     
  0.38000000000000017       0.10714617376101897     
  0.39000000000000018       0.10769378833636480     
  0.40000000000000019       0.10820966796793625     
  0.41000000000000020       0.10869848602642031     
  0.42000000000000021       0.10916471936874743     
  0.43000000000000022       0.10961267780886064     
  0.44000000000000022       0.11004653397011580     
  0.45000000000000023       0.11047035337109548     
  0.46000000000000024       0.11088812464489300     
  0.47000000000000025       0.11130378982827531     
  0.48000000000000026       0.11172127468278882     
  0.49000000000000027       0.11214451902504106     
  0.50000000000000022       0.11257750704873550     
  0.51000000000000023       0.11302429761640211     
  0.52000000000000024       0.11348905448429421     
  0.53000000000000025       0.11397607639908253     
  0.54000000000000026       0.11448982696935651     
  0.55000000000000027       0.11503496416757665     
  0.56000000000000028       0.11561636925841502     
  0.57000000000000028       0.11623917487597232     
  0.58000000000000029       0.11690879188445659     
  0.59000000000000030       0.11763093455342369     
  0.60000000000000031       0.11841164345890082     
  0.61000000000000032       0.11925730538550601     
  0.62000000000000033       0.12017466935226155     
  0.63000000000000034       0.12117085771773589     
  0.64000000000000035       0.12225337114123302     
  0.65000000000000036       0.12343008599048282     
  0.66000000000000036       0.12470924259994066     
  0.67000000000000037       0.12609942260699708     
  0.68000000000000038       0.12760951343967650     
  0.69000000000000039       0.12924865791590251     
  0.70000000000000040       0.13102618686265510     
  0.71000000000000041       0.13295153269895132     
  0.72000000000000042       0.13503412207905516     
  0.73000000000000043       0.13728324599380748     
  0.74000000000000044       0.13970790621119342     
  0.75000000000000044       0.14231663763303237     
  0.76000000000000045       0.14511730707705428     
  0.77000000000000046       0.14811689017520704     
  0.78000000000000047       0.15132122950461638     
  0.79000000000000048       0.15473477870705318     
  0.80000000000000049       0.15836033914555964     
  0.81000000000000050       0.16219879749647129     
  0.82000000000000051       0.16624887444779690     
  0.83000000000000052       0.17050689620292692     
  0.84000000000000052       0.17496660157859320     
  0.85000000000000053       0.17961899793590516     
  0.86000000000000054       0.18445227880481732     
  0.87000000000000055       0.18945181470968994     
  0.88000000000000056       0.19460022630293705     
  0.89000000000000057       0.19987754549091308     
  0.90000000000000058       0.20526146593465466     
  0.91000000000000059       0.21072767939297543     
  0.92000000000000060       0.21625028921891343     
  0.93000000000000060       0.22180228736804730     
  0.94000000000000061       0.22735607699666532     
  0.95000000000000062       0.23288401954978846     
  0.96000000000000063       0.23835898349664733     
  0.97000000000000064       0.24375487175167418     
  0.98000000000000065       0.24904710633517402     
  0.99000000000000066       0.25421305181645715     
   1.0000000000000007       0.25923236322856130     
   1.0100000000000007       0.26408724902771269     
   1.0200000000000007       0.26876264482595674     
   1.0300000000000007       0.27324629859980504     
   1.0400000000000007       0.27752877248631097     
   1.0500000000000007       0.28160336983825301     
   1.0600000000000007       0.28546599876168238     
   1.0700000000000007       0.28911498485932074     
   1.0800000000000007       0.29255084641383933     
   1.0900000000000007       0.29577604490255699     
   1.1000000000000008       0.29879472272421126     
   1.1100000000000008       0.30161243854033809     
   1.1200000000000008       0.30423590888428903     
   1.1300000000000008       0.30667276284246991     
   1.1400000000000008       0.30893131480351932     
   1.1500000000000008       0.31102035860411892     
   1.1600000000000008       0.31294898493997508     
   1.1700000000000008       0.31472642269197437     
   1.1800000000000008       0.31636190384801899     
   1.1900000000000008       0.31786455097141297     
   1.2000000000000008       0.31924328565278892     
   1.2100000000000009       0.32050675605546181     
   1.2200000000000009       0.32166328149030970     
   1.2300000000000009       0.32272081190387575     
   1.2400000000000009       0.32368690020229907     
   1.2500000000000009       0.32456868543753159     
   1.2600000000000009       0.32537288502930495     
   1.2700000000000009       0.32610579436838066     
   1.2800000000000009       0.32677329233005170     
   1.2900000000000009       0.32738085141135409     
   1.3000000000000009       0.32793355138344721     
   1.3100000000000009       0.32843609551762770     
   1.3200000000000010       0.32889282859600993     
   1.3300000000000010       0.32930775605507490     
   1.3400000000000010       0.32968456373099458     
   1.3500000000000010       0.33002663778112973     
   1.3600000000000010       0.33033708444623905     
   1.3700000000000010       0.33061874939474944     
   1.3800000000000010       0.33087423645464553     
   1.3900000000000010       0.33110592559208690     
   1.4000000000000010       0.33131599003944806     
   1.4100000000000010       0.33150641251114255     
   1.4200000000000010       0.33167900047398224     
   1.4300000000000010       0.33183540046121118     
   1.4400000000000011       0.33197711143689351     
   1.4500000000000011       0.33210549723049554     
   1.4600000000000011       0.33222179807138369     
   1.4700000000000011       0.33232714126003954     
   1.4800000000000011       0.33242255101747487     
   1.4900000000000011       0.33250895755738574     
   1.5000000000000011       0.33258720542712061     
   1.5100000000000011       0.33265806116394703     
   1.5200000000000011       0.33272222031273446     
   1.5300000000000011       0.33278031385005769     
   1.5400000000000011       0.33283291405830751     
   1.5500000000000012       0.33288053989141264     
   1.5600000000000012       0.33292366187184796     
   1.5700000000000012       0.33296270655632443     
   1.5800000000000012       0.33299806060531290     
   1.5900000000000012       0.33303007448932836     
   1.6000000000000012       0.33305906586260009     
   1.6100000000000012       0.33308532263265300     
   1.6200000000000012       0.33310910575215869     
   1.6300000000000012       0.33313065175748047     
   1.6400000000000012       0.33315017507643180     
   1.6500000000000012       0.33316787012592441     
   1.6600000000000013       0.33318391321866381     
   1.6700000000000013       0.33319846429636396     
   1.6800000000000013       0.33321166850558709     
   1.6900000000000013       0.33322365763101103     
   1.7000000000000013       0.33323455139968333     
   1.7100000000000013       0.33324445866872870     
   1.7200000000000013       0.33325347850797482     
   1.7300000000000013       0.33326170118807086     
   1.7400000000000013       0.33326920908384250     
   1.7500000000000013       0.33327607750193494     
   1.7600000000000013       0.33328237544113143     
   1.7700000000000014       0.33328816629325725     
   1.7800000000000014       0.33329350849206563     
   1.7900000000000014       0.33329845611721010     
   1.8000000000000014       0.33330305946009847     
   1.8100000000000014       0.33330736555827373     
   1.8200000000000014       0.33331141870493697     
   1.8300000000000014       0.33331526094025110     
   1.8400000000000014       0.33331893253125960     
   1.8500000000000014       0.33332247244763780     
   1.8600000000000014       0.33332591884088353     
   1.8700000000000014       0.33332930953539869     
   1.8800000000000014       0.33333268254069492     
   1.8900000000000015       0.33333607659525100     
   1.9000000000000015       0.33333953175397169     
   1.9100000000000015       0.33334309003319434     
   1.9200000000000015       0.33334679612940588     
   1.9300000000000015       0.33335069823089530     
   1.9400000000000015       0.33335484894497014     
   1.9500000000000015       0.33335930636791733     
   1.9600000000000015       0.33336413533010395     
   1.9700000000000015       0.33336940885528954     
   1.9800000000000015       0.33337520988115288     
   1.9900000000000015       0.33338163329781950     
   2.0000000000000013       0.33338878837313990     
   2.0100000000000011       0.33339680164784380     
   2.0200000000000009       0.33340582040155664     
   2.0300000000000007       0.33341601681199529     
   2.0400000000000005       0.33342759295602886     
   2.0500000000000003       0.33344078683305395     
   2.0600000000000001       0.33345587963003176     
   2.0699999999999998       0.33347320449461526     
   2.0799999999999996       0.33349315714024019     
   2.0899999999999994       0.33351620867662385     
   2.0999999999999992       0.33354292114371020     
   2.1099999999999990       0.33357396632962788     
   2.1199999999999988       0.33361014857735055     
   2.1299999999999986       0.33365243243503478     
   2.1399999999999983       0.33370197618627784     
   2.1499999999999981       0.33376017251506129     
   2.1599999999999979       0.33382869782260305     
   2.1699999999999977       0.33390957202775978     
   2.1799999999999975       0.33400523105729446     
   2.1899999999999973       0.33411861467709186     
   2.1999999999999971       0.33425327283898715     
   2.2099999999999969       0.33441349432978229     
   2.2199999999999966       0.33460446221531426     
   2.2299999999999964       0.33483244137598728     
   2.2399999999999962       0.33510500432530188     
   2.2499999999999960       0.33543130247097919     
   2.2599999999999958       0.33582239097959277     
   2.2699999999999956       0.33629161636710381     
   2.2799999999999954       0.33685507673683623     
   2.2899999999999952       0.33753216502702521     
   2.2999999999999949       0.33834620540999866     
   2.3099999999999947       0.33932519165418812     
   2.3199999999999945       0.34050263316571450     
   2.3299999999999943       0.34191850865151108     
   2.3399999999999941       0.34362031764443457     
   2.3499999999999939       0.34566420487993471     
   2.3599999999999937       0.34811610971609108     
   2.3699999999999934       0.35105286019174708     
   2.3799999999999932       0.35456308674679221     
   2.3899999999999930       0.35874777269212077     
   2.3999999999999928       0.36372018786221305     
   2.4099999999999926       0.36960487319803559     
   2.4199999999999924       0.37653526880130606     
   2.4299999999999922       0.38464952784100809     
   2.4399999999999920       0.39408406778108585     
   2.4499999999999917       0.40496452517847570     
   2.4599999999999915       0.41739405244670791     
   2.4699999999999913       0.43143936364387614     
   2.4799999999999911       0.44711559784223709     
   2.4899999999999909       0.46437183898696460     
   2.4999999999999907       0.48307981918704823     
   2.5099999999999905       0.50302865301465316     
   2.5199999999999902       0.52392810572713566     
   2.5299999999999900       0.54542172436698932     
   2.5399999999999898       0.56710928138864070     
   2.5499999999999896       0.58857586425046948     
   2.5599999999999894       0.60942327700876897     
   2.5699999999999892       0.62929881325938664     
   2.5799999999999890       0.64791714853111027     
   2.5899999999999888       0.66507281840923871     
   2.5999999999999885       0.68064286927181861     
   2.6099999999999883       0.69458111240043285     
   2.6199999999999881       0.70690653183574836     
   2.6299999999999879       0.71768869000587343     
   2.6399999999999877       0.72703262077946451     
   2.6499999999999875       0.73506499818914828     
   2.6599999999999873       0.74192260122130838     
   2.6699999999999871       0.74774344470809517     
   2.6799999999999868       0.75266049112817901     
   2.6899999999999866       0.75679759776554167     
   2.6999999999999864       0.76026724741884300     
   2.7099999999999862       0.76316960695884140     
   2.7199999999999860       0.76559251073678503     
   2.7299999999999858       0.76761204181597154     
   2.7399999999999856       0.76929346241888252     
   2.7499999999999853       0.77069231488954293     
   2.7599999999999851       0.77185557151959894     
   2.7699999999999849       0.77282275531572375     
   2.7799999999999847       0.77362698567037158     
   2.7899999999999845       0.77429592513309786     
   2.7999999999999843       0.77485261830950103     
   2.8099999999999841       0.77531622331321892     
   2.8199999999999839       0.77570264176115211     
   2.8299999999999836       0.77602505625604534     
   2.8399999999999834       0.77629438554109687     
   2.8499999999999832       0.77651966767603631     
   2.8599999999999830       0.77670838111218310     
   2.8699999999999828       0.77686671272903796     
   2.8799999999999826       0.77699978092785793     
   2.8899999999999824       0.77711182087664732     
   2.8999999999999821       0.77720633803681083     
   2.9099999999999819       0.77728623521218831     
   2.9199999999999817       0.77735391756397887     
   2.9299999999999815       0.77741137933502291     
   2.9399999999999813       0.77746027542114049     
   2.9499999999999811       0.77750198040890450     
   2.9599999999999809       0.77753763725956226     
   2.9699999999999807       0.77756819744813954     
   2.9799999999999804       0.77759445405614469     
   2.9899999999999802       0.77761706905687267     
   2.9999999999999800       0.77763659581641154     
   3.0099999999999798       0.77765349765437963     
   3.0199999999999796       0.77766816315997978     
   3.0299999999999794       0.77768091883636847     
   3.0399999999999792       0.77769203954502641     
   3.0499999999999790       0.77770175713831324     
   3.0599999999999787       0.77771026759962458     
   3.0699999999999785       0.77771773695384894     
   3.0799999999999783       0.77772430616428334     
   3.0899999999999781       0.77773009519375857     
   3.0999999999999779       0.77773520637623295     
   3.1099999999999777       0.77773972721918738     
   3.1199999999999775       0.77774373273585229     
   3.1299999999999772       0.77774728738874732     
   3.1399999999999770       0.77775044671174409     
   3.1499999999999768       0.77775325866583944     
   3.1599999999999766       0.77775576477430430     
   3.1699999999999764       0.77775800107473814     
   3.1799999999999762       0.77775999891906100     
   3.1899999999999760       0.77776178564701925     
   3.1999999999999758       0.77776338515438126     
   3.2099999999999755       0.77776481837329470     
   3.2199999999999753       0.77776610367926735     
   3.2299999999999751       0.77776725723681484     
   3.2399999999999749       0.77776829329362429     
   3.2499999999999747       0.77776922443158569     
   3.2599999999999745       0.77777006178148556     
   3.2699999999999743       0.77777081520707858     
   3.2799999999999740       0.77777149346333951     
   3.2899999999999738       0.77777210433280075     
   3.2999999999999736       0.77777265474333501     
   3.3099999999999734       0.77777315087016741     
   3.3199999999999732       0.77777359822441550     
   3.3299999999999730       0.77777400173015676     
   3.3399999999999728       0.77777436579162507     
   3.3499999999999726       0.77777469435197244     
   3.3599999999999723       0.77777499094476488     
   3.3699999999999721       0.77777525873916464     
   3.3799999999999719       0.77777550057972766     
   3.3899999999999717       0.77777571902145548     
   3.3999999999999715       0.77777591636077215     
   3.4099999999999713       0.77777609466293240     
   3.4199999999999711       0.77777625578630538     
   3.4299999999999708       0.77777640140393478     
   3.4399999999999706       0.77777653302272709     
   3.4499999999999704       0.77777665200050139     
   3.4599999999999702       0.77777675956121561     
   3.4699999999999700       0.77777685680854747     
   3.4799999999999698       0.77777694473802605     
   3.4899999999999696       0.77777702424789530     
   3.4999999999999694       0.77777709614882795     
   3.5099999999999691       0.77777716117264217     
   3.5199999999999689       0.77777721998011573     
   3.5299999999999687       0.77777727316799505     
   3.5399999999999685       0.77777732127530719     
   3.5499999999999683       0.77777736478900827     
   3.5599999999999681       0.77777740414909236     
   3.5699999999999679       0.77777743975316560     
   3.5799999999999677       0.77777747196057578     
   3.5899999999999674       0.77777750109613009     
   3.5999999999999672       0.77777752745344708     
   3.6099999999999670       0.77777755129796822     
   3.6199999999999668       0.77777757286969595     
   3.6299999999999666       0.77777759238562960     
   3.6399999999999664       0.77777761004200086     
   3.6499999999999662       0.77777762601626366     
   3.6599999999999659       0.77777764046890019     
   3.6699999999999657       0.77777765354505524     
   3.6799999999999655       0.77777766537600579     
   3.6899999999999653       0.77777767608049686     
   3.6999999999999651       0.77777768576593165     
   3.7099999999999649       0.77777769452947310     
   3.7199999999999647       0.77777770245900879     
   3.7299999999999645       0.77777770963405191     
   3.7399999999999642       0.77777771612653690     
   3.7499999999999640       0.77777772200153961     
   3.7599999999999638       0.77777772731794603     
   3.7699999999999636       0.77777773212902623     
   3.7799999999999634       0.77777773648299020     
   3.7899999999999632       0.77777774042346082     
   3.7999999999999630       0.77777774398990762     
   3.8099999999999627       0.77777774721805748     
   3.8199999999999625       0.77777775014024375     
   3.8299999999999623       0.77777775278573058     
   3.8399999999999621       0.77777775518101755     
   3.8499999999999619       0.77777775735008503     
   3.8599999999999617       0.77777775931465454     
   3.8699999999999615       0.77777776109439967     
   3.8799999999999613       0.77777776270713583     
   3.8899999999999610       0.77777776416901345     
   3.8999999999999608       0.77777776549466726     
   3.9099999999999606       0.77777776669736942     
   3.9199999999999604       0.77777776778915941     
   3.9299999999999602       0.77777776878096816     
   3.9399999999999600       0.77777776968272316     
   3.9499999999999598       0.77777777050345132     
   3.9599999999999596       0.77777777125136971     
   3.9699999999999593       0.77777777193396336     
   3.9799999999999591       0.77777777255806679     
   3.9899999999999589       0.77777777312992502     
   3.9999999999999587       0.77777777365526246     
   4.0099999999999589       0.77777777413933924     
   4.0199999999999587       0.77777777458699771     
   4.0299999999999585       0.77777777500272116     
   4.0399999999999583       0.77777777539066895     
   4.0499999999999581       0.77777777575472451     
   4.0599999999999579       0.77777777609853205     
   4.0699999999999577       0.77777777642553281     
   4.0799999999999574       0.77777777673899839     
   4.0899999999999572       0.77777777704206763     
   4.0999999999999570       0.77777777733777276     
   4.1099999999999568       0.77777777762907407     
   4.1199999999999566       0.77777777791888703     
   4.1299999999999564       0.77777777821011151     
   4.1399999999999562       0.77777777850566343     
   4.1499999999999559       0.77777777880850052     
   4.1599999999999557       0.77777777912165158     
   4.1699999999999555       0.77777777944825410     
   4.1799999999999553       0.77777777979157503     
   4.1899999999999551       0.77777778015505006     
   4.1999999999999549       0.77777778054231717     
   4.2099999999999547       0.77777778095725369     
   4.2199999999999545       0.77777778140400999     
   4.2299999999999542       0.77777778188706082     
   4.2399999999999540       0.77777778241123796     
   4.2499999999999538       0.77777778298178757     
   4.2599999999999536       0.77777778360442096     
   4.2699999999999534       0.77777778428536914     
   4.2799999999999532       0.77777778503144812     
   4.2899999999999530       0.77777778585012447     
   4.2999999999999527       0.77777778674959042     
   4.3099999999999525       0.77777778773885065     
   4.3199999999999523       0.77777778882780335     
   4.3299999999999521       0.77777779002734870     
   4.3399999999999519       0.77777779134949265     
   4.3499999999999517       0.77777779280746528     
   4.3599999999999515       0.77777779441586181     
   4.3699999999999513       0.77777779619077725     
   4.3799999999999510       0.77777779814997616     
   4.3899999999999508       0.77777780031306565     
   4.3999999999999506       0.77777780270169694     
   4.4099999999999504       0.77777780533977481     
   4.4199999999999502       0.77777780825370313     
   4.4299999999999500       0.77777781147264324     
   4.4399999999999498       0.77777781502881327     
   4.4499999999999496       0.77777781895780529     
   4.4599999999999493       0.77777782329893907     
   4.4699999999999491       0.77777782809566365     
   4.4799999999999489       0.77777783339598627     
   4.4899999999999487       0.77777783925295496     
   4.4999999999999485       0.77777784572518660     
   4.5099999999999483       0.77777785287745838     
   4.5199999999999481       0.77777786078135280     
   4.5299999999999478       0.77777786951597383     
   4.5399999999999476       0.77777787916873919     
   4.5499999999999474       0.77777788983625928     
   4.5599999999999472       0.77777790162529570     
   4.5699999999999470       0.77777791465383928     
   4.5799999999999468       0.77777792905228016     
   4.5899999999999466       0.77777794496472463     
   4.5999999999999464       0.77777796255042919     
   4.6099999999999461       0.77777798198539438     
   4.6199999999999459       0.77777800346413384     
   4.6299999999999457       0.77777802720160982     
   4.6399999999999455       0.77777805343539530     
   4.6499999999999453       0.77777808242804580     
   4.6599999999999451       0.77777811446972522     
   4.6699999999999449       0.77777814988111571     
   4.6799999999999446       0.77777818901662210     
   4.6899999999999444       0.77777823226792320     
   4.6999999999999442       0.77777828006788507     
   4.7099999999999440       0.77777833289490195     
   4.7199999999999438       0.77777839127767567     
   4.7299999999999436       0.77777845580051042     
   4.7399999999999434       0.77777852710916395     
   4.7499999999999432       0.77777860591730108     
   4.7599999999999429       0.77777869301364411     
   4.7699999999999427       0.77777878926986110     
   4.7799999999999425       0.77777889564929248     
   4.7899999999999423       0.77777901321658860     
   4.7999999999999421       0.77777914314836349     
   4.8099999999999419       0.77777928674497410     
   4.8199999999999417       0.77777944544352706     
   4.8299999999999415       0.77777962083226315     
   4.8399999999999412       0.77777981466644663     
   4.8499999999999410       0.77778002888593389     
   4.8599999999999408       0.77778026563458169     
   4.8699999999999406       0.77778052728169778     
   4.8799999999999404       0.77778081644574792     
   4.8899999999999402       0.77778113602055698     
   4.8999999999999400       0.77778148920425894     
   4.9099999999999397       0.77778187953129807     
   4.9199999999999395       0.77778231090778394     
   4.9299999999999393       0.77778278765057318     
   4.9399999999999391       0.77778331453045080     
   4.9499999999999389       0.77778389681985438     
   4.9599999999999387       0.77778454034561173     
   4.9699999999999385       0.77778525154722156     
   4.9799999999999383       0.77778603754125575     
   4.9899999999999380       0.77778690619253110     
   4.9999999999999378       0.77778786619275442     
   5.0099999999999376       0.77778892714742798     
   5.0199999999999374       0.77779009967188850     
   5.0299999999999372       0.77779139549742626     
   5.0399999999999370       0.77779282758854140     
   5.0499999999999368       0.77779441027251683     
   5.0599999999999365       0.77779615938259061     
   5.0699999999999363       0.77779809241614151     
   5.0799999999999361       0.77780022870947929     
   5.0899999999999359       0.77780258963096216     
   5.0999999999999357       0.77780519879436116     
   5.1099999999999355       0.77780808229458775     
   5.1199999999999353       0.77781126896811914     
   5.1299999999999351       0.77781479068069992     
   5.1399999999999348       0.77781868264515885     
   5.1499999999999346       0.77782298377248238     
   5.1599999999999344       0.77782773705959785     
   5.1699999999999342       0.77783299001769313     
   5.1799999999999340       0.77783879514526255     
   5.1899999999999338       0.77784521045053079     
   5.1999999999999336       0.77785230002835004     
   5.2099999999999334       0.77786013469721249     
   5.2199999999999331       0.77786879270255649     
   5.2299999999999329       0.77787836049320402     
   5.2399999999999327       0.77788893357841649     
   5.2499999999999325       0.77790061747384209     
   5.2599999999999323       0.77791352874540720     
   5.2699999999999321       0.77792779616111285     
   5.2799999999999319       0.77794356196169590     
   5.2899999999999316       0.77796098326212348     
   5.2999999999999314       0.77798023359707735     
   5.3099999999999312       0.77800150462483353     
   5.3199999999999310       0.77802500800525753     
   5.3299999999999308       0.77805097746913665     
   5.3399999999999306       0.77807967109760290     
   5.3499999999999304       0.77811137383207729     
   5.3599999999999302       0.77814640023699799     
   5.3699999999999299       0.77818509753941900     
   5.3799999999999297       0.77822784897163677     
   5.3899999999999295       0.77827507744507674     
   5.3999999999999293       0.77832724958583988     
   5.4099999999999291       0.77838488016456242     
   5.4199999999999289       0.77844853695552940     
   5.4299999999999287       0.77851884606222077     
   5.4399999999999284       0.77859649774870154     
   5.4499999999999282       0.77868225281832470     
   5.4599999999999280       0.77877694958311672     
   5.4699999999999278       0.77888151146873286     
   5.4799999999999276       0.77899695530098989     
   5.4899999999999274       0.77912440032042540     
   5.4999999999999272       0.77926507797099154     
   5.5099999999999270       0.77942034250750603     
   5.5199999999999267       0.77959168246364463     
   5.5299999999999265       0.77978073301759887     
   5.5399999999999263       0.77998928928570166     
   5.5499999999999261       0.78021932056466436     
   5.5599999999999259       0.78047298553010569     
   5.5699999999999257       0.78075264838194647     
   5.5799999999999255       0.78106089590516714     
   5.5899999999999253       0.78140055538649023     
   5.5999999999999250       0.78177471329254433     
   5.6099999999999248       0.78218673457193932     
   5.6199999999999246       0.78264028239103389     
   5.6299999999999244       0.78313933804967240     
   5.6399999999999242       0.78368822074741962     
   5.6499999999999240       0.78429160678149801     
   5.6599999999999238       0.78495454765350092     
   5.6699999999999235       0.78568248644216943     
   5.6799999999999233       0.78648127166366011     
   5.6899999999999231       0.78735716768910391     
   5.6999999999999229       0.78831686062334649     
   5.7099999999999227       0.78936745837129108     
   5.7199999999999225       0.79051648343406500     
   5.7299999999999223       0.79177185679343143     
   5.7399999999999221       0.79314187106948364     
   5.7499999999999218       0.79463515098737725     
   5.7599999999999216       0.79626059908114533     
   5.7699999999999214       0.79802732451821401     
   5.7799999999999212       0.79994455297316225     
   5.7899999999999210       0.80202151564315216     
   5.7999999999999208       0.80426731581252930     
   5.8099999999999206       0.80669077187327909     
   5.8199999999999203       0.80930023642150195     
   5.8299999999999201       0.81210339200146942     
   5.8399999999999199       0.81510702526969703     
   5.8499999999999197       0.81831678279479081     
   5.8599999999999195       0.82173691336288168     
   5.8699999999999193       0.82537000345993727     
   5.8799999999999191       0.82921671445202894     
   5.8899999999999189       0.83327553174664359     
   5.8999999999999186       0.83754253772195808     
   5.9099999999999184       0.84201122126233741     
   5.9199999999999182       0.84667233713523693     
   5.9299999999999180       0.85151382800081821     
   5.9399999999999178       0.85652082041949795     
   5.9499999999999176       0.86167570374675417     
   5.9599999999999174       0.86695829731254315     
   5.9699999999999172       0.87234610692724901     
   5.9799999999999169       0.87781466681035480     
   5.9899999999999167       0.88333795788106595     
   5.9999999999999165       0.88888888843079683     
   6.0099999999999163       0.89443981898281910     
   6.0199999999999161       0.89996311006034446     
   6.0299999999999159       0.90543166995465407     
   6.0399999999999157       0.91081947958474296     
   6.0499999999999154       0.91610207316979719     
   6.0599999999999152       0.92125695651984962     
   6.0699999999999150       0.92626394896444431     
   6.0799999999999148       0.93110543985861893     
   6.0899999999999146       0.93576655576233903     
   6.0999999999999144       0.94023523933529163     
   6.1099999999999142       0.94450224534447336     
   6.1199999999999140       0.94856106267381235     
   6.1299999999999137       0.95240777370107088     
   6.1399999999999135       0.95604086383336040     
   6.1499999999999133       0.95946099443640742     
   6.1599999999999131       0.96267075199588326     
   6.1699999999999129       0.96567438529767513     
   6.1799999999999127       0.96847754091017235     
   6.1899999999999125       0.97108700548972338     
   6.1999999999999122       0.97351046158047516     
   6.2099999999999120       0.97575626177843278     
   6.2199999999999118       0.97783322447552246     
   6.2299999999999116       0.97975045295605334     
   6.2399999999999114       0.98151717841717834     
   6.2499999999999112       0.98314262653349005     
   6.2599999999999110       0.98463590647243870     
   6.2699999999999108       0.98600592076809823     
   6.2799999999999105       0.98726129414567743     
   6.2899999999999103       0.98841031922532574     
   6.2999999999999101       0.98946091698887129     
   6.3099999999999099       0.99042060993750802     
   6.3199999999999097       0.99129650597620733     
   6.3299999999999095       0.99209529120988671     
   6.3399999999999093       0.99282323000974460     
   6.3499999999999091       0.99348617089200608     
   6.3599999999999088       0.99408955693547918     
   6.3699999999999086       0.99463843964181919     
   6.3799999999999084       0.99513749530830964     
   6.3899999999999082       0.99559104313457114     
   6.3999999999999080       0.99600306442050390     
   6.4099999999999078       0.99637722233251635     
   6.4199999999999076       0.99671688181926799     
   6.4299999999999073       0.99702512934742826     
   6.4399999999999071       0.99730479220376245     
   6.4499999999999069       0.99755845717328995     
   6.4599999999999067       0.99778848845596768     
   6.4699999999999065       0.99799704472744410     
   6.4799999999999063       0.99818609528446245     
   6.4899999999999061       0.99835743524338183     
   6.4999999999999059       0.99851269978242163     
   6.5099999999999056       0.99865337743527804     
   6.5199999999999054       0.99878082245679123     
   6.5299999999999052       0.99889626629093142     
   6.5399999999999050       0.99900082817825542     
   6.5499999999999048       0.99909552494459541     
   6.5599999999999046       0.99918128001562090     
   6.5699999999999044       0.99925893170337388     
   6.5799999999999041       0.99932924081121732     
   6.5899999999999039       0.99939289760322814     
   6.5999999999999037       0.99945052818289526     
   6.6099999999999035       0.99950270032451327     
   6.6199999999999033       0.99954992879873061     
   6.6299999999999031       0.99959268023164882     
   6.6399999999999029       0.99963137753470432     
   6.6499999999999027       0.99966640394020034     
   6.6599999999999024       0.99969810667519610     
   6.6699999999999022       0.99972680030413252     
   6.6799999999999020       0.99975276976843885     
   6.6899999999999018       0.99977627314924944     
   6.6999999999999016       0.99979754417735422     
   6.7099999999999014       0.99981679451262451     
   6.7199999999999012       0.99983421581333731     
   6.7299999999999010       0.99984998161417871     
   6.7399999999999007       0.99986424903011839     
   6.7499999999999005       0.99987716030189333     
   6.7599999999999003       0.99988884419751145     
   6.7699999999999001       0.99989941728289566     
   6.7799999999998999       0.99990898507369763     
   6.7899999999998997       0.99991764307918218     
   6.7999999999998995       0.99992547774817142     
   6.8099999999998992       0.99993256732610369     
   6.8199999999998990       0.99993898263147407     
   6.8299999999998988       0.99994478775913642     
   6.8399999999998986       0.99995004071731386     
   6.8499999999998984       0.99995479400450415     
   6.8599999999998982       0.99995909513189274     
   6.8699999999998980       0.99996298709641129     
   6.8799999999998978       0.99996650880904392     
   6.8899999999998975       0.99996969548262171     
   6.8999999999998973       0.99997257898288749     
   6.9099999999998971       0.99997518814632158     
   6.9199999999998969       0.99997754906783554     
   6.9299999999998967       0.99997968536119886     
   6.9399999999998965       0.99998161839477029     
   6.9499999999998963       0.99998336750486039     
   6.9599999999998960       0.99998495018884881     
   6.9699999999998958       0.99998638227997283     
   6.9799999999998956       0.99998767810551514     
   6.9899999999998954       0.99998885062997844     
   6.9999999999998952       0.99998991158465023     
   7.0099999999998950       0.99999087158486666     
   7.0199999999998948       0.99999174023613135     
   7.0299999999998946       0.99999252623015211     
   7.0399999999998943       0.99999323743174451     
   7.0499999999998941       0.99999388095747954     
   7.0599999999998939       0.99999446324685692     
   7.0699999999998937       0.99999499012670312     
   7.0799999999998935       0.99999546686945651     
   7.0899999999998933       0.99999589824590096     
   7.0999999999998931       0.99999628857289258     
   7.1099999999998929       0.99999664175654124     
   7.1199999999998926       0.99999696133128935     
   7.1299999999998924       0.99999725049527122     
   7.1399999999998922       0.99999751214231181     
   7.1499999999998920       0.99999774889087456     
   7.1599999999998918       0.99999796311026734     
   7.1699999999998916       0.99999815694434580     
   7.1799999999998914       0.99999833233296442     
   7.1899999999998911       0.99999849103138794     
   7.1999999999998909       0.99999863462785499     
   7.2099999999998907       0.99999876455947090     
   7.2199999999998905       0.99999888212659016     
   7.2299999999998903       0.99999898850582625     
   7.2399999999998901       0.99999908476182653     
   7.2499999999998899       0.99999917185792930     
   7.2599999999998897       0.99999925066580198     
   7.2699999999998894       0.99999932197416186     
   7.2799999999998892       0.99999938649667186     
   7.2899999999998890       0.99999944487908743     
   7.2999999999998888       0.99999949770570717     
   7.3099999999998886       0.99999954550523162     
   7.3199999999998884       0.99999958875604711     
   7.3299999999998882       0.99999962789101771     
   7.3399999999998879       0.99999966330181556     
   7.3499999999998877       0.99999969534284006     
   7.3599999999998875       0.99999972433476580     
   7.3699999999998873       0.99999975056775248     
   7.3799999999998871       0.99999977430434528     
   7.3899999999998869       0.99999979578210563     
   7.3999999999998867       0.99999981521599224     
   7.4099999999998865       0.99999983280050209     
   7.4199999999998862       0.99999984871162817     
   7.4299999999998860       0.99999986310861055     
   7.4399999999998858       0.99999987613554220     
   7.4499999999998856       0.99999988792279693     
   7.4599999999998854       0.99999989858834881     
   7.4699999999998852       0.99999990823893847     
   7.4799999999998850       0.99999991697115531     
   7.4899999999998847       0.99999992487239220     
   7.4999999999998845       0.99999993202172632     
   7.5099999999998843       0.99999993849071245     
   7.5199999999998841       0.99999994434409445     
   7.5299999999998839       0.99999994964045280     
   7.5399999999998837       0.99999995443279643     
   7.5499999999998835       0.99999995876908843     
   7.5599999999998833       0.99999996269272684     
   7.5699999999998830       0.99999996624298348     
   7.5799999999998828       0.99999996945538805     
   7.5899999999998826       0.99999997236209182     
   7.5999999999998824       0.99999997499218607     
   7.6099999999998822       0.99999997737199386     
   7.6199999999998820       0.99999997952533315     
   7.6299999999998818       0.99999998147375513     
   7.6399999999998816       0.99999998323676054     
   7.6499999999998813       0.99999998483199348     
   7.6599999999998811       0.99999998627541997     
   7.6699999999998809       0.99999998758148556     
   7.6799999999998807       0.99999998876326424     
   7.6899999999998805       0.99999998983258087     
   7.6999999999998803       0.99999999080013857     
   7.7099999999998801       0.99999999167562137     
   7.7199999999998798       0.99999999246779048     
   7.7299999999998796       0.99999999318457489     
   7.7399999999998794       0.99999999383314853     
   7.7499999999998792       0.99999999442000187     
   7.7599999999998790       0.99999999495100900     
   7.7699999999998788       0.99999999543148399     
   7.7799999999998786       0.99999999586623567     
   7.7899999999998784       0.99999999625961555     
   7.7999999999998781       0.99999999661556016     
   7.8099999999998779       0.99999999693763231     
   7.8199999999998777       0.99999999722905508     
   7.8299999999998775       0.99999999749274515     
   7.8399999999998773       0.99999999773134207     
   7.8499999999998771       0.99999999794723338     
   7.8599999999998769       0.99999999814257989     
   7.8699999999998766       0.99999999831933706     
   7.8799999999998764       0.99999999847927312     
   7.8899999999998762       0.99999999862398936     
   7.8999999999998760       0.99999999875493417     
   7.9099999999998758       0.99999999887341795     
   7.9199999999998756       0.99999999898062619     
   7.9299999999998754       0.99999999907763260     
   7.9399999999998752       0.99999999916540760     
   7.9499999999998749       0.99999999924482930     
   7.9599999999998747       0.99999999931669314     
   7.9699999999998745       0.99999999938171846     
   7.9799999999998743       0.99999999944055595     
   7.9899999999998741       0.99999999949379392     
   7.9999999999998739       0.99999999954196583     
   8.0099999999998737       0.99999999958555363     
   8.0199999999998735       0.99999999962499331     
   8.0299999999998732       0.99999999966067987     
   8.0399999999998730       0.99999999969297049     
   8.0499999999998728       0.99999999972218800     
   8.0599999999998726       0.99999999974862541     
   8.0699999999998724       0.99999999977254694     
   8.0799999999998722       0.99999999979419207     
   8.0899999999998720       0.99999999981377696     
   8.0999999999998717       0.99999999983149856     
   8.1099999999998715       0.99999999984753374     
   8.1199999999998713       0.99999999986204258     
   8.1299999999998711       0.99999999987517108     
   8.1399999999998709       0.99999999988705013     
   8.1499999999998707       0.99999999989779886     
   8.1599999999998705       0.99999999990752442     
   8.1699999999998703       0.99999999991632471     
   8.1799999999998700       0.99999999992428756     
   8.1899999999998698       0.99999999993149258     
   8.1999999999998696       0.99999999993801181     
   8.2099999999998694       0.99999999994391098     
   8.2199999999998692       0.99999999994924826     
   8.2299999999998690       0.99999999995407807     
   8.2399999999998688       0.99999999995844824     
   8.2499999999998685       0.99999999996240241     
   8.2599999999998683       0.99999999996597999     
   8.2699999999998681       0.99999999996921751     
   8.2799999999998679       0.99999999997214695     
   8.2899999999998677       0.99999999997479749     
   8.2999999999998675       0.99999999997719591     
   8.3099999999998673       0.99999999997936584     
   8.3199999999998671       0.99999999998132927     
   8.3299999999998668       0.99999999998310629     
   8.3399999999998666       0.99999999998471389     
   8.3499999999998664       0.99999999998616851     
   8.3599999999998662       0.99999999998748501     
   8.3699999999998660       0.99999999998867595     
   8.3799999999998658       0.99999999998975353     
   8.3899999999998656       0.99999999999072864     
   8.3999999999998654       0.99999999999161082     
   8.4099999999998651       0.99999999999240907     
   8.4199999999998649       0.99999999999313138     
   8.4299999999998647       0.99999999999378508     
   8.4399999999998645       0.99999999999437650     
   8.4499999999998643       0.99999999999491174     
   8.4599999999998641       0.99999999999539613     
   8.4699999999998639       0.99999999999583389     
   8.4799999999998636       0.99999999999623035     
   8.4899999999998634       0.99999999999658895     
   8.4999999999998632       0.99999999999691391     
   8.5099999999998630       0.99999999999720757     
   8.5199999999998628       0.99999999999747324     
   8.5299999999998626       0.99999999999771361     
   8.5399999999998624       0.99999999999793110     
   8.5499999999998622       0.99999999999812816     
   8.5599999999998619       0.99999999999830613     
   8.5699999999998617       0.99999999999846756     
   8.5799999999998615       0.99999999999861322     
   8.5899999999998613       0.99999999999874534     
   8.5999999999998611       0.99999999999886469     
   8.6099999999998609       0.99999999999897249     
   8.6199999999998607       0.99999999999907052     
   8.6299999999998604       0.99999999999915878     
   8.6399999999998602       0.99999999999923894     
   8.6499999999998600       0.99999999999931122     
   8.6599999999998598       0.99999999999937672     
   8.6699999999998596       0.99999999999943634     
   8.6799999999998594       0.99999999999948974     
   8.6899999999998592       0.99999999999953859     
   8.6999999999998590       0.99999999999958233     
   8.7099999999998587       0.99999999999962219     
   8.7199999999998585       0.99999999999965816     
   8.7299999999998583       0.99999999999969047     
   8.7399999999998581       0.99999999999972011     
   8.7499999999998579       0.99999999999974654     
   8.7599999999998577       0.99999999999977085     
   8.7699999999998575       0.99999999999979272     
   8.7799999999998573       0.99999999999981248     
   8.7899999999998570       0.99999999999983025     
   8.7999999999998568       0.99999999999984646     
   8.8099999999998566       0.99999999999986089     
   8.8199999999998564       0.99999999999987410     
   8.8299999999998562       0.99999999999988631     
   8.8399999999998560       0.99999999999989697     
   8.8499999999998558       0.99999999999990685     
   8.8599999999998555       0.99999999999991551     
   8.8699999999998553       0.99999999999992384     
   8.8799999999998551       0.99999999999993094     
   8.8899999999998549       0.99999999999993761     
   8.8999999999998547       0.99999999999994338     
   8.9099999999998545       0.99999999999994871     
   8.9199999999998543       0.99999999999995381     
   8.9299999999998541       0.99999999999995814     
   8.9399999999998538       0.99999999999996214     
   8.9499999999998536       0.99999999999996569     
   8.9599999999998534       0.99999999999996880     
   8.9699999999998532       0.99999999999997202     
   8.9799999999998530       0.99999999999997458     
   8.9899999999998528       0.99999999999997713     
   8.9999999999998526       0.99999999999997924     
   9.0099999999998523       0.99999999999998124     
   9.0199999999998521       0.99999999999998301     
   9.0299999999998519       0.99999999999998457     
   9.0399999999998517       0.99999999999998623     
   9.0499999999998515       0.99999999999998734     
   9.0599999999998513       0.99999999999998856     
   9.0699999999998511       0.99999999999998979     
   9.0799999999998509       0.99999999999999067     
   9.0899999999998506       0.99999999999999167     
   9.0999999999998504       0.99999999999999245     
   9.1099999999998502       0.99999999999999312     
   9.1199999999998500       0.99999999999999367     
   9.1299999999998498       0.99999999999999423     
   9.1399999999998496       0.99999999999999489     
   9.1499999999998494       0.99999999999999523     
   9.1599999999998492       0.99999999999999567     
   9.1699999999998489       0.99999999999999600     
   9.1799999999998487       0.99999999999999645     
   9.1899999999998485       0.99999999999999689     
   9.1999999999998483       0.99999999999999722     
   9.2099999999998481       0.99999999999999722     
   9.2199999999998479       0.99999999999999767     
   9.2299999999998477       0.99999999999999800     
   9.2399999999998474       0.99999999999999800     
   9.2499999999998472       0.99999999999999822     
   9.2599999999998470       0.99999999999999845     
   9.2699999999998468       0.99999999999999867     
   9.2799999999998466       0.99999999999999867     
   9.2899999999998464       0.99999999999999878     
   9.2999999999998462       0.99999999999999878     
   9.3099999999998460       0.99999999999999922     
   9.3199999999998457       0.99999999999999922     
   9.3299999999998455       0.99999999999999922     
   9.3399999999998453       0.99999999999999922     
   9.3499999999998451       0.99999999999999922     
   9.3599999999998449       0.99999999999999922     
   9.3699999999998447       0.99999999999999956     
   9.3799999999998445       0.99999999999999956     
   9.3899999999998442       0.99999999999999944     
   9.3999999999998440       0.99999999999999956     
   9.4099999999998438       0.99999999999999956     
   9.4199999999998436       0.99999999999999978     
   9.4299999999998434       0.99999999999999956     
   9.4399999999998432       0.99999999999999978     
   9.4499999999998430       0.99999999999999956     
   9.4599999999998428       0.99999999999999978     
   9.4699999999998425       0.99999999999999956     
   9.4799999999998423        1.0000000000000000     
   9.4899999999998421        1.0000000000000000     
   9.4999999999998419       0.99999999999999978     
   9.5099999999998417       0.99999999999999978     
   9.5199999999998415        1.0000000000000000     
   9.5299999999998413        1.0000000000000000     
   9.5399999999998411        1.0000000000000000     
   9.5499999999998408        1.0000000000000000     
   9.5599999999998406       0.99999999999999978     
   9.5699999999998404        1.0000000000000000     
   9.5799999999998402        1.0000000000000000     
   9.5899999999998400        1.0000000000000000     
   9.5999999999998398        1.0000000000000000     
   9.6099999999998396        1.0000000000000000     
   9.6199999999998393        1.0000000000000000     
   9.6299999999998391        1.0000000000000000     
   9.6399999999998389        1.0000000000000000     
   9.6499999999998387        1.0000000000000000     
   9.6599999999998385        1.0000000000000000     
   9.6699999999998383       0.99999999999999978     
   9.6799999999998381        1.0000000000000000     
   9.6899999999998379        1.0000000000000000     
   9.6999999999998376        1.0000000000000000     
   9.7099999999998374        1.0000000000000000     
   9.7199999999998372        1.0000000000000000     
   9.7299999999998370        1.0000000000000000     
   9.7399999999998368        1.0000000000000000     
   9.7499999999998366        1.0000000000000000     
   9.7599999999998364        1.0000000000000000     
   9.7699999999998361        1.0000000000000000     
   9.7799999999998359        1.0000000000000000     
   9.7899999999998357        1.0000000000000000     
   9.7999999999998355        1.0000000000000000     
   9.8099999999998353        1.0000000000000000     
   9.8199999999998351        1.0000000000000000     
   9.8299999999998349        1.0000000000000000     
   9.8399999999998347        1.0000000000000000     
   9.8499999999998344        1.0000000000000000     
   9.8599999999998342        1.0000000000000000     
   9.8699999999998340        1.0000000000000000     
   9.8799999999998338        1.0000000000000000     
   9.8899999999998336        1.0000000000000000     
   9.8999999999998334        1.0000000000000000     
   9.9099999999998332        1.0000000000000000     
   9.9199999999998330        1.0000000000000000     
   9.9299999999998327        1.0000000000000000     
   9.9399999999998325        1.0000000000000000     
   9.9499999999998323        1.0000000000000000     
   9.9599999999998321        1.0000000000000000     
   9.9699999999998319        1.0000000000000000     
   9.9799999999998317        1.0000000000000000     
   9.9899999999998315        1.0000000000000000     
   9.9999999999998312        1.0000000000000000     
