   0.0000000000000000        5.1884726837521410E-018
   1.0000000000000000E-002   3.7767186808730663E-003
   2.0000000000000000E-002   7.5455508955056001E-003
   2.9999999999999999E-002   1.1298684239169965E-002
   4.0000000000000001E-002   1.5028453071281346E-002
   5.0000000000000003E-002   1.8727408543968281E-002
   6.0000000000000005E-002   2.2388384726673025E-002
   7.0000000000000007E-002   2.6004559719610992E-002
   8.0000000000000002E-002   2.9569510803270187E-002
   8.9999999999999997E-002   3.3077262850012015E-002
   9.9999999999999992E-002   3.6522329419178740E-002
  0.10999999999999999        3.9899746160633368E-002
  0.11999999999999998        4.3205096355063269E-002
  0.12999999999999998        4.6434528615056127E-002
  0.13999999999999999        4.9584766952108880E-002
  0.14999999999999999        5.2653113575998986E-002
  0.16000000000000000        5.5637444930059593E-002
  0.17000000000000001        5.8536201576370545E-002
  0.18000000000000002        6.1348372627439501E-002
  0.19000000000000003        6.4073475475706382E-002
  0.20000000000000004        6.6711531600499627E-002
  0.21000000000000005        6.9263039236037133E-002
  0.22000000000000006        7.1728943666610950E-002
  0.23000000000000007        7.4110605879558880E-002
  0.24000000000000007        7.6409770256572723E-002
  0.25000000000000006        7.8628531922803321E-002
  0.26000000000000006        8.0769304304688247E-002
  0.27000000000000007        8.2834787374415061E-002
  0.28000000000000008        8.4827936984308142E-002
  0.29000000000000009        8.6751935620580672E-002
  0.30000000000000010        8.8610164834609068E-002
  0.31000000000000011        9.0406179542793508E-002
  0.32000000000000012        9.2143684324070260E-002
  0.33000000000000013        9.3826511788030323E-002
  0.34000000000000014        9.5458603036615755E-002
  0.35000000000000014        9.7043990198687993E-002
  0.36000000000000015        9.8586780979129804E-002
  0.37000000000000016       0.10009114513231435     
  0.38000000000000017       0.10156130274324776     
  0.39000000000000018       0.10300151417795601     
  0.40000000000000019       0.10441607154726329     
  0.41000000000000020       0.10580929151419174     
  0.42000000000000021       0.10718550926459447     
  0.43000000000000022       0.10854907345241881     
  0.44000000000000022       0.10990434192503949     
  0.45000000000000023       0.11125567802974648     
  0.46000000000000024       0.11260744729961553     
  0.47000000000000025       0.11396401431515171     
  0.48000000000000026       0.11532973953736035     
  0.49000000000000027       0.11670897590797041     
  0.50000000000000022       0.11810606501351908     
  0.51000000000000023       0.11952533261214390     
  0.52000000000000024       0.12097108332497832     
  0.53000000000000025       0.12244759429891114     
  0.54000000000000026       0.12395910765380158     
  0.55000000000000027       0.12550982153611148     
  0.56000000000000028       0.12710387961225175     
  0.57000000000000028       0.12874535884963489     
  0.58000000000000029       0.13043825545198159     
  0.59000000000000030       0.13218646883821425     
  0.60000000000000031       0.13399378358209640     
  0.61000000000000032       0.13586384926308712     
  0.62000000000000033       0.13780015821789551     
  0.63000000000000034       0.13980602122757435     
  0.64000000000000035       0.14188454122647987     
  0.65000000000000036       0.14403858517702608     
  0.66000000000000036       0.14627075431756850     
  0.67000000000000037       0.14858335305897094     
  0.68000000000000038       0.15097835687742681     
  0.69000000000000039       0.15345737962537215     
  0.70000000000000040       0.15602164075674091     
  0.71000000000000041       0.15867193303482305     
  0.72000000000000042       0.16140859135802665     
  0.73000000000000043       0.16423146339728051     
  0.74000000000000044       0.16713988278549452     
  0.75000000000000044       0.17013264563072672     
  0.76000000000000045       0.17320799113682805     
  0.77000000000000046       0.17636358710545730     
  0.78000000000000047       0.17959652105835708     
  0.79000000000000048       0.18290329765691862     
  0.80000000000000049       0.18627984300630140     
  0.81000000000000050       0.18972151631382106     
  0.82000000000000051       0.19322312922767498     
  0.83000000000000052       0.19677897301517816     
  0.84000000000000052       0.20038285355417709     
  0.85000000000000053       0.20402813391289781     
  0.86000000000000054       0.20770778408918530     
  0.87000000000000055       0.21141443727781722     
  0.88000000000000056       0.21514045184251837     
  0.89000000000000057       0.21887797799590733     
  0.90000000000000058       0.22261902804359091     
  0.91000000000000059       0.22635554893488941     
  0.92000000000000060       0.23007949578761838     
  0.93000000000000060       0.23378290502162924     
  0.94000000000000061       0.23745796574695788     
  0.95000000000000062       0.24109708810700084     
  0.96000000000000063       0.24469296737232449     
  0.97000000000000064       0.24823864271213361     
  0.98000000000000065       0.25172754973164529     
  0.99000000000000066       0.25515356604750306     
   1.0000000000000007       0.25851104937149766     
   1.0100000000000007       0.26179486777716093     
   1.0200000000000007       0.26500042202586965     
   1.0300000000000007       0.26812366002174648     
   1.0400000000000007       0.27116108364115393     
   1.0500000000000007       0.27410974833820106     
   1.0600000000000007       0.27696725605820643     
   1.0700000000000007       0.27973174209467094     
   1.0800000000000007       0.28240185660101352     
   1.0900000000000007       0.28497674151630520     
   1.1000000000000008       0.28745600368658009     
   1.1100000000000008       0.28983968496189971     
   1.1200000000000008       0.29212823002746324     
   1.1300000000000008       0.29432245268821383     
   1.1400000000000008       0.29642350127384653     
   1.1500000000000008       0.29843282376890723     
   1.1600000000000008       0.30035213320362464     
   1.1700000000000008       0.30218337376881832     
   1.1800000000000008       0.30392868804501377     
   1.1900000000000008       0.30559038566426794     
   1.2000000000000008       0.30717091365464949     
   1.2100000000000009       0.30867282865387174     
   1.2200000000000009       0.31009877112023548     
   1.2300000000000009       0.31145144161746552     
   1.2400000000000009       0.31273357920469036     
   1.2500000000000009       0.31394794192419678     
   1.2600000000000009       0.31509728934733916     
   1.2700000000000009       0.31618436711288667     
   1.2800000000000009       0.31721189337140254     
   1.2900000000000009       0.31818254703389781     
   1.3000000000000009       0.31909895771196845     
   1.3100000000000009       0.31996369722956736     
   1.3200000000000010       0.32077927258295108     
   1.3300000000000010       0.32154812022435020     
   1.3400000000000010       0.32227260154647203     
   1.3500000000000010       0.32295499944807710     
   1.3600000000000010       0.32359751586566721     
   1.3700000000000010       0.32420227016193176     
   1.3800000000000010       0.32477129826827450     
   1.3900000000000010       0.32530655248546514     
   1.4000000000000010       0.32580990185390368     
   1.4100000000000010       0.32628313301210932     
   1.4200000000000010       0.32672795146934663     
   1.4300000000000010       0.32714598322531574     
   1.4400000000000011       0.32753877667652842     
   1.4500000000000011       0.32790780475550241     
   1.4600000000000011       0.32825446725488233     
   1.4700000000000011       0.32858009329423454     
   1.4800000000000011       0.32888594389251846     
   1.4900000000000011       0.32917321461398202     
   1.5000000000000011       0.32944303825966714     
   1.5100000000000011       0.32969648758069281     
   1.5200000000000011       0.32993457799302539     
   1.5300000000000011       0.33015827027680145     
   1.5400000000000011       0.33036847324609636     
   1.5500000000000012       0.33056604637762860     
   1.5600000000000012       0.33075180238931728     
   1.5700000000000012       0.33092650976141730     
   1.5800000000000012       0.33109089519510465     
   1.5900000000000012       0.33124564600465800     
   1.6000000000000012       0.33139141244098452     
   1.6100000000000012       0.33152880994544476     
   1.6200000000000012       0.33165842133398565     
   1.6300000000000012       0.33178079891259132     
   1.6400000000000012       0.33189646652586052     
   1.6500000000000012       0.33200592154140912     
   1.6600000000000013       0.33210963677332317     
   1.6700000000000013       0.33220806234864808     
   1.6800000000000013       0.33230162752135350     
   1.6900000000000013       0.33239074243895911     
   1.7000000000000013       0.33247579986726511     
   1.7100000000000013       0.33255717687944020     
   1.7200000000000013       0.33263523651601640     
   1.7300000000000013       0.33271032942307427     
   1.7400000000000013       0.33278279547635697     
   1.7500000000000013       0.33285296539978038     
   1.7600000000000013       0.33292116238742148     
   1.7700000000000014       0.33298770373889935     
   1.7800000000000014       0.33305290251892716     
   1.7900000000000014       0.33311706925267248     
   1.8000000000000014       0.33318051366982726     
   1.8100000000000014       0.33324354651134885     
   1.8200000000000014       0.33330648141442265     
   1.8300000000000014       0.33336963689256160     
   1.8400000000000014       0.33343333842983192     
   1.8500000000000014       0.33349792071001039     
   1.8600000000000014       0.33356373000397993     
   1.8700000000000014       0.33363112674123629     
   1.8800000000000014       0.33370048829440985     
   1.8900000000000015       0.33377221200909185     
   1.9000000000000015       0.33384671851513653     
   1.9100000000000015       0.33392445535990434     
   1.9200000000000015       0.33400590100885974     
   1.9300000000000015       0.33409156926448058     
   1.9400000000000015       0.33418201416056875     
   1.9500000000000015       0.33427783539619271     
   1.9600000000000015       0.33437968438112931     
   1.9700000000000015       0.33448827097365119     
   1.9800000000000015       0.33460437100105817     
   1.9900000000000015       0.33472883466446340     
   2.0000000000000013       0.33486259594117906     
   2.0100000000000011       0.33500668311155651     
   2.0200000000000009       0.33516223055170513     
   2.0300000000000007       0.33533049194960290     
   2.0400000000000005       0.33551285511950507     
   2.0500000000000003       0.33571085860850913     
   2.0600000000000001       0.33592621030917130     
   2.0699999999999998       0.33616080831340556     
   2.0799999999999996       0.33641676426520589     
   2.0899999999999994       0.33669642949225714     
   2.0999999999999992       0.33700242421926474     
   2.1099999999999990       0.33733767018744681     
   2.1199999999999988       0.33770542702425915     
   2.1299999999999986       0.33810933272352339     
   2.1399999999999983       0.33855344860639702     
   2.1499999999999981       0.33904230913589922     
   2.1599999999999979       0.33958097694785327     
   2.1699999999999977       0.34017510343546714     
   2.1799999999999975       0.34083099517719961     
   2.1899999999999973       0.34155568642150747     
   2.1999999999999971       0.34235701772872279     
   2.2099999999999969       0.34324372070963027     
   2.2199999999999966       0.34422550857938600     
   2.2299999999999964       0.34531317195019506     
   2.2399999999999962       0.34651867889919458     
   2.2499999999999960       0.34785527785073656     
   2.2599999999999958       0.34933760118436707     
   2.2699999999999956       0.35098176669990039     
   2.2799999999999954       0.35280547311974897     
   2.2899999999999952       0.35482808466985122     
   2.2999999999999949       0.35707069844578143     
   2.3099999999999947       0.35955618674448386     
   2.3199999999999945       0.36230920484956625     
   2.3299999999999943       0.36535615295279805     
   2.3399999999999941       0.36872507907099178     
   2.3499999999999939       0.37244550812200672     
   2.3599999999999937       0.37654818096723558     
   2.3699999999999934       0.38106468649592373     
   2.3799999999999932       0.38602697008285031     
   2.3899999999999930       0.39146670343013290     
   2.3999999999999928       0.39741450439022186     
   2.4099999999999926       0.40389900134334078     
   2.4199999999999924       0.41094574547601526     
   2.4299999999999922       0.41857598609772767     
   2.4399999999999920       0.42680533883667438     
   2.4499999999999917       0.43564239359633949     
   2.4599999999999915       0.44508732734941225     
   2.4699999999999913       0.45513060433423369     
   2.4799999999999911       0.46575186050727674     
   2.4899999999999909       0.47691907727085436     
   2.4999999999999907       0.48858814859025629     
   2.5099999999999905       0.50070293323722792     
   2.5199999999999902       0.51319585885991181     
   2.5299999999999900       0.52598910751789041     
   2.5399999999999898       0.53899636605197099     
   2.5499999999999896       0.55212507411303902     
   2.5599999999999894       0.56527905430686398     
   2.5699999999999892       0.57836136962749196     
   2.5799999999999890       0.59127722917286407     
   2.5899999999999888       0.60393675792544166     
   2.5999999999999885       0.61625746098503809     
   2.6099999999999883       0.62816624469969318     
   2.6199999999999881       0.63960090161522010     
   2.6299999999999879       0.65051101643875653     
   2.6399999999999877       0.66085829943937890     
   2.6499999999999875       0.67061639605879841     
   2.6599999999999873       0.67977025301765037     
   2.6699999999999871       0.68831514012813999     
   2.6799999999999868       0.69625543366529730     
   2.6899999999999866       0.70360326335893097     
   2.6999999999999864       0.71037711359105105     
   2.7099999999999862       0.71660045321613908     
   2.7199999999999860       0.72230045031965451     
   2.7299999999999858       0.72750681039859322     
   2.7399999999999856       0.73225076041919002     
   2.7499999999999853       0.73656418785969391     
   2.7599999999999851       0.74047893351191119     
   2.7699999999999849       0.74402622942405860     
   2.7799999999999847       0.74723626859416414     
   2.7899999999999845       0.75013789041259105     
   2.7999999999999843       0.75275836491292902     
   2.8099999999999841       0.75512325915832479     
   2.8199999999999839       0.75725637016184089     
   2.8299999999999836       0.75917971028930442     
   2.8399999999999834       0.76091353287179864     
   2.8499999999999832       0.76247638758466418     
   2.8599999999999830       0.76388519690993750     
   2.8699999999999828       0.76515534661675921     
   2.8799999999999826       0.76630078463032392     
   2.8899999999999824       0.76733412390042477     
   2.8999999999999821       0.76826674592792488     
   2.9099999999999819       0.76910890247440644     
   2.9199999999999817       0.76986981368457008     
   2.9299999999999815       0.77055776141369270     
   2.9399999999999813       0.77118017699446750     
   2.9499999999999811       0.77174372301804250     
   2.9599999999999809       0.77225436896205113     
   2.9699999999999807       0.77271746068848168     
   2.9799999999999804       0.77313778397098176     
   2.9899999999999802       0.77351962230540550     
   2.9999999999999800       0.77386680931879692     
   3.0099999999999798       0.77418277612836672     
   3.0199999999999796       0.77447059401936669     
   3.0299999999999794       0.77473301281437090     
   3.0399999999999792       0.77497249529987122     
   3.0499999999999790       0.77519124806282258     
   3.0599999999999787       0.77539124907167978     
   3.0699999999999785       0.77557427231560783     
   3.0799999999999783       0.77574190979344793     
   3.0899999999999781       0.77589559112102779     
   3.0999999999999779       0.77603660100298200     
   3.1099999999999777       0.77616609479335974     
   3.1199999999999775       0.77628511234844322     
   3.1299999999999772       0.77639459035564962     
   3.1399999999999770       0.77649537330420260     
   3.1499999999999768       0.77658822324632726     
   3.1599999999999766       0.77667382848239197     
   3.1699999999999764       0.77675281128929907     
   3.1799999999999762       0.77682573479866468     
   3.1899999999999760       0.77689310911978104     
   3.1999999999999758       0.77695539679201731     
   3.2099999999999755       0.77701301764179298     
   3.2199999999999753       0.77706635311111083     
   3.2299999999999751       0.77711575011699696     
   3.2399999999999749       0.77716152449454867     
   3.2499999999999747       0.77720396407035219     
   3.2599999999999745       0.77724333140769042     
   3.2699999999999743       0.77727986626032342     
   3.2799999999999740       0.77731378776733129     
   3.2899999999999738       0.77734529641790084     
   3.2999999999999736       0.77737457581157077     
   3.3099999999999734       0.77740179423655520     
   3.3199999999999732       0.77742710608622967     
   3.3299999999999730       0.77745065313149175     
   3.3399999999999728       0.77747256566472145     
   3.3499999999999726       0.77749296352933395     
   3.3599999999999723       0.77751195704724296     
   3.3699999999999721       0.77752964785518897     
   3.3799999999999719       0.77754612965968450     
   3.3899999999999717       0.77756148891917320     
   3.3999999999999715       0.77757580546107785     
   3.4099999999999713       0.77758915304052822     
   3.4199999999999711       0.77760159984682664     
   3.4299999999999708       0.77761320896300978     
   3.4399999999999706       0.77762403878329367     
   3.4499999999999704       0.77763414339269232     
   3.4599999999999702       0.77764357291253239     
   3.4699999999999700       0.77765237381533425     
   3.4799999999999698       0.77766058921199566     
   3.4899999999999696       0.77766825911405280     
   3.4999999999999694       0.77767542067332451     
   3.5099999999999691       0.77768210840123642     
   3.5199999999999689       0.77768835436959571     
   3.5299999999999687       0.77769418839468907     
   3.5399999999999685       0.77769963820614008     
   3.5499999999999683       0.77770472960199721     
   3.5599999999999681       0.77770948659127292     
   3.5699999999999679       0.77771393152505131     
   3.5799999999999677       0.77771808521718977     
   3.5899999999999674       0.77772196705554508     
   3.5999999999999672       0.77772559510450867     
   3.6099999999999670       0.77772898619964670     
   3.6199999999999668       0.77773215603506374     
   3.6299999999999666       0.77773511924416183     
   3.6399999999999664       0.77773788947429212     
   3.6499999999999662       0.77774047945583624     
   3.6599999999999659       0.77774290106615918     
   3.6699999999999657       0.77774516538885841     
   3.6799999999999655       0.77774728276868421     
   3.6899999999999653       0.77774926286244184     
   3.6999999999999651       0.77775111468627722     
   3.7099999999999649       0.77775284665951505     
   3.7199999999999647       0.77775446664541237     
   3.7299999999999645       0.77775598198901152     
   3.7399999999999642       0.77775739955233147     
   3.7499999999999640       0.77775872574709670     
   3.7599999999999638       0.77775996656517998     
   3.7699999999999636       0.77776112760694238     
   3.7799999999999634       0.77776221410762558     
   3.7899999999999632       0.77776323096192512     
   3.7999999999999630       0.77776418274689785     
   3.8099999999999627       0.77776507374329751     
   3.8199999999999625       0.77776590795548528     
   3.8299999999999623       0.77776668913000990     
   3.8399999999999621       0.77776742077291172     
   3.8499999999999619       0.77776810616590963     
   3.8599999999999617       0.77776874838150067     
   3.8699999999999615       0.77776935029706940     
   3.8799999999999613       0.77776991460807321     
   3.8899999999999610       0.77777044384036353     
   3.8999999999999608       0.77777094036173011     
   3.9099999999999606       0.77777140639267628     
   3.9199999999999604       0.77777184401653532     
   3.9299999999999602       0.77777225518892512     
   3.9399999999999600       0.77777264174661598     
   3.9499999999999598       0.77777300541586591     
   3.9599999999999596       0.77777334782021623     
   3.9699999999999593       0.77777367048784141     
   3.9799999999999591       0.77777397485842525     
   3.9899999999999589       0.77777426228968627     
   3.9999999999999587       0.77777453406345631     
   4.0099999999999589       0.77777479139147510     
   4.0199999999999587       0.77777503542082860     
   4.0299999999999585       0.77777526723910173     
   4.0399999999999583       0.77777548787926365     
   4.0499999999999581       0.77777569832429672     
   4.0599999999999579       0.77777589951160675     
   4.0699999999999577       0.77777609233722267     
   4.0799999999999574       0.77777627765979862     
   4.0899999999999572       0.77777645630446757     
   4.0999999999999570       0.77777662906652334     
   4.1099999999999568       0.77777679671497890     
   4.1199999999999566       0.77777695999598961     
   4.1299999999999564       0.77777711963620799     
   4.1399999999999562       0.77777727634600202     
   4.1499999999999559       0.77777743082263817     
   4.1599999999999557       0.77777758375338968     
   4.1699999999999555       0.77777773581859466     
   4.1799999999999553       0.77777788769469558     
   4.1899999999999551       0.77777804005724049     
   4.1999999999999549       0.77777819358391009     
   4.2099999999999547       0.77777834895751941     
   4.2199999999999545       0.77777850686906269     
   4.2299999999999542       0.77777866802079565     
   4.2399999999999540       0.77777883312934626     
   4.2499999999999538       0.77777900292892510     
   4.2599999999999536       0.77777917817456588     
   4.2699999999999534       0.77777935964550049     
   4.2799999999999532       0.77777954814862726     
   4.2899999999999530       0.77777974452208409     
   4.2999999999999527       0.77777994963899344     
   4.3099999999999525       0.77778016441133258     
   4.3199999999999523       0.77778038979398989     
   4.3299999999999521       0.77778062678902049     
   4.3399999999999519       0.77778087645008531     
   4.3499999999999517       0.77778113988714725     
   4.3599999999999515       0.77778141827140146     
   4.3699999999999513       0.77778171284047593     
   4.3799999999999510       0.77778202490394532     
   4.3899999999999508       0.77778235584913413     
   4.3999999999999506       0.77778270714730313     
   4.4099999999999504       0.77778308036016652     
   4.4199999999999502       0.77778347714685092     
   4.4299999999999500       0.77778389927125369     
   4.4399999999999498       0.77778434860988876     
   4.4499999999999496       0.77778482716022213     
   4.4599999999999493       0.77778533704954966     
   4.4699999999999491       0.77778588054444653     
   4.4799999999999489       0.77778646006083130     
   4.4899999999999487       0.77778707817471116     
   4.4999999999999485       0.77778773763360964     
   4.5099999999999483       0.77778844136878456     
   4.5199999999999481       0.77778919250823531     
   4.5299999999999478       0.77778999439060514     
   4.5399999999999476       0.77779085057999664     
   4.5499999999999474       0.77779176488180757     
   4.5599999999999472       0.77779274135962284     
   4.5699999999999470       0.77779378435325375     
   4.5799999999999468       0.77779489849800476     
   4.5899999999999466       0.77779608874524608     
   4.5999999999999464       0.77779736038439506     
   4.6099999999999461       0.77779871906637599     
   4.6199999999999459       0.77780017082870478     
   4.6299999999999457       0.77780172212226728     
   4.6399999999999455       0.77780337983993941     
   4.6499999999999453       0.77780515134714445     
   4.6599999999999451       0.77780704451452443     
   4.6699999999999449       0.77780906775283132     
   4.6799999999999446       0.77781123005020403     
   4.6899999999999444       0.77781354101199529     
   4.6999999999999442       0.77781601090334029     
   4.7099999999999440       0.77781865069461509     
   4.7199999999999438       0.77782147211002206     
   4.7299999999999436       0.77782448767949186     
   4.7399999999999434       0.77782771079413215     
   4.7499999999999432       0.77783115576548800     
   4.7599999999999429       0.77783483788882601     
   4.7699999999999427       0.77783877351075958     
   4.7799999999999425       0.77784298010150144     
   4.7899999999999423       0.77784747633203299     
   4.7999999999999421       0.77785228215655766     
   4.8099999999999419       0.77785741890056015     
   4.8199999999999417       0.77786290935489200     
   4.8299999999999415       0.77786877787625142     
   4.8399999999999412       0.77787505049450867     
   4.8499999999999410       0.77788175502733459     
   4.8599999999999408       0.77788892120262121     
   4.8699999999999406       0.77789658078921309     
   4.8799999999999404       0.77790476773650874     
   4.8899999999999402       0.77791351832352429     
   4.8999999999999400       0.77792287131804971     
   4.9099999999999397       0.77793286814655738     
   4.9199999999999395       0.77794355307558904     
   4.9299999999999393       0.77795497340537290     
   4.9399999999999391       0.77796717967647044     
   4.9499999999999389       0.77798022589030846     
   4.9599999999999387       0.77799416974451285     
   4.9699999999999385       0.77800907288399679     
   4.9799999999999383       0.77802500116881712     
   4.9899999999999380       0.77804202495990671     
   4.9999999999999378       0.77806021942379522     
   5.0099999999999376       0.77807966485755387     
   5.0199999999999374       0.77810044703523529     
   5.0299999999999372       0.77812265757717158     
   5.0399999999999370       0.77814639434355137     
   5.0499999999999368       0.77817176185379355     
   5.0599999999999365       0.77819887173329105     
   5.0699999999999363       0.77822784318922955     
   5.0799999999999361       0.77825880351719801     
   5.0899999999999359       0.77829188864046239     
   5.0999999999999357       0.77832724368383932     
   5.1099999999999355       0.77836502358416215     
   5.1199999999999353       0.77840539373948425     
   5.1299999999999351       0.77844853069920106     
   5.1399999999999348       0.77849462289737403     
   5.1499999999999346       0.77854387143163839     
   5.1599999999999344       0.77859649089013683     
   5.1699999999999342       0.77865271022900018     
   5.1799999999999340       0.77871277370296466     
   5.1899999999999338       0.77877694185178559     
   5.1999999999999336       0.77884549254510904     
   5.2099999999999334       0.77891872208854140     
   5.2199999999999331       0.77899694639364014     
   5.2299999999999329       0.77908050221453362     
   5.2399999999999327       0.77916974845385434     
   5.2499999999999325       0.77926506754058622     
   5.2599999999999323       0.77936686688231616     
   5.2699999999999321       0.77947558039424569     
   5.2799999999999319       0.77959167010708508     
   5.2899999999999316       0.77971562785572246     
   5.2999999999999314       0.77984797705019082     
   5.3099999999999312       0.77998927453007583     
   5.3199999999999310       0.78014011250298854     
   5.3299999999999308       0.78030112056713508     
   5.3399999999999306       0.78047296781727538     
   5.3499999999999304       0.78065636503251734     
   5.3599999999999302       0.78085206694341336     
   5.3699999999999299       0.78106087457461137     
   5.3799999999999297       0.78128363765800468     
   5.3899999999999295       0.78152125710971565     
   5.3999999999999293       0.78177468756250557     
   5.4099999999999291       0.78204493994311519     
   5.4199999999999289       0.78233308408174851     
   5.4299999999999287       0.78264025133827153     
   5.4399999999999284       0.78296763722678264     
   5.4499999999999282       0.78331650401687125     
   5.4599999999999280       0.78368818328626411     
   5.4699999999999278       0.78408407839546190     
   5.4799999999999276       0.78450566685054690     
   5.4899999999999274       0.78495450251541365     
   5.4999999999999272       0.78543221762942150     
   5.5099999999999270       0.78594052458070385     
   5.5199999999999267       0.78648121737927934     
   5.5299999999999265       0.78705617276758910     
   5.5399999999999263       0.78766735089927986     
   5.5499999999999261       0.78831679550998068     
   5.5599999999999259       0.78900663349657185     
   5.5699999999999257       0.78973907381416253     
   5.5799999999999255       0.79051640559285330     
   5.5899999999999253       0.79134099536946001     
   5.5999999999999250       0.79221528332308166     
   5.6099999999999248       0.79314177839788169     
   5.6199999999999246       0.79412305219208124     
   5.6299999999999244       0.79516173148934766     
   5.6399999999999242       0.79626048930784432     
   5.6499999999999240       0.79742203434376369     
   5.6599999999999238       0.79864909869063117     
   5.6699999999999235       0.79994442372367214     
   5.6799999999999233       0.80131074405054159     
   5.6899999999999231       0.80275076944648238     
   5.6999999999999229       0.80426716471383841     
   5.7099999999999227       0.80586252743360576     
   5.7199999999999225       0.80753936361040035     
   5.7299999999999223       0.80930006125265741     
   5.7399999999999221       0.81114686197663977     
   5.7499999999999218       0.81308183077633611     
   5.7599999999999216       0.81510682416082159     
   5.7699999999999214       0.81722345692564891     
   5.7799999999999212       0.81943306789420056     
   5.7899999999999210       0.82173668503715791     
   5.7999999999999208       0.82413499045139860     
   5.8099999999999206       0.82662828575136993     
   5.8199999999999203       0.82921645849351533     
   5.8299999999999201       0.83189895031437333     
   5.8399999999999199       0.83467472751232985     
   5.8499999999999197       0.83754225483777511     
   5.8599999999999195       0.84049947327332741     
   5.8699999999999193       0.84354378258136142     
   5.8799999999999191       0.84667202936731323     
   5.8899999999999189       0.84988050135217597     
   5.8999999999999186       0.85316492846476966     
   5.9099999999999184       0.85652049125361185     
   5.9199999999999182       0.85994183698100257     
   5.9299999999999180       0.86342310360041108     
   5.9399999999999178       0.86695795163706424     
   5.9499999999999176       0.87053960379584716     
   5.9599999999999174       0.87416089191708424     
   5.9699999999999172       0.87781431069726779     
   5.9799999999999169       0.88149207739637225     
   5.9899999999999167       0.88518619657445541     
   5.9999999999999165       0.88888852874594282     
   6.0099999999999163       0.89259086171711866     
   6.0199999999999161       0.89628498328716910     
   6.0299999999999159       0.89996275394937675     
   6.0399999999999157       0.90361617822901175     
   6.0499999999999154       0.90723747333823868     
   6.0599999999999152       0.91081913391361347     
   6.0699999999999150       0.91435399172445742     
   6.0799999999999148       0.91783526939484517     
   6.0899999999999146       0.92125662736077141     
   6.0999999999999144       0.92461220347949125     
   6.1099999999999142       0.92789664491166968     
   6.1199999999999140       0.93110513210029744     
   6.1299999999999137       0.93423339486628565     
   6.1399999999999135       0.93727772082181560     
   6.1499999999999133       0.94023495646396904     
   6.1599999999999131       0.94310250144851671     
   6.1699999999999129       0.94587829665435308     
   6.1799999999999127       0.94856080673201815     
   6.1899999999999125       0.95114899788478269     
   6.1999999999999122       0.95364231165951496     
   6.2099999999999120       0.95604063552895924     
   6.2199999999999118       0.95834427103025377     
   6.2299999999999116       0.96055390018961595     
   6.2399999999999114       0.96267055091385523     
   6.2499999999999112       0.96469556196930406     
   6.2599999999999110       0.96663054810119009     
   6.2699999999999108       0.96847736577484056     
   6.2799999999999105       0.97023807994684041     
   6.2899999999999103       0.97191493220208569     
   6.2999999999999101       0.97351031052335302     
   6.3099999999999099       0.97502672089493714     
   6.3199999999999097       0.97646676088244178     
   6.3299999999999095       0.97783309527736306     
   6.3399999999999093       0.97912843384820170     
   6.3499999999999091       0.98035551119959530     
   6.3599999999999088       0.98151706870706024     
   6.3699999999999086       0.98261583846733713     
   6.3799999999999084       0.98365452918240925     
   6.3899999999999082       0.98463581387842725     
   6.3999999999999080       0.98556231934895344     
   6.4099999999999078       0.98643661720368969     
   6.4199999999999076       0.98726121639959352     
   6.4299999999999073       0.98803855712962452     
   6.4399999999999071       0.98877100594528777     
   6.4499999999999069       0.98946085199200284     
   6.4599999999999067       0.99011030424065305     
   6.4699999999999065       0.99072148960417061     
   6.4799999999999063       0.99129645183437509     
   6.4899999999999061       0.99183715110113901     
   6.4999999999999059       0.99234546416301783     
   6.5099999999999056       0.99282318504598521     
   6.5199999999999054       0.99327202615386212     
   6.5299999999999052       0.99369361974138171     
   6.5399999999999050       0.99408951968743109     
   6.5499999999999048       0.99446120351266876     
   6.5599999999999046       0.99481007459172888     
   6.5699999999999044       0.99513746451598983     
   6.5799999999999041       0.99544463556819551     
   6.5899999999999039       0.99573278327509707     
   6.5999999999999037       0.99600303900869713     
   6.6099999999999035       0.99625647261082007     
   6.6199999999999033       0.99649409501930641     
   6.6299999999999031       0.99671686087750855     
   6.6399999999999029       0.99692567111163966     
   6.6499999999999027       0.99712137546318325     
   6.6599999999999024       0.99730477496589431     
   6.6699999999999022       0.99747662435896389     
   6.6799999999999020       0.99763763442968134     
   6.6899999999999018       0.99778847428053496     
   6.6999999999999016       0.99792977351704104     
   6.7099999999999014       0.99806212435370645     
   6.7199999999999012       0.99818608363661354     
   6.7299999999999010       0.99830217478190830     
   6.7399999999999007       0.99841088963022839     
   6.7499999999999005       0.99851269021768418     
   6.7599999999999003       0.99860801046453596     
   6.7699999999999001       0.99869725778310681     
   6.7799999999998999       0.99878081460681245     
   6.7899999999998997       0.99885903984241886     
   6.7999999999998995       0.99893227024791331     
   6.8099999999998992       0.99900082173843474     
   6.8199999999998990       0.99906499062291632     
   6.8299999999998988       0.99912505477408453     
   6.8399999999998986       0.99918127473453644     
   6.8499999999998984       0.99923389476162783     
   6.8599999999998982       0.99928314381388794     
   6.8699999999998980       0.99932923648164917     
   6.8799999999998978       0.99937237386453703     
   6.8899999999998975       0.99941274439840733     
   6.8999999999998973       0.99945052463426309     
   6.9099999999998971       0.99948587997158156     
   6.9199999999998969       0.99951896534844620     
   6.9299999999998967       0.99954992589074876     
   6.9399999999998965       0.99957889752266615     
   6.9499999999998963       0.99960600754052842     
   6.9599999999998960       0.99963137515210099     
   6.9699999999998958       0.99965511198320356     
   6.9799999999998956       0.99967732255350916     
   6.9899999999998954       0.99969810472331211     
   6.9999999999998952       0.99971755011289032     
   7.0099999999998950       0.99973574449608293     
   7.0199999999998948       0.99975276816958514     
   7.0299999999998946       0.99976869629939058     
   7.0399999999998943       0.99978359924572990     
   7.0499999999998941       0.99979754286779476     
   7.0599999999998939       0.99981058880945339     
   7.0699999999998937       0.99982279476711489     
   7.0799999999998935       0.99983421474080636     
   7.0899999999998933       0.99984489926949827     
   7.0999999999998931       0.99985489565163432     
   7.1099999999998929       0.99986424815176689     
   7.1199999999998926       0.99987299819416697     
   7.1299999999998924       0.99988118454419783     
   7.1399999999998922       0.99988884347821783     
   7.1499999999998920       0.99989600894272135     
   7.1599999999998918       0.99990271270339171     
   7.1699999999998916       0.99990898448468402     
   7.1799999999998914       0.99991485210054465     
   7.1899999999998911       0.99992034157681986     
   7.1999999999998909       0.99992547726585512     
   7.2099999999998907       0.99993028195381028     
   7.2199999999998905       0.99993477696111954     
   7.2299999999998903       0.99993898223653999     
   7.2399999999998901       0.99994291644520905     
   7.2499999999998899       0.99994659705105049     
   7.2599999999998897       0.99995004039393698     
   7.2699999999998894       0.99995326176189203     
   7.2799999999998892       0.99995627545868815     
   7.2899999999998890       0.99995909486711243     
   7.2999999999998888       0.99996173250817066     
   7.3099999999998886       0.99996420009650300     
   7.3199999999998884       0.99996650859224578     
   7.3299999999998882       0.99996866824956732     
   7.3399999999998879       0.99997068866208716     
   7.3499999999998877       0.99997257880537882     
   7.3599999999998875       0.99997434707674493     
   7.3699999999998873       0.99997600133243880     
   7.3799999999998871       0.99997754892249668     
   7.3899999999998869       0.99997899672332258     
   7.3999999999998867       0.99998035116818917     
   7.4099999999998865       0.99998161827577248     
   7.4199999999998862       0.99998280367685177     
   7.4299999999998860       0.99998391263929021     
   7.4399999999998858       0.99998495009141974     
   7.4499999999998856       0.99998592064390357     
   7.4599999999998854       0.99998682861020760     
   7.4699999999998852       0.99998767802574462     
   7.4799999999998850       0.99998847266579149     
   7.4899999999998847       0.99998921606225288     
   7.4999999999998845       0.99998991151933703     
   7.5099999999998843       0.99999056212823889     
   7.5199999999998841       0.99999117078085975     
   7.5299999999998839       0.99999174018265746     
   7.5399999999998837       0.99999227286465797     
   7.5499999999998835       0.99999277119470165     
   7.5599999999998833       0.99999323738796286     
   7.5699999999998830       0.99999367351678592     
   7.5799999999998828       0.99999408151989477     
   7.5899999999998826       0.99999446321101138     
   7.5999999999998824       0.99999482028690323     
   7.6099999999998822       0.99999515433493380     
   7.6199999999998820       0.99999546684010854     
   7.6299999999998818       0.99999575919167727     
   7.6399999999998816       0.99999603268930870     
   7.6499999999998813       0.99999628854886469     
   7.6599999999998811       0.99999652790779736     
   7.6699999999998809       0.99999675183021863     
   7.6799999999998807       0.99999696131161619     
   7.6899999999998805       0.99999715728328531     
   7.6999999999998803       0.99999734061646195     
   7.7099999999998801       0.99999751212620547     
   7.7199999999998798       0.99999767257500549     
   7.7299999999998796       0.99999782267618997     
   7.7399999999998794       0.99999796309707967     
   7.7499999999998792       0.99999809446196453     
   7.7599999999998790       0.99999821735487182     
   7.7699999999998788       0.99999833232216795     
   7.7799999999998786       0.99999843987498438     
   7.7899999999998784       0.99999854049148851     
   7.7999999999998781       0.99999863461901528     
   7.8099999999998779       0.99999872267604539     
   7.8199999999998777       0.99999880505407512     
   7.8299999999998775       0.99999888211935328     
   7.8399999999998773       0.99999895421450669     
   7.8499999999998771       0.99999902166006960     
   7.8599999999998769       0.99999908475590127     
   7.8699999999998766       0.99999914378252497     
   7.8799999999998764       0.99999919900237322     
   7.8899999999998762       0.99999925066094997     
   7.8999999999998760       0.99999929898793283     
   7.9099999999998758       0.99999934419818159     
   7.9199999999998756       0.99999938649270037     
   7.9299999999998754       0.99999942605953485     
   7.9399999999998752       0.99999946307459686     
   7.9499999999998749       0.99999949770245522     
   7.9599999999998747       0.99999953009706999     
   7.9699999999998745       0.99999956040246674     
   7.9799999999998743       0.99999958875338502     
   7.9899999999998741       0.99999961527587244     
   7.9999999999998739       0.99999964008785214     
   8.0099999999998737       0.99999966329963619     
   8.0199999999998735       0.99999968501442660     
   8.0299999999998732       0.99999970532876914     
   8.0399999999998730       0.99999972433298134     
   8.0499999999998728       0.99999974211155795     
   8.0599999999998726       0.99999975874354297     
   8.0699999999998724       0.99999977430288389     
   8.0799999999998722       0.99999978885875762     
   8.0899999999998720       0.99999980247588105     
   8.0999999999998717       0.99999981521479597     
   8.1099999999998715       0.99999982713214175     
   8.1199999999998713       0.99999983828090300     
   8.1299999999998711       0.99999984871064795     
   8.1399999999998709       0.99999985846774875     
   8.1499999999998707       0.99999986759558446     
   8.1599999999998705       0.99999987613473929     
   8.1699999999998703       0.99999988412317975     
   8.1799999999998700       0.99999989159642111     
   8.1899999999998698       0.99999989858769189     
   8.1999999999998696       0.99999990512807457     
   8.2099999999998694       0.99999991124664844     
   8.2199999999998692       0.99999991697061807     
   8.2299999999998690       0.99999992232543078     
   8.2399999999998688       0.99999992733489662     
   8.2499999999998685       0.99999993202128634     
   8.2599999999998683       0.99999993640543727     
   8.2699999999998681       0.99999994050684171     
   8.2799999999998679       0.99999994434373340     
   8.2899999999998677       0.99999994793317315     
   8.2999999999998675       0.99999995129111907     
   8.3099999999998673       0.99999995443250134     
   8.3199999999998671       0.99999995737128600     
   8.3299999999998668       0.99999996012053904     
   8.3399999999998666       0.99999996269248492     
   8.3499999999998664       0.99999996509855904     
   8.3599999999998662       0.99999996734945862     
   8.3699999999998660       0.99999996945518943     
   8.3799999999998658       0.99999997142511710     
   8.3899999999998656       0.99999997326799728     
   8.3999999999998654       0.99999997499202387     
   8.4099999999998651       0.99999997660486373     
   8.4199999999998649       0.99999997811368702     
   8.4299999999998647       0.99999997952520048     
   8.4399999999998645       0.99999998084568176     
   8.4499999999998643       0.99999998208100216     
   8.4599999999998641       0.99999998323665173     
   8.4699999999998639       0.99999998431777015     
   8.4799999999998636       0.99999998532916423     
   8.4899999999998634       0.99999998627533138     
   8.4999999999998632       0.99999998716047633     
   8.5099999999998630       0.99999998798853562     
   8.5199999999998628       0.99999998876319141     
   8.5299999999998626       0.99999998948788738     
   8.5399999999998624       0.99999999016584440     
   8.5499999999998622       0.99999999080007873     
   8.5599999999998619       0.99999999139341000     
   8.5699999999998617       0.99999999194847478     
   8.5799999999998615       0.99999999246774174     
   8.5899999999998613       0.99999999295351982     
   8.5999999999998611       0.99999999340796875     
   8.6099999999998609       0.99999999383310878     
   8.6199999999998607       0.99999999423083075     
   8.6299999999998604       0.99999999460290134     
   8.6399999999998602       0.99999999495097613     
   8.6499999999998600       0.99999999527660344     
   8.6599999999998598       0.99999999558122932     
   8.6699999999998596       0.99999999586620880     
   8.6799999999998594       0.99999999613280954     
   8.6899999999998592       0.99999999638221615     
   8.6999999999998590       0.99999999661553807     
   8.7099999999998587       0.99999999683381224     
   8.7199999999998585       0.99999999703800946     
   8.7299999999998583       0.99999999722903732     
   8.7399999999998581       0.99999999740774426     
   8.7499999999998579       0.99999999757492708     
   8.7599999999998577       0.99999999773132764     
   8.7699999999998575       0.99999999787764060     
   8.7799999999998573       0.99999999801451844     
   8.7899999999998570       0.99999999814256746     
   8.7999999999998568       0.99999999826235941     
   8.8099999999998566       0.99999999837442566     
   8.8199999999998564       0.99999999847926346     
   8.8299999999998562       0.99999999857733990     
   8.8399999999998560       0.99999999866909128     
   8.8499999999998558       0.99999999875492607     
   8.8599999999998555       0.99999999883522450     
   8.8699999999998553       0.99999999891034408     
   8.8799999999998551       0.99999999898061986     
   8.8899999999998549       0.99999999904636239     
   8.8999999999998547       0.99999999910786608     
   8.9099999999998545       0.99999999916540239     
   8.9199999999998543       0.99999999921922700     
   8.9299999999998541       0.99999999926958205     
   8.9399999999998538       0.99999999931668937     
   8.9499999999998536       0.99999999936075745     
   8.9599999999998534       0.99999999940198370     
   8.9699999999998532       0.99999999944055262     
   8.9799999999998530       0.99999999947663276     
   8.9899999999998528       0.99999999951038610     
   8.9999999999998526       0.99999999954196261     
   9.0099999999998523       0.99999999957150310     
   9.0199999999998521       0.99999999959913888     
   9.0299999999998519       0.99999999962499131     
   9.0399999999998517       0.99999999964917585     
   9.0499999999998515       0.99999999967180153     
   9.0599999999998513       0.99999999969296871     
   9.0699999999998511       0.99999999971276998     
   9.0799999999998509       0.99999999973129428     
   9.0899999999998506       0.99999999974862375     
   9.0999999999998504       0.99999999976483600     
   9.1099999999998502       0.99999999978000231     
   9.1199999999998500       0.99999999979419052     
   9.1299999999998498       0.99999999980746446     
   9.1399999999998496       0.99999999981988075     
   9.1499999999998494       0.99999999983149712     
   9.1599999999998492       0.99999999984236532     
   9.1699999999998489       0.99999999985253096     
   9.1799999999998487       0.99999999986204147     
   9.1899999999998485       0.99999999987093957     
   9.1999999999998483       0.99999999987926225     
   9.2099999999998481       0.99999999988704902     
   9.2199999999998479       0.99999999989433441     
   9.2299999999998477       0.99999999990114907     
   9.2399999999998474       0.99999999990752420     
   9.2499999999998472       0.99999999991348731     
   9.2599999999998470       0.99999999991906685     
   9.2699999999998468       0.99999999992428734     
   9.2799999999998466       0.99999999992917010     
   9.2899999999998464       0.99999999993373812     
   9.2999999999998462       0.99999999993801170     
   9.3099999999998460       0.99999999994200950     
   9.3199999999998457       0.99999999994574951     
   9.3299999999998455       0.99999999994924726     
   9.3399999999998453       0.99999999995252054     
   9.3499999999998451       0.99999999995558342     
   9.3599999999998449       0.99999999995844802     
   9.3699999999998447       0.99999999996112776     
   9.3799999999998445       0.99999999996363487     
   9.3899999999998442       0.99999999996597999     
   9.3999999999998440       0.99999999996817401     
   9.4099999999998438       0.99999999997022671     
   9.4199999999998436       0.99999999997214695     
   9.4299999999998434       0.99999999997394318     
   9.4399999999998432       0.99999999997562383     
   9.4499999999998430       0.99999999997719569     
   9.4599999999998428       0.99999999997866651     
   9.4699999999998425       0.99999999998004219     
   9.4799999999998423       0.99999999998132927     
   9.4899999999998421       0.99999999998253353     
   9.4999999999998419       0.99999999998365907     
   9.5099999999998417       0.99999999998471312     
   9.5199999999998415       0.99999999998569955     
   9.5299999999998413       0.99999999998662203     
   9.5399999999998411       0.99999999998748501     
   9.5499999999998408       0.99999999998829181     
   9.5599999999998406       0.99999999998904698     
   9.5699999999998404       0.99999999998975353     
   9.5799999999998402       0.99999999999041422     
   9.5899999999998400       0.99999999999103251     
   9.5999999999998398       0.99999999999161082     
   9.6099999999998396       0.99999999999215183     
   9.6199999999998393       0.99999999999265810     
   9.6299999999998391       0.99999999999313138     
   9.6399999999998389       0.99999999999357436     
   9.6499999999998387       0.99999999999398903     
   9.6599999999998385       0.99999999999437650     
   9.6699999999998383       0.99999999999473921     
   9.6799999999998381       0.99999999999507827     
   9.6899999999998379       0.99999999999539613     
   9.6999999999998376       0.99999999999569278     
   9.7099999999998374       0.99999999999597067     
   9.7199999999998372       0.99999999999623035     
   9.7299999999998370       0.99999999999647349     
   9.7399999999998368       0.99999999999670086     
   9.7499999999998366       0.99999999999691391     
   9.7599999999998364       0.99999999999711287     
   9.7699999999998361       0.99999999999729916     
   9.7799999999998359       0.99999999999747324     
   9.7899999999998357       0.99999999999763611     
   9.7999999999998355       0.99999999999778866     
   9.8099999999998353       0.99999999999793110     
   9.8199999999998351       0.99999999999806455     
   9.8299999999998349       0.99999999999818945     
   9.8399999999998347       0.99999999999830613     
   9.8499999999998344       0.99999999999841549     
   9.8599999999998342       0.99999999999851774     
   9.8699999999998340       0.99999999999861322     
   9.8799999999998338       0.99999999999870282     
   9.8899999999998336       0.99999999999878619     
   9.8999999999998334       0.99999999999886469     
   9.9099999999998332       0.99999999999893796     
   9.9199999999998330       0.99999999999900646     
   9.9299999999998327       0.99999999999907052     
   9.9399999999998325       0.99999999999913058     
   9.9499999999998323       0.99999999999918643     
   9.9599999999998321       0.99999999999923894     
   9.9699999999998319       0.99999999999928790     
   9.9799999999998317       0.99999999999933409     
   9.9899999999998315       0.99999999999937672     
   9.9999999999998312       0.99999999999941713     
