   0.0000000000000000       -5.7378962290616444E-019
   1.0000000000000000E-002   2.7650795550953002E-003
   2.0000000000000000E-002   5.5290927280743397E-003
   2.9999999999999999E-002   8.2909790855782619E-003
   4.0000000000000001E-002   1.1049690050097843E-002
   5.0000000000000003E-002   1.3804194724183401E-002
   6.0000000000000005E-002   1.6553485591421387E-002
   7.0000000000000007E-002   1.9296584055111872E-002
   8.0000000000000002E-002   2.2032545777276508E-002
   8.9999999999999997E-002   2.4760465782659710E-002
   9.9999999999999992E-002   2.7479483294778333E-002
  0.10999999999999999        3.0188786273727373E-002
  0.11999999999999998        3.2887615628376811E-002
  0.12999999999999998        3.5575269078694502E-002
  0.13999999999999999        3.8251104647192578E-002
  0.14999999999999999        4.0914543761856402E-002
  0.16000000000000000        4.3565073956322822E-002
  0.17000000000000001        4.6202251156472175E-002
  0.18000000000000002        4.8825701545986415E-002
  0.19000000000000003        5.1435123006678379E-002
  0.20000000000000004        5.4030286132556747E-002
  0.21000000000000005        5.6611034819599469E-002
  0.22000000000000006        5.9177286435972393E-002
  0.23000000000000007        6.1729031580049019E-002
  0.24000000000000007        6.4266333435941209E-002
  0.25000000000000006        6.6789326738339122E-002
  0.26000000000000006        6.9298216360347289E-002
  0.27000000000000007        7.1793275539596579E-002
  0.28000000000000008        7.4274843759267531E-002
  0.29000000000000009        7.6743324301800545E-002
  0.30000000000000010        7.9199181493912668E-002
  0.31000000000000011        8.1642937662245563E-002
  0.32000000000000012        8.4075169819432874E-002
  0.33000000000000013        8.6496506100663451E-002
  0.34000000000000014        8.8907621970971865E-002
  0.35000000000000014        9.1309236223487675E-002
  0.36000000000000015        9.3702106788803086E-002
  0.37000000000000016        9.6087026375419549E-002
  0.38000000000000017        9.8464817961013598E-002
  0.39000000000000018       0.10083633015400269     
  0.40000000000000019       0.10320243244457429     
  0.41000000000000020       0.10556401036411779     
  0.42000000000000021       0.10792196057168651     
  0.43000000000000022       0.11027718588593230     
  0.44000000000000022       0.11263059028077099     
  0.45000000000000023       0.11498307386292783     
  0.46000000000000024       0.11733552784945887     
  0.47000000000000025       0.11968882956334899     
  0.48000000000000026       0.12204383746539671     
  0.49000000000000027       0.12440138624069011     
  0.50000000000000022       0.12676228195822997     
  0.51000000000000023       0.12912729732245121     
  0.52000000000000024       0.13149716703568934     
  0.53000000000000025       0.13387258329092791     
  0.54000000000000026       0.13625419141443165     
  0.55000000000000027       0.13864258567818258     
  0.56000000000000028       0.14103830530217967     
  0.57000000000000028       0.14344183066691948     
  0.58000000000000029       0.14585357975636482     
  0.59000000000000030       0.14827390485169134     
  0.60000000000000031       0.15070308949593988     
  0.61000000000000032       0.15314134574930394     
  0.62000000000000033       0.15558881175432393     
  0.63000000000000034       0.15804554962947281     
  0.64000000000000035       0.16051154370869281     
  0.65000000000000036       0.16298669914327835     
  0.66000000000000036       0.16547084088102690     
  0.67000000000000037       0.16796371303597549     
  0.68000000000000038       0.17046497866003518     
  0.69000000000000039       0.17297421992572720     
  0.70000000000000040       0.17549093872678767     
  0.71000000000000041       0.17801455770077235     
  0.72000000000000042       0.18054442167496607     
  0.73000000000000043       0.18307979953388701     
  0.74000000000000044       0.18561988650353359     
  0.75000000000000044       0.18816380684420697     
  0.76000000000000045       0.19071061694049662     
  0.77000000000000046       0.19325930877355191     
  0.78000000000000047       0.19580881375751280     
  0.79000000000000048       0.19835800691865302     
  0.80000000000000049       0.20090571139267074     
  0.81000000000000050       0.20345070321259334     
  0.82000000000000051       0.20599171635696256     
  0.83000000000000052       0.20852744802555534     
  0.84000000000000052       0.21105656410764687     
  0.85000000000000053       0.21357770480604502     
  0.86000000000000054       0.21608949037861228     
  0.87000000000000055       0.21859052695804074     
  0.88000000000000056       0.22107941240992018     
  0.89000000000000057       0.22355474218908103     
  0.90000000000000058       0.22601511515435335     
  0.91000000000000059       0.22845913930266518     
  0.92000000000000060       0.23088543738454062     
  0.93000000000000060       0.23329265236456964     
  0.94000000000000061       0.23567945269241963     
  0.95000000000000062       0.23804453735219880     
  0.96000000000000063       0.24038664066063842     
  0.97000000000000064       0.24270453678741324     
  0.98000000000000065       0.24499704397408795     
  0.99000000000000066       0.24726302843136910     
   1.0000000000000007       0.24950140789788350     
   1.0100000000000007       0.25171115484709883     
   1.0200000000000007       0.25389129933262028     
   1.0300000000000007       0.25604093146547346     
   1.0400000000000007       0.25815920352055133     
   1.0500000000000007       0.26024533167262237     
   1.0600000000000007       0.26229859736548244     
   1.0700000000000007       0.26431834832084194     
   1.0800000000000007       0.26630399919625147     
   1.0900000000000007       0.26825503190391059     
   1.1000000000000008       0.27017099560447816     
   1.1100000000000008       0.27205150639191233     
   1.1200000000000008       0.27389624668719686     
   1.1300000000000008       0.27570496436003655     
   1.1400000000000008       0.27747747159892300     
   1.1500000000000008       0.27921364355069683     
   1.1600000000000008       0.28091341675133086     
   1.1700000000000008       0.28257678737000402     
   1.1800000000000008       0.28420380928861722     
   1.1900000000000008       0.28579459203872315     
   1.2000000000000008       0.28734929861749636     
   1.2100000000000009       0.28886814320395376     
   1.2200000000000009       0.29035138879571981     
   1.2300000000000009       0.29179934478605130     
   1.2400000000000009       0.29321236449975191     
   1.2500000000000009       0.29459084270554864     
   1.2600000000000009       0.29593521312154786     
   1.2700000000000009       0.29724594592902148     
   1.2800000000000009       0.29852354530875902     
   1.2900000000000009       0.29976854701284433     
   1.3000000000000009       0.30098151598367062     
   1.3100000000000009       0.30216304403060984     
   1.3200000000000010       0.30331374757370366     
   1.3300000000000010       0.30443426546257613     
   1.3400000000000010       0.30552525687759396     
   1.3500000000000010       0.30658739931927603     
   1.3600000000000010       0.30762138669101657     
   1.3700000000000010       0.30862792747915668     
   1.3800000000000010       0.30960774303358662     
   1.3900000000000010       0.31056156595129819     
   1.4000000000000010       0.31149013856455121     
   1.4100000000000010       0.31239421153455804     
   1.4200000000000010       0.31327454255116316     
   1.4300000000000010       0.31413189513828704     
   1.4400000000000011       0.31496703756451278     
   1.4500000000000011       0.31578074185778066     
   1.4600000000000011       0.31657378292280075     
   1.4700000000000011       0.31734693775946066     
   1.4800000000000011       0.31810098478036941     
   1.4900000000000011       0.31883670322527746     
   1.5000000000000011       0.31955487267029148     
   1.5100000000000011       0.32025627262931772     
   1.5200000000000011       0.32094168224546238     
   1.5300000000000011       0.32161188006981001     
   1.5400000000000011       0.32226764392518104     
   1.5500000000000012       0.32290975085245527     
   1.5600000000000012       0.32353897713703667     
   1.5700000000000012       0.32415609841325588     
   1.5800000000000012       0.32476188984449017     
   1.5900000000000012       0.32535712637693764     
   1.6000000000000012       0.32594258306519658     
   1.6100000000000012       0.32651903546779437     
   1.6200000000000012       0.32708726011112998     
   1.6300000000000012       0.32764803502035028     
   1.6400000000000012       0.32820214031590944     
   1.6500000000000012       0.32875035887473364     
   1.6600000000000013       0.32929347705505896     
   1.6700000000000013       0.32983228548425636     
   1.6800000000000013       0.33036757990904231     
   1.6900000000000013       0.33090016210776318     
   1.7000000000000013       0.33143084086452190     
   1.7100000000000013       0.33196043300512534     
   1.7200000000000013       0.33248976449494366     
   1.7300000000000013       0.33301967159899670     
   1.7400000000000013       0.33355100210462491     
   1.7500000000000013       0.33408461660724054     
   1.7600000000000013       0.33462138985983048     
   1.7700000000000014       0.33516221218678849     
   1.7800000000000014       0.33570799096290704     
   1.7900000000000014       0.33625965215817460     
   1.8000000000000014       0.33681814194921683     
   1.8100000000000014       0.33738442839797145     
   1.8200000000000014       0.33795950319823431     
   1.8300000000000014       0.33854438349054533     
   1.8400000000000014       0.33914011374561587     
   1.8500000000000014       0.33974776771636406     
   1.8600000000000014       0.34036845045815017     
   1.8700000000000014       0.34100330041659205     
   1.8800000000000014       0.34165349158165526     
   1.8900000000000015       0.34232023570627113     
   1.9000000000000015       0.34300478458699374     
   1.9100000000000015       0.34370843240336690     
   1.9200000000000015       0.34443251811178605     
   1.9300000000000015       0.34517842788854841     
   1.9400000000000015       0.34594759761548954     
   1.9500000000000015       0.34674151540019510     
   1.9600000000000015       0.34756172412125297     
   1.9700000000000015       0.34840982398705012     
   1.9800000000000015       0.34928747509471481     
   1.9900000000000015       0.35019639997339952     
   2.0000000000000013       0.35113838609368497     
   2.0100000000000011       0.35211528832196082     
   2.0200000000000009       0.35312903129565104     
   2.0300000000000007       0.35418161169169182     
   2.0400000000000005       0.35527510035697324     
   2.0500000000000003       0.35641164426552113     
   2.0600000000000001       0.35759346826279387     
   2.0699999999999998       0.35882287655288825     
   2.0799999999999996       0.36010225387952860     
   2.0899999999999994       0.36143406634653502     
   2.0999999999999992       0.36282086181805046     
   2.1099999999999990       0.36426526983318896     
   2.1199999999999988       0.36577000096409223     
   2.1299999999999986       0.36733784554055876     
   2.1399999999999983       0.36897167165879569     
   2.1499999999999981       0.37067442238625742     
   2.1599999999999979       0.37244911206944020     
   2.1699999999999977       0.37429882164679179     
   2.1799999999999975       0.37622669286505123     
   2.1899999999999973       0.37823592129433059     
   2.1999999999999971       0.38032974803556024     
   2.2099999999999969       0.38251145001379216     
   2.2199999999999966       0.38478432875250357     
   2.2299999999999964       0.38715169752801626     
   2.2399999999999962       0.38961686680980212     
   2.2499999999999960       0.39218312790182508     
   2.2599999999999958       0.39485373471325524     
   2.2699999999999956       0.39763188360349894     
   2.2799999999999954       0.40052069126755757     
   2.2899999999999952       0.40352317065293480     
   2.2999999999999949       0.40664220492960163     
   2.3099999999999947       0.40988051956926941     
   2.3199999999999945       0.41324065263018328     
   2.3299999999999943       0.41672492338810757     
   2.3399999999999941       0.42033539950309579     
   2.3499999999999939       0.42407386296452326     
   2.3599999999999937       0.42794177511267467     
   2.3699999999999934       0.43194024109315005     
   2.3799999999999932       0.43606997415888271     
   2.3899999999999930       0.44033126029239611     
   2.3999999999999928       0.44472392367574504     
   2.4099999999999926       0.44924729358559262     
   2.4199999999999924       0.45390017333383958     
   2.4299999999999922       0.45868081190720161     
   2.4399999999999920       0.46358687898042500     
   2.4499999999999917       0.46861544398435356     
   2.4599999999999915       0.47376295990001843     
   2.4699999999999913       0.47902525242154870     
   2.4799999999999911       0.48439751508216644     
   2.4899999999999909       0.48987431086862743     
   2.4999999999999907       0.49544958075989498     
   2.5099999999999905       0.50111665951637674     
   2.5199999999999902       0.50686829891873908     
   2.5299999999999900       0.51269669851232802     
   2.5399999999999898       0.51859354375889766     
   2.5499999999999896       0.52455005133490895     
   2.5599999999999894       0.53055702115144809     
   2.5699999999999892       0.53660489450924564     
   2.5799999999999890       0.54268381764959839     
   2.5899999999999888       0.54878370982385605     
   2.5999999999999885       0.55489433488560047     
   2.6099999999999883       0.56100537531564554     
   2.6199999999999881       0.56710650752431002     
   2.6299999999999879       0.57318747724044361     
   2.6399999999999877       0.57923817379451514     
   2.6499999999999875       0.58524870213292313     
   2.6599999999999873       0.59120945146241277     
   2.6699999999999871       0.59711115951306548     
   2.6799999999999868       0.60294497152403748     
   2.6899999999999866       0.60870249319142244     
   2.6999999999999864       0.61437583696876508     
   2.7099999999999862       0.61995766127118679     
   2.7199999999999860       0.62544120229844358     
   2.7299999999999858       0.63082029835508990     
   2.7399999999999856       0.63608940670180869     
   2.7499999999999853       0.64124361311693057     
   2.7599999999999851       0.64627863447677025     
   2.7699999999999849       0.65119081477576346     
   2.7799999999999847       0.65597711509989876     
   2.7899999999999845       0.66063509813892374     
   2.7999999999999843       0.66516290787415266     
   2.8099999999999841       0.66955924511011400     
   2.8199999999999839       0.67382333953083418     
   2.8299999999999836       0.67795491895729443     
   2.8399999999999834       0.68195417646334022     
   2.8499999999999832       0.68582173597593810     
   2.8599999999999830       0.68955861694392084     
   2.8699999999999828       0.69316619861035877     
   2.8799999999999826       0.69664618436933801     
   2.8899999999999824       0.70000056663048882     
   2.8999999999999821       0.70323159255595646     
   2.9099999999999819       0.70634173097653319     
   2.9199999999999817       0.70933364073731842     
   2.9299999999999815       0.71221014066993726     
   2.9399999999999813       0.71497418133885349     
   2.9499999999999811       0.71762881866417583     
   2.9599999999999809       0.72017718948258369     
   2.9699999999999807       0.72262248907269599     
   2.9799999999999804       0.72496795064013231     
   2.9899999999999802       0.72721682673158916     
   2.9999999999999800       0.72937237252565779     
   3.0099999999999798       0.73143783093082126     
   3.0199999999999796       0.73341641940738456     
   3.0299999999999794       0.73531131842024700     
   3.0399999999999792       0.73712566142237723     
   3.0499999999999790       0.73886252626438786     
   3.0599999999999787       0.74052492792389135     
   3.0699999999999785       0.74211581244795588     
   3.0799999999999783       0.74363805200361044     
   3.0899999999999781       0.74509444093412092     
   3.0999999999999779       0.74648769272253335     
   3.1099999999999777       0.74782043776855667     
   3.1199999999999775       0.74909522188986788     
   3.1299999999999772       0.75031450546459133     
   3.1399999999999770       0.75148066313714712     
   3.1499999999999768       0.75259598401559047     
   3.1599999999999766       0.75366267229421002     
   3.1699999999999764       0.75468284824085663     
   3.1799999999999762       0.75565854949386813     
   3.1899999999999760       0.75659173261864698     
   3.1999999999999758       0.75748427487907100     
   3.2099999999999755       0.75833797618338050     
   3.2199999999999753       0.75915456116871360     
   3.2299999999999751       0.75993568139248935     
   3.2399999999999749       0.76068291760255990     
   3.2499999999999747       0.76139778206151398     
   3.2599999999999745       0.76208172090374071     
   3.2699999999999743       0.76273611650657736     
   3.2799999999999740       0.76336228985961929     
   3.2899999999999738       0.76396150291856513     
   3.2999999999999736       0.76453496093194562     
   3.3099999999999734       0.76508381473115805     
   3.3199999999999732       0.76560916297579729     
   3.3299999999999730       0.76611205434775709     
   3.3399999999999728       0.76659348968876828     
   3.3499999999999726       0.76705442407757274     
   3.3599999999999723       0.76749576884335702     
   3.3699999999999721       0.76791839351350222     
   3.3799999999999719       0.76832312769404487     
   3.3899999999999717       0.76871076288215923     
   3.3999999999999715       0.76908205421036824     
   3.4099999999999713       0.76943772212274653     
   3.4199999999999711       0.76977845398373335     
   3.4299999999999708       0.77010490562053968     
   3.4399999999999706       0.77041770280033617     
   3.4499999999999704       0.77071744264374120     
   3.4599999999999702       0.77100469497618596     
   3.4699999999999700       0.77128000361895077     
   3.4799999999999698       0.77154388762175563     
   3.4899999999999696       0.77179684243882729     
   3.4999999999999694       0.77203934105044125     
   3.5099999999999691       0.77227183503201491     
   3.5199999999999689       0.77249475557269243     
   3.5299999999999687       0.77270851444556343     
   3.5399999999999685       0.77291350493140643     
   3.5499999999999683       0.77311010269807268     
   3.5599999999999681       0.77329866663730951     
   3.5699999999999679       0.77347953966107330     
   3.5799999999999677       0.77365304945904378     
   3.5899999999999674       0.77381950921925091     
   3.5999999999999672       0.77397921831348104     
   3.6099999999999670       0.77413246294913729     
   3.6199999999999668       0.77427951678925189     
   3.6299999999999666       0.77442064154209311     
   3.6399999999999664       0.77455608752196048     
   3.6499999999999662       0.77468609418251355     
   3.6599999999999659       0.77481089062408692     
   3.6699999999999657       0.77493069607621845     
   3.6799999999999655       0.77504572035671182     
   3.6899999999999653       0.77515616430837597     
   3.6999999999999651       0.77526222021457847     
   3.7099999999999649       0.77536407219476655     
   3.7199999999999647       0.77546189658087017     
   3.7299999999999645       0.77555586227565543     
   3.7399999999999642       0.77564613109392122     
   3.7499999999999640       0.77573285808743830     
   3.7599999999999638       0.77581619185446449     
   3.7699999999999636       0.77589627483459600     
   3.7799999999999634       0.77597324358979547     
   3.7899999999999632       0.77604722907222901     
   3.7999999999999630       0.77611835687964559     
   3.8099999999999627       0.77618674749890482     
   3.8199999999999625       0.77625251653829175     
   3.8299999999999623       0.77631577494921133     
   3.8399999999999621       0.77637662923775208     
   3.8499999999999619       0.77643518166670611     
   3.8599999999999617       0.77649153044851560     
   3.8699999999999615       0.77654576992958801     
   3.8799999999999613       0.77659799076646197     
   3.8899999999999610       0.77664828009424003     
   3.8999999999999608       0.77669672168764370     
   3.9099999999999606       0.77674339611512344     
   3.9199999999999604       0.77678838088638835     
   3.9299999999999602       0.77683175059362131     
   3.9399999999999600       0.77687357704677551     
   3.9499999999999598       0.77691392940325521     
   3.9599999999999596       0.77695287429222948     
   3.9699999999999593       0.77699047593389603     
   3.9799999999999591       0.77702679625394677     
   3.9899999999999589       0.77706189499348177     
   3.9999999999999587       0.77709582981459835     
   4.0099999999999589       0.77712865640196205     
   4.0199999999999587       0.77716042856042267     
   4.0299999999999585       0.77719119830905070     
   4.0399999999999583       0.77722101597167803     
   4.0499999999999581       0.77724993026416422     
   4.0599999999999579       0.77727798837860163     
   4.0699999999999577       0.77730523606457858     
   4.0799999999999574       0.77733171770767884     
   4.0899999999999572       0.77735747640542341     
   4.0999999999999570       0.77738255404071221     
   4.1099999999999568       0.77740699135303515     
   4.1199999999999566       0.77743082800743668     
   4.1299999999999564       0.77745410266154336     
   4.1399999999999562       0.77747685303059944     
   4.1499999999999559       0.77749911595081211     
   4.1599999999999557       0.77752092744098522     
   4.1699999999999555       0.77754232276262225     
   4.1799999999999553       0.77756333647861575     
   4.1899999999999551       0.77758400251060700     
   4.1999999999999549       0.77760435419511520     
   4.2099999999999547       0.77762442433855983     
   4.2199999999999545       0.77764424527128273     
   4.2299999999999542       0.77766384890059781     
   4.2399999999999540       0.77768326676308919     
   4.2499999999999538       0.77770253007607826     
   4.2599999999999536       0.77772166978852375     
   4.2699999999999534       0.77774071663132294     
   4.2799999999999532       0.77775970116710125     
   4.2899999999999530       0.77777865383970013     
   4.2999999999999527       0.77779760502325834     
   4.3099999999999525       0.77781658507112694     
   4.3199999999999523       0.77783562436459108     
   4.3299999999999521       0.77785475336156684     
   4.3399999999999519       0.77787400264526541     
   4.3499999999999517       0.77789340297296183     
   4.3599999999999515       0.77791298532491637     
   4.3699999999999513       0.77793278095354657     
   4.3799999999999510       0.77795282143290201     
   4.3899999999999508       0.77797313870854212     
   4.3999999999999506       0.77799376514785190     
   4.4099999999999504       0.77801473359093587     
   4.4199999999999502       0.77803607740210345     
   4.4299999999999500       0.77805783052206612     
   4.4399999999999498       0.77808002752087857     
   4.4499999999999496       0.77810270365174672     
   4.4599999999999493       0.77812589490574258     
   4.4699999999999491       0.77814963806753978     
   4.4799999999999489       0.77817397077220052     
   4.4899999999999487       0.77819893156312225     
   4.4999999999999485       0.77822455995122553     
   4.5099999999999483       0.77825089647545509     
   4.5199999999999481       0.77827798276465565     
   4.5299999999999478       0.77830586160094029     
   4.5399999999999476       0.77833457698459418     
   4.5499999999999474       0.77836417420063053     
   4.5599999999999472       0.77839469988704280     
   4.5699999999999470       0.77842620210488500     
   4.5799999999999468       0.77845873041020885     
   4.5899999999999466       0.77849233592799072     
   4.5999999999999464       0.77852707142809852     
   4.6099999999999461       0.77856299140341323     
   4.6199999999999459       0.77860015215015488     
   4.6299999999999457       0.77863861185055006     
   4.6399999999999455       0.77867843065786824     
   4.6499999999999453       0.77871967078396365     
   4.6599999999999451       0.77876239658938673     
   4.6699999999999449       0.77880667467614673     
   4.6799999999999446       0.77885257398322494     
   4.6899999999999444       0.77890016588493038     
   4.6999999999999442       0.77894952429213571     
   4.7099999999999440       0.77900072575656942     
   4.7199999999999438       0.77905384957813040     
   4.7299999999999436       0.77910897791540745     
   4.7399999999999434       0.77916619589942071     
   4.7499999999999432       0.77922559175068307     
   4.7599999999999429       0.77928725689965261     
   4.7699999999999427       0.77935128611065396     
   4.7799999999999425       0.77941777760930053     
   4.7899999999999423       0.77948683321352841     
   4.7999999999999421       0.77955855846825262     
   4.8099999999999419       0.77963306278372357     
   4.8199999999999417       0.77971045957762497     
   4.8299999999999415       0.77979086642091389     
   4.8399999999999412       0.77987440518748030     
   4.8499999999999410       0.77996120220761478     
   4.8599999999999408       0.78005138842527444     
   4.8699999999999406       0.78014509955919753     
   4.8799999999999404       0.78024247626777332     
   4.8899999999999402       0.78034366431770652     
   4.8999999999999400       0.78044881475636663     
   4.9099999999999397       0.78055808408780158     
   4.9199999999999395       0.78067163445230359     
   4.9299999999999393       0.78078963380944566     
   4.9399999999999391       0.78091225612441439     
   4.9499999999999389       0.78103968155753967     
   4.9599999999999387       0.78117209665680298     
   4.9699999999999385       0.78130969455314514     
   4.9799999999999383       0.78145267515829042     
   4.9899999999999380       0.78160124536484166     
   4.9999999999999378       0.78175561924834103     
   5.0099999999999376       0.78191601827091539     
   5.0199999999999374       0.78208267148612298     
   5.0299999999999372       0.78225581574457403     
   5.0399999999999370       0.78243569589980333     
   5.0499999999999368       0.78262256501388594     
   5.0599999999999365       0.78281668456216924     
   5.0699999999999363       0.78301832463647814     
   5.0799999999999361       0.78322776414604900     
   5.0899999999999359       0.78344529101541704     
   5.0999999999999357       0.78367120237839893     
   5.1099999999999355       0.78390580476720340     
   5.1199999999999353       0.78414941429566709     
   5.1299999999999351       0.78440235683551018     
   5.1399999999999348       0.78466496818441300     
   5.1499999999999346       0.78493759422461684     
   5.1599999999999344       0.78522059107068187     
   5.1699999999999342       0.78551432520489906     
   5.1799999999999340       0.78581917359876474     
   5.1899999999999338       0.78613552381883300     
   5.1999999999999336       0.78646377411509172     
   5.2099999999999334       0.78680433349000389     
   5.2199999999999331       0.78715762174606574     
   5.2299999999999329       0.78752406950980780     
   5.2399999999999327       0.78790411822989115     
   5.2499999999999325       0.78829822014689943     
   5.2599999999999323       0.78870683823229182     
   5.2699999999999321       0.78913044609386995     
   5.2799999999999319       0.78956952784495160     
   5.2899999999999316       0.79002457793438385     
   5.2999999999999314       0.79049610093437506     
   5.3099999999999312       0.79098461128304753     
   5.3199999999999310       0.79149063297849209     
   5.3299999999999308       0.79201469922102297     
   5.3399999999999306       0.79255735200029143     
   5.3499999999999304       0.79311914162378727     
   5.3599999999999302       0.79370062618328896     
   5.3699999999999299       0.79430237095575240     
   5.3799999999999297       0.79492494773510503     
   5.3899999999999295       0.79556893409153762     
   5.3999999999999293       0.79623491255478229     
   5.4099999999999291       0.79692346971809458     
   5.4199999999999289       0.79763519525969206     
   5.4299999999999287       0.79837068087858520     
   5.4399999999999284       0.79913051914190347     
   5.4499999999999282       0.79991530224113772     
   5.4599999999999280       0.80072562065493269     
   5.4699999999999278       0.80156206171645195     
   5.4799999999999276       0.80242520808374562     
   5.4899999999999274       0.80331563611194956     
   5.4999999999999272       0.80423391412680456     
   5.5099999999999270       0.80518060059938579     
   5.5199999999999267       0.80615624222274040     
   5.5299999999999265       0.80716137189178150     
   5.5399999999999263       0.80819650658854791     
   5.5499999999999261       0.80926214517586936     
   5.5599999999999259       0.81035876610332946     
   5.5699999999999257       0.81148682503039626     
   5.5799999999999255       0.81264675237270523     
   5.5899999999999253       0.81383895077844803     
   5.5999999999999250       0.81506379254312844     
   5.6099999999999248       0.81632161697192052     
   5.6199999999999246       0.81761272770030979     
   5.6299999999999244       0.81893738998469101     
   5.6399999999999242       0.82029582797604506     
   5.6499999999999240       0.82168822199090208     
   5.6599999999999238       0.82311470579506385     
   5.6699999999999235       0.82457536391671171     
   5.6799999999999233       0.82607022900666438     
   5.6899999999999231       0.82759927926448784     
   5.6999999999999229       0.82916243595018957     
   5.7099999999999227       0.83075956100197523     
   5.7199999999999225       0.83239045478115747     
   5.7299999999999223       0.83405485396593493     
   5.7399999999999221       0.83575242961590768     
   5.7499999999999218       0.83748278542935728     
   5.7599999999999216       0.83924545621525493     
   5.7699999999999214       0.84103990660141525     
   5.7799999999999212       0.84286552999972630     
   5.7899999999999210       0.84472164784842851     
   5.7999999999999208       0.84660750915014915     
   5.8099999999999206       0.84852229032304705     
   5.8199999999999203       0.85046509538059323     
   5.8299999999999201       0.85243495645342704     
   5.8399999999999199       0.85443083466454928     
   5.8499999999999197       0.85645162136644326     
   5.8599999999999195       0.85849613974592442     
   5.8699999999999193       0.86056314679964863     
   5.8799999999999191       0.86265133567983687     
   5.8899999999999189       0.86475933840665364     
   5.8999999999999186       0.86688572894016069     
   5.9099999999999184       0.86902902660132986     
   5.9199999999999182       0.87118769982819710     
   5.9299999999999180       0.87336017024973134     
   5.9399999999999178       0.87554481705675502     
   5.9499999999999176       0.87773998164603784     
   5.9599999999999174       0.87994397251075906     
   5.9699999999999172       0.88215507034775287     
   5.9799999999999169       0.88437153334958296     
   5.9899999999999167       0.88659160264734205     
   5.9999999999999165       0.88881350786843116     
   6.0099999999999163       0.89103547277212536     
   6.0199999999999161       0.89325572092493188     
   6.0299999999999159       0.89547248137728652     
   6.0399999999999157       0.89768399430299595     
   6.0499999999999154       0.89988851656345481     
   6.0599999999999152       0.90208432715935638     
   6.0699999999999150       0.90426973253406340     
   6.0799999999999148       0.90644307169434180     
   6.0899999999999146       0.90860272111645679     
   6.0999999999999144       0.91074709940776322     
   6.1099999999999142       0.91287467169689007     
   6.1199999999999140       0.91498395372833918     
   6.1299999999999137       0.91707351564070672     
   6.1399999999999135       0.91914198541079473     
   6.1499999999999133       0.92118805194951436     
   6.1599999999999131       0.92321046783880512     
   6.1699999999999129       0.92520805170230147     
   6.1799999999999127       0.92717969020582891     
   6.1899999999999125       0.92912433968728436     
   6.1999999999999122       0.93104102741839279     
   6.2099999999999120       0.93292885250409741     
   6.2199999999999118       0.93478698642795244     
   6.2299999999999116       0.93661467325455661     
   6.2399999999999114       0.93841122950243283     
   6.2499999999999112       0.94017604370263064     
   6.2599999999999110       0.94190857566037722     
   6.2699999999999108       0.94360835543836685     
   6.2799999999999105       0.94527498208158056     
   6.2899999999999103       0.94690812210453101     
   6.2999999999999101       0.94850750776229575     
   6.3099999999999099       0.95007293512730862     
   6.3199999999999097       0.95160426199389869     
   6.3299999999999095       0.95310140563252810     
   6.3399999999999093       0.95456434041536198     
   6.3499999999999091       0.95599309533440169     
   6.3599999999999088       0.95738775143265942     
   6.3699999999999086       0.95874843916817676     
   6.3799999999999084       0.96007533572963355     
   6.3899999999999082       0.96136866232143825     
   6.3999999999999080       0.96262868143492197     
   6.4099999999999078       0.96385569412125938     
   6.4199999999999076       0.96505003728038807     
   6.4299999999999073       0.96621208097909017     
   6.4399999999999071       0.96734222581007934     
   6.4499999999999069       0.96844090030273067     
   6.4599999999999067       0.96950855839492611     
   6.4699999999999065       0.97054567697420024     
   6.4799999999999063       0.97155275349534831     
   6.4899999999999061       0.97253030368043802     
   6.4999999999999059       0.97347885930624301     
   6.5099999999999056       0.97439896608305032     
   6.5199999999999054       0.97529118162787354     
   6.5299999999999052       0.97615607353432188     
   6.5399999999999050       0.97699421754045646     
   6.5499999999999048       0.97780619579542083     
   6.5599999999999046       0.97859259522476472     
   6.5699999999999044       0.97935400599399058     
   6.5799999999999041       0.98009102006914772     
   6.5899999999999039       0.98080422987300586     
   6.5999999999999037       0.98149422703477862     
   6.6099999999999035       0.98216160123111229     
   6.6199999999999033       0.98280693911574568     
   6.6299999999999031       0.98343082333497223     
   6.6399999999999029       0.98403383162581548     
   6.6499999999999027       0.98461653599377519     
   6.6599999999999024       0.98517950196672865     
   6.6699999999999022       0.98572328792161557     
   6.6799999999999020       0.98624844448039839     
   6.6899999999999018       0.98675551397182992     
   6.6999999999999016       0.98724502995547381     
   6.7099999999999014       0.98771751680459496     
   6.7199999999999012       0.98817348934434179     
   6.7299999999999010       0.98861345254199784     
   6.7399999999999007       0.98903790124590152     
   6.7499999999999005       0.98944731996983548     
   6.7599999999999003       0.98984218271981228     
   6.7699999999999001       0.99022295286018869     
   6.7799999999998999       0.99059008301621410     
   6.7899999999998997       0.99094401501028484     
   6.7999999999998995       0.99128517982913833     
   6.8099999999998992       0.99161399761952729     
   6.8199999999998990       0.99193087770992483     
   6.8299999999998988       0.99223621865591249     
   6.8399999999998986       0.99253040830714789     
   6.8499999999998984       0.99281382389383188     
   6.8599999999998982       0.99308683213065763     
   6.8699999999998980       0.99334978933657880     
   6.8799999999998978       0.99360304156850632     
   6.8899999999998975       0.99384692476747760     
   6.8999999999998973       0.99408176491569145     
   6.9099999999998971       0.99430787820312971     
   6.9199999999998969       0.99452557120233265     
   6.9299999999998967       0.99473514105026295     
   6.9399999999998965       0.99493687563605127     
   6.9499999999998963       0.99513105379360001     
   6.9599999999998960       0.99531794549818153     
   6.9699999999998958       0.99549781206605126     
   6.9799999999998956       0.99567090635633571     
   6.9899999999998954       0.99583747297446479     
   6.9999999999998952       0.99599774847645905     
   7.0099999999998950       0.99615196157348984     
   7.0199999999998948       0.99630033333612866     
   7.0299999999998946       0.99644307739784821     
   7.0399999999998943       0.99658040015722549     
   7.0499999999998941       0.99671250097859598     
   7.0599999999998939       0.99683957239063103     
   7.0699999999998937       0.99696180028267789     
   7.0799999999998935       0.99707936409844189     
   7.0899999999998933       0.99719243702688276     
   7.0999999999998931       0.99730118619002672     
   7.1099999999998929       0.99740577282755694     
   7.1199999999998926       0.99750635247798924     
   7.1299999999998924       0.99760307515633373     
   7.1399999999998922       0.99769608552810374     
   7.1499999999998920       0.99778552307958945     
   7.1599999999998918       0.99787152228433940     
   7.1699999999998916       0.99795421276577256     
   7.1799999999998914       0.99803371945589270     
   7.1899999999998911       0.99811016275010067     
   7.1999999999998909       0.99818365865804259     
   7.2099999999998907       0.99825431895057604     
   7.2199999999998905       0.99832225130277152     
   7.2299999999998903       0.99838755943303759     
   7.2399999999998901       0.99845034323839110     
   7.2499999999998899       0.99851069892585975     
   7.2599999999998897       0.99856871914013090     
   7.2699999999998894       0.99862449308745260     
   7.2799999999998892       0.99867810665582957     
   7.2899999999998890       0.99872964253163132     
   7.2999999999998888       0.99877918031258894     
   7.3099999999998886       0.99882679661734508     
   7.3199999999998884       0.99887256519153744     
   7.3299999999998882       0.99891655701053694     
   7.3399999999998879       0.99895884037890115     
   7.3499999999998877       0.99899948102661973     
   7.3599999999998875       0.99903854220220190     
   7.3699999999998873       0.99907608476273502     
   7.3799999999998871       0.99911216726092988     
   7.3899999999998869       0.99914684602927950     
   7.3999999999998867       0.99918017526136160     
   7.4099999999998865       0.99921220709041469     
   7.4199999999998862       0.99924299166520170     
   7.4299999999998860       0.99927257722330110     
   7.4399999999998858       0.99930101016184891     
   7.4499999999998856       0.99932833510581054     
   7.4599999999998854       0.99935459497390966     
   7.4699999999998852       0.99937983104220129     
   7.4799999999998850       0.99940408300543426     
   7.4899999999998847       0.99942738903620332     
   7.4999999999998845       0.99944978584204791     
   7.5099999999998843       0.99947130872045897     
   7.5199999999998841       0.99949199161194313     
   7.5299999999998839       0.99951186715117835     
   7.5399999999998837       0.99953096671628394     
   7.5499999999998835       0.99954932047635048     
   7.5599999999998833       0.99956695743720991     
   7.5699999999998830       0.99958390548555320     
   7.5799999999998828       0.99960019143141388     
   7.5899999999998826       0.99961584104909762     
   7.5999999999998824       0.99963087911662563     
   7.6099999999998822       0.99964532945367646     
   7.6199999999998820       0.99965921495818455     
   7.6299999999998818       0.99967255764151652     
   7.6399999999998816       0.99968537866239238     
   7.6499999999998813       0.99969769835951228     
   7.6599999999998811       0.99970953628297188     
   7.6699999999998809       0.99972091122450935     
   7.6799999999998807       0.99973184124660008     
   7.6899999999998805       0.99974234371049653     
   7.6999999999998803       0.99975243530314806     
   7.7099999999998801       0.99976213206319464     
   7.7199999999998798       0.99977144940588092     
   7.7299999999998796       0.99978040214711406     
   7.7399999999998794       0.99978900452655850     
   7.7499999999998792       0.99979727022987264     
   7.7599999999998790       0.99980521241009490     
   7.7699999999998788       0.99981284370823376     
   7.7799999999998786       0.99982017627304742     
   7.7899999999998784       0.99982722178008898     
   7.7999999999998781       0.99983399145002394     
   7.8099999999998779       0.99984049606622505     
   7.8199999999998777       0.99984674599174328     
   7.8299999999998775       0.99985275118557249     
   7.8399999999998773       0.99985852121831920     
   7.8499999999998771       0.99986406528728899     
   7.8599999999998769       0.99986939223094617     
   7.8699999999998766       0.99987451054287391     
   7.8799999999998764       0.99987942838513943     
   7.8899999999998762       0.99988415360120364     
   7.8999999999998760       0.99988869372828737     
   7.9099999999998758       0.99989305600928291     
   7.9199999999998756       0.99989724740420227     
   7.9299999999998754       0.99990127460117906     
   7.9399999999998752       0.99990514402706510     
   7.9499999999998749       0.99990886185757788     
   7.9599999999998747       0.99991243402710239     
   7.9699999999998745       0.99991586623807960     
   7.9799999999998743       0.99991916397004943     
   7.9899999999998741       0.99992233248832640     
   7.9999999999998739       0.99992537685236771     
   8.0099999999998737       0.99992830192378690     
   8.0199999999998735       0.99993111237407328     
   8.0299999999998732       0.99993381269201387     
   8.0399999999998730       0.99993640719080901     
   8.0499999999998728       0.99993890001493346     
   8.0599999999998726       0.99994129514672381     
   8.0699999999998724       0.99994359641269659     
   8.0799999999998722       0.99994580748965389     
   8.0899999999998720       0.99994793191049547     
   8.0999999999998717       0.99994997306987854     
   8.1099999999998715       0.99995193422958450     
   8.1199999999998713       0.99995381852373300     
   8.1299999999998711       0.99995562896375767     
   8.1399999999998709       0.99995736844320404     
   8.1499999999998707       0.99995903974234557     
   8.1599999999998705       0.99996064553259223     
   8.1699999999998703       0.99996218838076623     
   8.1799999999998700       0.99996367075318260     
   8.1899999999998698       0.99996509501958208     
   8.1999999999998696       0.99996646345688900     
   8.2099999999998694       0.99996777825288441     
   8.2199999999998692       0.99996904150964783     
   8.2299999999998690       0.99997025524693683     
   8.2399999999998688       0.99997142140539574     
   8.2499999999998685       0.99997254184965612     
   8.2599999999998683       0.99997361837131471     
   8.2699999999998681       0.99997465269178021     
   8.2799999999998679       0.99997564646503256     
   8.2899999999998677       0.99997660128025112     
   8.2999999999998675       0.99997751866435669     
   8.3099999999998673       0.99997840008445416     
   8.3199999999998671       0.99997924695016449     
   8.3299999999998668       0.99998006061587219     
   8.3399999999998666       0.99998084238290297     
   8.3499999999998664       0.99998159350159654     
   8.3599999999998662       0.99998231517328640     
   8.3699999999998660       0.99998300855223909     
   8.3799999999998658       0.99998367474749039     
   8.3899999999998656       0.99998431482461492     
   8.3999999999998654       0.99998492980743059     
   8.4099999999998651       0.99998552067963131     
   8.4199999999998649       0.99998608838636138     
   8.4299999999998647       0.99998663383572528     
   8.4399999999998645       0.99998715790023596     
   8.4499999999998643       0.99998766141821116     
   8.4599999999998641       0.99998814519511592     
   8.4699999999998639       0.99998861000483907     
   8.4799999999998636       0.99998905659094406     
   8.4899999999998634       0.99998948566784862     
   8.4999999999998632       0.99998989792196769     
   8.5099999999998630       0.99999029401281192     
   8.5199999999998628       0.99999067457404200     
   8.5299999999998626       0.99999104021448149     
   8.5399999999998624       0.99999139151908523     
   8.5499999999998622       0.99999172904988720     
   8.5599999999998619       0.99999205334688190     
   8.5699999999998617       0.99999236492890120     
   8.5799999999998615       0.99999266429443934     
   8.5899999999998613       0.99999295192244531     
   8.5999999999998611       0.99999322827310011     
   8.6099999999998609       0.99999349378853508     
   8.6199999999998607       0.99999374889355985     
   8.6299999999998604       0.99999399399632494     
   8.6399999999998602       0.99999422948898220     
   8.6499999999998600       0.99999445574830959     
   8.6599999999998598       0.99999467313631696     
   8.6699999999998596       0.99999488200081976     
   8.6799999999998594       0.99999508267599735     
   8.6899999999998592       0.99999527548293032     
   8.6999999999998590       0.99999546073011003     
   8.7099999999998587       0.99999563871393482     
   8.7199999999998585       0.99999580971918334     
   8.7299999999998583       0.99999597401946738     
   8.7399999999998581       0.99999613187767422     
   8.7499999999998579       0.99999628354638381     
   8.7599999999998577       0.99999642926827148     
   8.7699999999998575       0.99999656927650427     
   8.7799999999998573       0.99999670379510219     
   8.7899999999998570       0.99999683303930198     
   8.7999999999998568       0.99999695721590720     
   8.8099999999998566       0.99999707652360792     
   8.8199999999998564       0.99999719115330898     
   8.8299999999998562       0.99999730128842457     
   8.8399999999998560       0.99999740710518437     
   8.8499999999998558       0.99999750877290572     
   8.8599999999998555       0.99999760645426450     
   8.8699999999998553       0.99999770030556412     
   8.8799999999998551       0.99999779047697579     
   8.8899999999998549       0.99999787711278521     
   8.8999999999998547       0.99999796035161992     
   8.9099999999998545       0.99999804032667128     
   8.9199999999998543       0.99999811716591025     
   8.9299999999998541       0.99999819099229070     
   8.9399999999998538       0.99999826192394203     
   8.9499999999998536       0.99999833007436811     
   8.9599999999998534       0.99999839555261438     
   8.9699999999998532       0.99999845846346069     
   8.9799999999998530       0.99999851890757063     
   8.9899999999998528       0.99999857698166339     
   8.9999999999998526       0.99999863277866630     
   9.0099999999998523       0.99999868638786582     
   9.0199999999998521       0.99999873789504035     
   9.0299999999998519       0.99999878738261450     
   9.0399999999998517       0.99999883492977248     
   9.0499999999998515       0.99999888061259923     
   9.0599999999998513       0.99999892450419481     
   9.0699999999998511       0.99999896667479249     
   9.0799999999998509       0.99999900719187229     
   9.0899999999998506       0.99999904612026880     
   9.0999999999998504       0.99999908352227374     
   9.1099999999998502       0.99999911945773745     
   9.1199999999998500       0.99999915398416184     
   9.1299999999998498       0.99999918715679570     
   9.1399999999998496       0.99999921902872180     
   9.1499999999998494       0.99999924965093989     
   9.1599999999998492       0.99999927907245245     
   9.1699999999998489       0.99999930734033760     
   9.1799999999998487       0.99999933449982992     
   9.1899999999998485       0.99999936059439043     
   9.1999999999998483       0.99999938566577307     
   9.2099999999998481       0.99999940975409862     
   9.2199999999998479       0.99999943289791304     
   9.2299999999998477       0.99999945513424904     
   9.2399999999998474       0.99999947649869014     
   9.2499999999998472       0.99999949702542290     
   9.2599999999998470       0.99999951674729592     
   9.2699999999998468       0.99999953569586586     
   9.2799999999998466       0.99999955390145523     
   9.2899999999998464       0.99999957139319562     
   9.2999999999998462       0.99999958819907719     
   9.3099999999998460       0.99999960434599389     
   9.3199999999998457       0.99999961985978281     
   9.3299999999998455       0.99999963476526910     
   9.3399999999998453       0.99999964908630545     
   9.3499999999998451       0.99999966284580721     
   9.3599999999998449       0.99999967606579376     
   9.3699999999998447       0.99999968876741696     
   9.3799999999998445       0.99999970097100521     
   9.3899999999998442       0.99999971269608501     
   9.3999999999998440       0.99999972396141734     
   9.4099999999998438       0.99999973478503301     
   9.4199999999998436       0.99999974518424806     
   9.4299999999998434       0.99999975517570627     
   9.4399999999998432       0.99999976477539343     
   9.4499999999998430       0.99999977399867335     
   9.4599999999998428       0.99999978286030256     
   9.4699999999998425       0.99999979137446404     
   9.4799999999998423       0.99999979955478069     
   9.4899999999998421       0.99999980741434369     
   9.4999999999998419       0.99999981496572965     
   9.5099999999998417       0.99999982222102091     
   9.5199999999998415       0.99999982919182862     
   9.5299999999998413       0.99999983588930796     
   9.5399999999998411       0.99999984232417605     
   9.5499999999998408       0.99999984850672952     
   9.5599999999998406       0.99999985444686090     
   9.5699999999998404       0.99999986015407805     
   9.5799999999998402       0.99999986563751242     
   9.5899999999998400       0.99999987090593734     
   9.5999999999998398       0.99999987596778561     
   9.6099999999998396       0.99999988083115499     
   9.6199999999998393       0.99999988550382923     
   9.6299999999998391       0.99999988999328737     
   9.6399999999998389       0.99999989430670944     
   9.6499999999998387       0.99999989845100024     
   9.6599999999998385       0.99999990243279235     
   9.6699999999998383       0.99999990625845525     
   9.6799999999998381       0.99999990993411203     
   9.6899999999998379       0.99999991346564521     
   9.6999999999998376       0.99999991685870482     
   9.7099999999998374       0.99999992011872030     
   9.7199999999998372       0.99999992325090958     
   9.7299999999998370       0.99999992626028300     
   9.7399999999998368       0.99999992915165792     
   9.7499999999998366       0.99999993192966030     
   9.7599999999998364       0.99999993459873515     
   9.7699999999998361       0.99999993716315472     
   9.7799999999998359       0.99999993962702183     
   9.7899999999998357       0.99999994199427966     
   9.7999999999998355       0.99999994426871597     
   9.8099999999998353       0.99999994645397039     
   9.8199999999998351       0.99999994855354046     
   9.8299999999998349       0.99999995057078395     
   9.8399999999998347       0.99999995250893092     
   9.8499999999998344       0.99999995437108202     
   9.8599999999998342       0.99999995616021620     
   9.8699999999998340       0.99999995787919971     
   9.8799999999998338       0.99999995953077958     
   9.8899999999998336       0.99999996111759915     
   9.8999999999998334       0.99999996264220081     
   9.9099999999998332       0.99999996410702052     
   9.9199999999998330       0.99999996551440384     
   9.9299999999998327       0.99999996686660375     
   9.9399999999998325       0.99999996816578163     
   9.9499999999998323       0.99999996941402003     
   9.9599999999998321       0.99999997061331258     
   9.9699999999998319       0.99999997176558075     
   9.9799999999998317       0.99999997287266873     
   9.9899999999998315       0.99999997393634688     
   9.9999999999998312       0.99999997495831672     
