   0.0000000000000000        2.4283053798329248E-017
   1.0000000000000000E-002   3.5420084727004783E-003
   2.0000000000000000E-002   7.0250171415504577E-003
   2.9999999999999999E-002   1.0394578562284876E-002
   4.0000000000000001E-002   1.3604239117313224E-002
   5.0000000000000003E-002   1.6617425804286080E-002
   6.0000000000000005E-002   1.9408005200797173E-002
   7.0000000000000007E-002   2.1959971930614615E-002
   8.0000000000000002E-002   2.4266627346119042E-002
   8.9999999999999997E-002   2.6329458731236405E-002
   9.9999999999999992E-002   2.8156848873121729E-002
  0.10999999999999999        2.9762726676735980E-002
  0.11999999999999998        3.1165271530162894E-002
  0.12999999999999998        3.2385781976424242E-002
  0.13999999999999999        3.3447804592391932E-002
  0.14999999999999999        3.4376591305095204E-002
  0.16000000000000000        3.5198911068774090E-002
  0.17000000000000001        3.5943174964676659E-002
  0.18000000000000002        3.6639719607801283E-002
  0.19000000000000003        3.7320901014302875E-002
  0.20000000000000004        3.8020371009823181E-002
  0.21000000000000005        3.8770640186221603E-002
  0.22000000000000006        3.9598119545286595E-002
  0.23000000000000007        4.0515884053263090E-002
  0.24000000000000007        4.1516736678373307E-002
  0.25000000000000006        4.2571512596491133E-002
  0.26000000000000006        4.3636728401620611E-002
  0.27000000000000007        4.4669917545760919E-002
  0.28000000000000008        4.5644705776411054E-002
  0.29000000000000009        4.6557865077693356E-002
  0.30000000000000010        4.7427074896435634E-002
  0.31000000000000011        4.8283763702894861E-002
  0.32000000000000012        4.9165968353615683E-002
  0.33000000000000013        5.0113625392676241E-002
  0.34000000000000014        5.1166383978647409E-002
  0.35000000000000014        5.2363062252600810E-002
  0.36000000000000015        5.3741844609560371E-002
  0.37000000000000016        5.5340609643886311E-002
  0.38000000000000017        5.7197058673217394E-002
  0.39000000000000018        5.9348497714562048E-002
  0.40000000000000019        6.1831223974334638E-002
  0.41000000000000020        6.4679508250015408E-002
  0.42000000000000021        6.7924162067885555E-002
  0.43000000000000022        7.1590636350600229E-002
  0.44000000000000022        7.5696523380556421E-002
  0.45000000000000023        8.0248264295882457E-002
  0.46000000000000024        8.5236912106673862E-002
  0.47000000000000025        9.0633164443949726E-002
  0.48000000000000026        9.6382727386009226E-002
  0.49000000000000027       0.10240419238242168     
  0.50000000000000022       0.10859207812096446     
  0.51000000000000023       0.11482625536123829     
  0.52000000000000024       0.12098563302704589     
  0.53000000000000025       0.12696120154319016     
  0.54000000000000026       0.13266414258963602     
  0.55000000000000027       0.13802814332868032     
  0.56000000000000028       0.14300792247255942     
  0.57000000000000028       0.14757642735278909     
  0.58000000000000029       0.15172211627619620     
  0.59000000000000030       0.15544669353093427     
  0.60000000000000031       0.15876318659675037     
  0.61000000000000032       0.16169421026129610     
  0.62000000000000033       0.16427038231267047     
  0.63000000000000034       0.16652897708187114     
  0.64000000000000035       0.16851296584482123     
  0.65000000000000036       0.17027058372230239     
  0.66000000000000036       0.17185547256691025     
  0.67000000000000037       0.17332724931257962     
  0.68000000000000038       0.17475198443527598     
  0.69000000000000039       0.17620150181275848     
  0.70000000000000040       0.17774972490976274     
  0.71000000000000041       0.17946397080192988     
  0.72000000000000042       0.18139016045941994     
  0.73000000000000043       0.18353446371445328     
  0.74000000000000044       0.18584937598517798     
  0.75000000000000044       0.18823552090546611     
  0.76000000000000045       0.19056547148226693     
  0.77000000000000046       0.19272199298851947     
  0.78000000000000047       0.19463137349247689     
  0.79000000000000048       0.19627589320878486     
  0.80000000000000049       0.19768495326246935     
  0.81000000000000050       0.19891613324892271     
  0.82000000000000051       0.20003754215196090     
  0.83000000000000052       0.20111657202985342     
  0.84000000000000052       0.20221487163350765     
  0.85000000000000053       0.20338731576809846     
  0.86000000000000054       0.20468283175341559     
  0.87000000000000055       0.20614568819108409     
  0.88000000000000056       0.20781651799413187     
  0.89000000000000057       0.20973276617064296     
  0.90000000000000058       0.21192847190668995     
  0.91000000000000059       0.21443339504980669     
  0.92000000000000060       0.21727153303189692     
  0.93000000000000060       0.22045906937623463     
  0.94000000000000061       0.22400176211782868     
  0.95000000000000062       0.22789175751164251     
  0.96000000000000063       0.23210390911822620     
  0.97000000000000064       0.23659207447123370     
  0.98000000000000065       0.24128664623981408     
  0.99000000000000066       0.24609541794324685     
   1.0000000000000007       0.25090984209672335     
   1.0100000000000007       0.25561687303088626     
   1.0200000000000007       0.26011336773620575     
   1.0300000000000007       0.26431793172271839     
   1.0400000000000007       0.26817642789002744     
   1.0500000000000007       0.27166105641239707     
   1.0600000000000007       0.27476562803673504     
   1.0700000000000007       0.27749984459772087     
   1.0800000000000007       0.27988418519571712     
   1.0900000000000007       0.28194586960004503     
   1.1000000000000008       0.28371583225284069     
   1.1100000000000008       0.28522651506517049     
   1.1200000000000008       0.28651031498713736     
   1.1300000000000008       0.28759856822887658     
   1.1400000000000008       0.28852098049399560     
   1.1500000000000008       0.28930542218391653     
   1.1600000000000008       0.28997800314062433     
   1.1700000000000008       0.29056331988165723     
   1.1800000000000008       0.29108472044013678     
   1.1900000000000008       0.29156435458199376     
   1.2000000000000008       0.29202269995836211     
   1.2100000000000009       0.29247727826101966     
   1.2200000000000009       0.29294056721024847     
   1.2300000000000009       0.29341775533601450     
   1.2400000000000009       0.29390567987155347     
   1.2500000000000009       0.29439431396364379     
   1.2600000000000009       0.29487101147553041     
   1.2700000000000009       0.29532591240026418     
   1.2800000000000009       0.29575596721770397     
   1.2900000000000009       0.29616597454312193     
   1.3000000000000009       0.29656699995299585     
   1.3100000000000009       0.29697374933922616     
   1.3200000000000010       0.29740226455816898     
   1.3300000000000010       0.29786846520533872     
   1.3400000000000010       0.29838742423625242     
   1.3500000000000010       0.29897305018303771     
   1.3600000000000010       0.29963788906931932     
   1.3700000000000010       0.30039287269946879     
   1.3800000000000010       0.30124694129202656     
   1.3900000000000010       0.30220653953362064     
   1.4000000000000010       0.30327503205459649     
   1.4100000000000010       0.30445211485310425     
   1.4200000000000010       0.30573331699808448     
   1.4300000000000010       0.30710969234900348     
   1.4400000000000011       0.30856779304230003     
   1.4500000000000011       0.31008999407026272     
   1.4600000000000011       0.31165520070972358     
   1.4700000000000011       0.31323991830352726     
   1.4800000000000011       0.31481960139209519     
   1.4900000000000011       0.31637013857692375     
   1.5000000000000011       0.31786929022670052     
   1.5100000000000011       0.31929789625925953     
   1.5200000000000011       0.32064071500734936     
   1.5300000000000011       0.32188682759582371     
   1.5400000000000011       0.32302962127442980     
   1.5500000000000012       0.32406642854254131     
   1.5600000000000012       0.32499793534725574     
   1.5700000000000012       0.32582747941112239     
   1.5800000000000012       0.32656034374532206     
   1.5900000000000012       0.32720311954332776     
   1.6000000000000012       0.32776317745354550     
   1.6100000000000012       0.32824825596720542     
   1.6200000000000012       0.32866615582779701     
   1.6300000000000012       0.32902452080522110     
   1.6400000000000012       0.32933068512915686     
   1.6500000000000012       0.32959157215101559     
   1.6600000000000013       0.32981363375904471     
   1.6700000000000013       0.33000282356863769     
   1.6800000000000013       0.33016459825643457     
   1.6900000000000013       0.33030394074426067     
   1.7000000000000013       0.33042539673142357     
   1.7100000000000013       0.33053311321244550     
   1.7200000000000013       0.33063086634307937     
   1.7300000000000013       0.33072207081928390     
   1.7400000000000013       0.33080977845128712     
   1.7500000000000013       0.33089669663188342     
   1.7600000000000013       0.33098526944698453     
   1.7700000000000014       0.33107784329958889     
   1.7800000000000014       0.33117688955493474     
   1.7900000000000014       0.33128521689623203     
   1.8000000000000014       0.33140611147114135     
   1.8100000000000014       0.33154338879313444     
   1.8200000000000014       0.33170138700294843     
   1.8300000000000014       0.33188494322144008     
   1.8400000000000014       0.33209937759420322     
   1.8500000000000014       0.33235048763597591     
   1.8600000000000014       0.33264454360034729     
   1.8700000000000014       0.33298827370009360     
   1.8800000000000014       0.33338883035314149     
   1.8900000000000015       0.33385373073503000     
   1.9000000000000015       0.33439076466196138     
   1.9100000000000015       0.33500785953044038     
   1.9200000000000015       0.33571288579964315     
   1.9300000000000015       0.33651337815595167     
   1.9400000000000015       0.33741613901270784     
   1.9500000000000015       0.33842668635884116     
   1.9600000000000015       0.33954851471902969     
   1.9700000000000015       0.34078216890682472     
   1.9800000000000015       0.34212420126581128     
   1.9900000000000015       0.34356619797626409     
   2.0000000000000013       0.34509417769424561     
   2.0100000000000011       0.34668868553907434     
   2.0200000000000009       0.34832574036188502     
   2.0300000000000007       0.34997849974628503     
   2.0400000000000005       0.35161927553857475     
   2.0500000000000003       0.35322149825404192     
   2.0600000000000001       0.35476135645396140     
   2.0699999999999998       0.35621899994650386     
   2.0799999999999996       0.35757930237248525     
   2.0899999999999994       0.35883222226815492     
   2.0999999999999992       0.35997281912411289     
   2.1099999999999990       0.36100099950033870     
   2.1199999999999988       0.36192109079793072     
   2.1299999999999986       0.36274135830751492     
   2.1399999999999983       0.36347358685849734     
   2.1499999999999981       0.36413283751516912     
   2.1599999999999979       0.36473745790521050     
   2.1699999999999977       0.36530936062724173     
   2.1799999999999975       0.36587446268564350     
   2.1899999999999973       0.36646296117144311     
   2.1999999999999971       0.36710877988243623     
   2.2099999999999969       0.36784713235589395     
   2.2199999999999966       0.36870905185182834     
   2.2299999999999964       0.36971264810608251     
   2.2399999999999962       0.37085336193092966     
   2.2499999999999960       0.37209863722918252     
   2.2599999999999958       0.37339279830451527     
   2.2699999999999956       0.37467272117990691     
   2.2799999999999954       0.37588731040028339     
   2.2899999999999952       0.37701119147988599     
   2.2999999999999949       0.37804774361764415     
   2.3099999999999947       0.37902345388951802     
   2.3199999999999945       0.37997898561294391     
   2.3299999999999943       0.38096147685690845     
   2.3399999999999941       0.38201992285814224     
   2.3499999999999939       0.38320341903779515     
   2.3599999999999937       0.38456123857231334     
   2.3699999999999934       0.38614376195451100     
   2.3799999999999932       0.38800359321878219     
   2.3899999999999930       0.39019647799680646     
   2.3999999999999928       0.39278179758751564     
   2.4099999999999926       0.39582246025187773     
   2.4199999999999924       0.39938396813598404     
   2.4299999999999922       0.40353231370131254     
   2.4399999999999920       0.40833015582012894     
   2.4499999999999917       0.41383048375529163     
   2.4599999999999915       0.42006687560431361     
   2.4699999999999913       0.42703995496063368     
   2.4799999999999911       0.43470147426465561     
   2.4899999999999909       0.44294091226363069     
   2.4999999999999907       0.45158281639678038     
   2.5099999999999905       0.46040196740239792     
   2.5199999999999902       0.46915508038643772     
   2.5299999999999900       0.47761744172237919     
   2.5399999999999898       0.48561033494163686     
   2.5499999999999896       0.49301229815928088     
   2.5599999999999894       0.49975646238935428     
   2.5699999999999892       0.50582055419651450     
   2.5799999999999890       0.51121538509379427     
   2.5899999999999888       0.51597497542831205     
   2.5999999999999885       0.52014927703895764     
   2.6099999999999883       0.52379939606893566     
   2.6199999999999881       0.52699495543877184     
   2.6299999999999879       0.52981333031539946     
   2.6399999999999877       0.53234066152232651     
   2.6499999999999875       0.53467466560676569     
   2.6599999999999873       0.53692922207702365     
   2.6699999999999871       0.53924038701846411     
   2.6799999999999868       0.54177260900772117     
   2.6899999999999866       0.54472216454728284     
   2.6999999999999864       0.54831200174538153     
   2.7099999999999862       0.55276907081707660     
   2.7199999999999860       0.55827507837940504     
   2.7299999999999858       0.56489081288453469     
   2.7399999999999856       0.57247736560723383     
   2.7499999999999853       0.58066393750266454     
   2.7599999999999851       0.58890878669242086     
   2.7699999999999849       0.59664546377478156     
   2.7799999999999847       0.60343993962937248     
   2.7899999999999845       0.60907670725756791     
   2.7999999999999843       0.61355020581497455     
   2.8099999999999841       0.61699712244606297     
   2.8199999999999839       0.61961919760022677     
   2.8299999999999836       0.62162636517282843     
   2.8399999999999834       0.62320645677800746     
   2.8499999999999832       0.62451514230466076     
   2.8599999999999830       0.62567737581655147     
   2.8699999999999828       0.62679379951038239     
   2.8799999999999826       0.62794841797565271     
   2.8899999999999824       0.62921592121515557     
   2.8999999999999821       0.63066816851671270     
   2.9099999999999819       0.63237979326124172     
   2.9199999999999817       0.63443286077237260     
   2.9299999999999815       0.63692006989847061     
   2.9399999999999813       0.63994508261588889     
   2.9499999999999811       0.64361719683863960     
   2.9599999999999809       0.64803622905034097     
   2.9699999999999807       0.65326383404273836     
   2.9799999999999804       0.65928271256433046     
   2.9899999999999802       0.66595727043158470     
   2.9999999999999800       0.67302223689357021     
   3.0099999999999798       0.68012238829909855     
   3.0199999999999796       0.68689635784188996     
   3.0299999999999794       0.69306275571976450     
   3.0399999999999792       0.69846536276455151     
   3.0499999999999790       0.70306724111896857     
   3.0599999999999787       0.70691454064771320     
   3.0699999999999785       0.71009616284911015     
   3.0799999999999783       0.71271385672464516     
   3.0899999999999781       0.71486530672019311     
   3.0999999999999779       0.71663701915404332     
   3.1099999999999777       0.71810295896712306     
   3.1199999999999775       0.71932598298200123     
   3.1299999999999772       0.72036040490650100     
   3.1399999999999770       0.72125493813198172     
   3.1499999999999768       0.72205576920784786     
   3.1599999999999766       0.72280972269078270     
   3.1699999999999764       0.72356745552141177     
   3.1799999999999762       0.72438635533760742     
   3.1899999999999760       0.72533223741953634     
   3.1999999999999758       0.72647799947910596     
   3.2099999999999755       0.72789637910777638     
   3.2199999999999753       0.72964396059351855     
   3.2299999999999751       0.73173672394753120     
   3.2399999999999749       0.73412519422435374     
   3.2499999999999747       0.73668582812528094     
   3.2599999999999745       0.73924351510032571     
   3.2699999999999743       0.74162102926271678     
   3.2799999999999740       0.74368925982085310     
   3.2899999999999738       0.74539149784094383     
   3.2999999999999736       0.74673645928950527     
   3.3099999999999734       0.74777411155107087     
   3.3199999999999732       0.74857092366908029     
   3.3299999999999730       0.74919305603035569     
   3.3399999999999728       0.74969820215566785     
   3.3499999999999726       0.75013339519634792     
   3.3599999999999723       0.75053589108862517     
   3.3699999999999721       0.75093517140104848     
   3.3799999999999719       0.75135503122876079     
   3.3899999999999717       0.75181531285877345     
   3.3999999999999715       0.75233315067096918     
   3.4099999999999713       0.75292371743760611     
   3.4199999999999711       0.75360049562838105     
   3.4299999999999708       0.75437509472937037     
   3.4399999999999706       0.75525663074891980     
   3.4499999999999704       0.75625070240422909     
   3.4599999999999702       0.75735806296579578     
   3.4699999999999700       0.75857321097597463     
   3.4799999999999698       0.75988328713636510     
   3.4899999999999696       0.76126778542068929     
   3.4999999999999694       0.76269952580724787     
   3.5099999999999691       0.76414699726231183     
   3.5199999999999689       0.76557765239088216     
   3.5299999999999687       0.76696131691926894     
   3.5399999999999685       0.76827285434787385     
   3.5499999999999683       0.76949360386665044     
   3.5599999999999681       0.77061161039700621     
   3.5699999999999679       0.77162099707728260     
   3.5799999999999677       0.77252090221518666     
   3.5899999999999674       0.77331430499588760     
   3.5999999999999672       0.77400692533193471     
   3.6099999999999670       0.77460627696267970     
   3.6199999999999668       0.77512089352230085     
   3.6299999999999666       0.77555972106710813     
   3.6399999999999664       0.77593166095605892     
   3.6499999999999662       0.77624524372955161     
   3.6599999999999659       0.77650841343724297     
   3.6699999999999657       0.77672840164978829     
   3.6799999999999655       0.77691167111209891     
   3.6899999999999653       0.77706391069911473     
   3.6999999999999651       0.77719006578097138     
   3.7099999999999649       0.77729439098390019     
   3.7199999999999647       0.77738051524594620     
   3.7299999999999645       0.77745151176142213     
   3.7399999999999642       0.77750996769206904     
   3.7499999999999640       0.77755805035859049     
   3.7599999999999638       0.77759756801135649     
   3.7699999999999636       0.77763002426485750     
   3.7799999999999634       0.77765666596537242     
   3.7899999999999632       0.77767852468382737     
   3.7999999999999630       0.77769645228542539     
   3.8099999999999627       0.77771115114993106     
   3.8199999999999625       0.77772319967069581     
   3.8299999999999623       0.77773307364466460     
   3.8399999999999621       0.77774116413765360     
   3.8499999999999619       0.77774779234772651     
   3.8599999999999617       0.77775322193646712     
   3.8699999999999615       0.77775766923293477     
   3.8799999999999613       0.77776131166316320     
   3.8899999999999610       0.77776429469928388     
   3.8999999999999608       0.77776673758381965     
   3.9099999999999606       0.77776873803829716     
   3.9199999999999604       0.77777037613327360     
   3.9299999999999602       0.77777171746724516     
   3.9399999999999600       0.77777281577612811     
   3.9499999999999598       0.77777371507423287     
   3.9599999999999596       0.77777445140995349     
   3.9699999999999593       0.77777505430617366     
   3.9799999999999591       0.77777554793950621     
   3.9899999999999589       0.77777595210828787     
   3.9999999999999587       0.77777628302429869     
   4.0099999999999589       0.77777655396255974     
   4.0199999999999587       0.77777677579287408     
   4.0299999999999585       0.77777695741545638     
   4.0399999999999583       0.77777710611750650     
   4.0499999999999581       0.77777722786598102     
   4.0599999999999579       0.77777732754606932     
   4.0699999999999577       0.77777740915789817     
   4.0799999999999574       0.77777747597652291     
   4.0899999999999572       0.77777753068315014     
   4.0999999999999570       0.77777757547347148     
   4.1099999999999568       0.77777761214476560     
   4.1199999999999566       0.77777764216875145     
   4.1299999999999564       0.77777766675040105     
   4.1399999999999562       0.77777768687623949     
   4.1499999999999559       0.77777770335387364     
   4.1599999999999557       0.77777771684463737     
   4.1699999999999555       0.77777772788997024     
   4.1799999999999553       0.77777773693316210     
   4.1899999999999551       0.77777774433717606     
   4.1999999999999549       0.77777775039906394     
   4.2099999999999547       0.77777775536211891     
   4.2199999999999545       0.77777775942559157     
   4.2299999999999542       0.77777776275245225     
   4.2399999999999540       0.77777776547642041     
   4.2499999999999538       0.77777776770656326     
   4.2599999999999536       0.77777776953255184     
   4.2699999999999534       0.77777777102770418     
   4.2799999999999532       0.77777777225183953     
   4.2899999999999530       0.77777777325426900     
   4.2999999999999527       0.77777777407518200     
   4.3099999999999525       0.77777777474746312     
   4.3199999999999523       0.77777777529821512     
   4.3299999999999521       0.77777777574931517     
   4.3399999999999519       0.77777777611912391     
   4.3499999999999517       0.77777777642225854     
   4.3599999999999515       0.77777777667105286     
   4.3699999999999513       0.77777777687543304     
   4.3799999999999510       0.77777777704357798     
   4.3899999999999508       0.77777777718220675     
   4.3999999999999506       0.77777777729693687     
   4.4099999999999504       0.77777777739248466     
   4.4199999999999502       0.77777777747245580     
   4.4299999999999500       0.77777777754027133     
   4.4399999999999498       0.77777777759841726     
   4.4499999999999496       0.77777777764940648     
   4.4599999999999493       0.77777777769532896     
   4.4699999999999491       0.77777777773784018     
   4.4799999999999489       0.77777777777891388     
   4.4899999999999487       0.77777777781992907     
   4.4999999999999485       0.77777777786257729     
   4.5099999999999483       0.77777777790868974     
   4.5199999999999481       0.77777777796011627     
   4.5299999999999478       0.77777777801868520     
   4.5399999999999476       0.77777777808698467     
   4.5499999999999474       0.77777777816784044     
   4.5599999999999472       0.77777777826431183     
   4.5699999999999470       0.77777777838023221     
   4.5799999999999468       0.77777777852029506     
   4.5899999999999466       0.77777777869028109     
   4.5999999999999464       0.77777777889673461     
   4.6099999999999461       0.77777777914822821     
   4.6199999999999459       0.77777777945467441     
   4.6299999999999457       0.77777777982836971     
   4.6399999999999455       0.77777778028431566     
   4.6499999999999453       0.77777778084117399     
   4.6599999999999451       0.77777778152075905     
   4.6699999999999449       0.77777778235044004     
   4.6799999999999446       0.77777778336386527     
   4.6899999999999444       0.77777778460153268     
   4.6999999999999442       0.77777778611292736     
   4.7099999999999440       0.77777778795879260     
   4.7199999999999438       0.77777779021333604     
   4.7299999999999436       0.77777779296675464     
   4.7399999999999434       0.77777779633017330     
   4.7499999999999432       0.77777780043783107     
   4.7599999999999429       0.77777780545484421     
   4.7699999999999427       0.77777781158295867     
   4.7799999999999425       0.77777781906743104     
   4.7899999999999423       0.77777782820916630     
   4.7999999999999421       0.77777783937498435     
   4.8099999999999419       0.77777785301284275     
   4.8199999999999417       0.77777786967026363     
   4.8299999999999415       0.77777789001551290     
   4.8399999999999412       0.77777791486531300     
   4.8499999999999410       0.77777794521672805     
   4.8599999999999408       0.77777798228807249     
   4.8699999999999406       0.77777802756719416     
   4.8799999999999404       0.77777808287099515     
   4.8899999999999402       0.77777815041907328     
   4.8999999999999400       0.77777823292239623     
   4.9099999999999397       0.77777833369208116     
   4.9199999999999395       0.77777845677180812     
   4.9299999999999393       0.77777860710122759     
   4.9399999999999391       0.77777879071316292     
   4.9499999999999389       0.77777901497624335     
   4.9599999999999387       0.77777928888979375     
   4.9699999999999385       0.77777962344581764     
   4.9799999999999383       0.77778003206951785     
   4.9899999999999380       0.77778053115747703     
   4.9999999999999378       0.77778114073561122     
   5.0099999999999376       0.77778188526232606     
   5.0199999999999374       0.77778279460918265     
   5.0299999999999372       0.77778390525759811     
   5.0399999999999370       0.77778526176147955     
   5.0499999999999368       0.77778691853166404     
   5.0599999999999365       0.77778894201504856     
   5.0699999999999363       0.77779141335290836     
   5.0799999999999361       0.77779443162804962     
   5.0899999999999359       0.77779811782406882     
   5.0999999999999357       0.77780261965624820     
   5.1099999999999355       0.77780811746416512     
   5.1199999999999353       0.77781483139462160     
   5.1299999999999351       0.77782303015626530     
   5.1399999999999348       0.77783304168338541     
   5.1499999999999346       0.77784526611795768     
   5.1599999999999344       0.77786019159981545     
   5.1699999999999342       0.77787841345982522     
   5.1799999999999340       0.77790065751948556     
   5.1899999999999338       0.77792780833517250     
   5.1999999999999336       0.77796094338452049     
   5.2099999999999334       0.77800137435360339     
   5.2199999999999331       0.77805069687264850     
   5.2299999999999329       0.77811085023764970     
   5.2399999999999327       0.77818418884077112     
   5.2499999999999325       0.77827356717209850     
   5.2599999999999323       0.77838244035379756     
   5.2699999999999321       0.77851498208993419     
   5.2799999999999319       0.77867622165663242     
   5.2899999999999316       0.77887220092432097     
   5.2999999999999314       0.77911015122052441     
   5.3099999999999312       0.77939868789274280     
   5.3199999999999310       0.77974801733742050     
   5.3299999999999308       0.78017014665356266     
   5.3399999999999306       0.78067907950925020     
   5.3499999999999304       0.78129097285036431     
   5.3599999999999302       0.78202421752894480     
   5.3699999999999299       0.78289939202393644     
   5.3799999999999297       0.78393902333652543     
   5.3899999999999295       0.78516707552074527     
   5.3999999999999293       0.78660807897678275     
   5.4099999999999291       0.78828581995620961     
   5.4199999999999289       0.79022153932605399     
   5.4299999999999287       0.79243165236078805     
   5.4399999999999284       0.79492510301036545     
   5.4499999999999282       0.79770060170434631     
   5.4599999999999280       0.80074414209604838     
   5.4699999999999278       0.80402730441953429     
   5.4799999999999276       0.80750687201220284     
   5.4899999999999274       0.81112616093582668     
   5.4999999999999272       0.81481817772174869     
   5.5099999999999270       0.81851032945737989     
   5.5199999999999267       0.82213002864254248     
   5.5299999999999265       0.82561029826481613     
   5.5399999999999263       0.82889448254217335     
   5.5499999999999261       0.83193940579761472     
   5.5599999999999259       0.83471670371945683     
   5.5699999999999257       0.83721244210274703     
   5.5799999999999255       0.83942542309111545     
   5.5899999999999253       0.84136470558443277     
   5.5999999999999250       0.84304684763319337     
   5.6099999999999248       0.84449326640016453     
   5.6199999999999246       0.84572796497213631     
   5.6299999999999244       0.84677573974746867     
   5.6399999999999242       0.84766088049464605     
   5.6499999999999240       0.84840631254014232     
   5.6599999999999238       0.84903310101473706     
   5.6699999999999235       0.84956023088331567     
   5.6799999999999233       0.85000458391602962     
   5.6899999999999231       0.85038104752084265     
   5.6999999999999229       0.85070270560596384     
   5.7099999999999227       0.85098107570688186     
   5.7199999999999225       0.85122636835304177     
   5.7299999999999223       0.85144775380142312     
   5.7399999999999221       0.85165362801306332     
   5.7499999999999218       0.85185187450991362     
   5.7599999999999216       0.85205012191615437     
   5.7699999999999214       0.85225599889234793     
   5.7799999999999212       0.85247738907144599     
   5.7899999999999210       0.85272268860404166     
   5.7999999999999208       0.85300106802406361     
   5.8099999999999206       0.85332273823490679     
   5.8199999999999203       0.85369921725821130     
   5.8299999999999201       0.85414358962131698     
   5.8399999999999199       0.85467074350800731     
   5.8499999999999197       0.85529756165236748     
   5.8599999999999195       0.85604303020946448     
   5.8699999999999193       0.85692821577677436     
   5.8799999999999191       0.85797604547837636     
   5.8899999999999189       0.85921081128765997     
   5.8999999999999186       0.86065731230105580     
   5.9099999999999184       0.86233955490710723     
   5.9199999999999182       0.86427896030361062     
   5.9299999999999180       0.86649209147348116     
   5.9399999999999178       0.86898801334448406     
   5.9499999999999176       0.87176553542333435     
   5.9599999999999174       0.87481073250110997     
   5.9699999999999172       0.87809525125476240     
   5.9799999999999169       0.88157592942920848     
   5.9899999999999167       0.88519612763706856     
   5.9999999999999165       0.88888888888888395     
   6.0099999999999163       0.89258165014069579     
   6.0199999999999161       0.89620184834827965     
   6.0299999999999159       0.89968252652294223     
   6.0399999999999157       0.90296704527661131     
   6.0499999999999154       0.90601224235443534     
   6.0599999999999152       0.90878976443309123     
   6.0699999999999150       0.91128568630418938     
   6.0799999999999148       0.91349881747406736     
   6.0899999999999146       0.91543822287060894     
   6.0999999999999144       0.91712046547640191     
   6.1099999999999142       0.91856696649003922     
   6.1199999999999140       0.91980173229929085     
   6.1299999999999137       0.92084956200100709     
   6.1399999999999135       0.92173474756815033     
   6.1499999999999133       0.92248021612523523     
   6.1599999999999131       0.92310703426952800     
   6.1699999999999129       0.92363418815611553     
   6.1799999999999127       0.92407856051917547     
   6.1899999999999125       0.92445503954238606     
   6.1999999999999122       0.92477670975313320     
   6.2099999999999120       0.92505508917305190     
   6.2199999999999118       0.92530038870549847     
   6.2299999999999116       0.92552177888454901     
   6.2399999999999114       0.92572765586055783     
   6.2499999999999112       0.92592590326655311     
   6.2599999999999110       0.92612414976292790     
   6.2699999999999108       0.92633002397436837     
   6.2799999999999105       0.92655140942227265     
   6.2899999999999103       0.92679670206779652     
   6.2999999999999101       0.92707507216824803     
   6.3099999999999099       0.92739673025259006     
   6.3199999999999097       0.92777319385646817     
   6.3299999999999095       0.92821754688807412     
   6.3399999999999093       0.92874467675541761     
   6.3499999999999091       0.92937146522851299     
   6.3599999999999088       0.93011689727201130     
   6.3699999999999086       0.93100203801719983     
   6.3799999999999084       0.93204981279027654     
   6.3899999999999082       0.93328451135934920     
   6.3999999999999080       0.93473093012309039     
   6.4099999999999078       0.93641307216851477     
   6.4199999999999076       0.93835235465818689     
   6.4299999999999073       0.94056533564269207     
   6.4399999999999071       0.94306107402210715     
   6.4499999999999069       0.94583837193998832     
   6.4599999999999067       0.94888329519210413     
   6.4699999999999065       0.95216747946645930     
   6.4799999999999063       0.95564774908620076     
   6.4899999999999061       0.95926744826996324     
   6.4999999999999059       0.96295960000500347     
   6.5099999999999056       0.96665161679160183     
   6.5199999999999054       0.97027090571635388     
   6.5299999999999052       0.97375047331155062     
   6.5399999999999050       0.97703363563799328     
   6.5499999999999048       0.98007717603348621     
   6.5599999999999046       0.98285267473103977     
   6.5699999999999044       0.98534612538473187     
   6.5799999999999041       0.98755623842306806     
   6.5899999999999039       0.98949195779701904     
   6.5999999999999037       0.99116969877962680     
   6.6099999999999035       0.99261070223861692     
   6.6199999999999033       0.99383875442558589     
   6.6299999999999031       0.99487838574069865     
   6.6399999999999029       0.99575356023790373     
   6.6499999999999027       0.99648680491812813     
   6.6599999999999024       0.99709869826072506     
   6.6699999999999022       0.99760763111771189     
   6.6799999999999020       0.99802976043510283     
   6.6899999999999018       0.99837908988063129     
   6.6999999999999016       0.99866762655359098     
   6.7099999999999014       0.99890557685056203     
   6.7199999999999012       0.99910155611850060     
   6.7299999999999010       0.99926279568590648     
   6.7399999999999007       0.99939533742237385     
   6.7499999999999005       0.99950421060449801     
   6.7599999999999003       0.99959358893582939     
   6.7699999999999001       0.99966692753897357     
   6.7799999999998999       0.99972708090428153     
   6.7899999999998997       0.99977640342362373     
   6.7999999999998995       0.99981683439306890     
   6.8099999999998992       0.99984996944224391     
   6.8199999999998990       0.99987712025811670     
   6.8299999999998988       0.99989936431776083     
   6.8399999999998986       0.99991758617775106     
   6.8499999999998984       0.99993251165965469     
   6.8599999999998982       0.99994473609438084     
   6.8699999999998980       0.99995474762140735     
   6.8799999999998978       0.99996294638321992     
   6.8899999999998975       0.99996966031356371     
   6.8999999999998973       0.99997515812151139     
   6.9099999999998971       0.99997965995370086     
   6.9199999999998969       0.99998334614948803     
   6.9299999999998967       0.99998636442496580     
   6.9399999999998965       0.99998883576279596     
   6.9499999999998963       0.99999085924601172     
   6.9599999999998960       0.99999251601641082     
   6.9699999999998958       0.99999387252017569     
   6.9799999999998956       0.99999498316868718     
   6.9899999999998954       0.99999589251534093     
   6.9999999999998952       0.99999663704202935     
   7.0099999999998950       0.99999724662028755     
   7.0199999999998948       0.99999774570816324     
   7.0299999999998946       0.99999815433198613     
   7.0399999999998943       0.99999848888778176     
   7.0499999999998941       0.99999876280153466     
   7.0599999999998939       0.99999898706443568     
   7.0699999999998937       0.99999917067656918     
   7.0799999999998935       0.99999932100585631     
   7.0899999999998933       0.99999944408589814     
   7.0999999999998931       0.99999954485550069     
   7.1099999999998929       0.99999962735848780     
   7.1199999999998926       0.99999969490675411     
   7.1299999999998924       0.99999975021052478     
   7.1399999999998922       0.99999979548959528     
   7.1499999999998920       0.99999983256104075     
   7.1599999999998918       0.99999986291240883     
   7.1699999999998916       0.99999988776201687     
   7.1799999999998914       0.99999990810740613     
   7.1899999999998911       0.99999992476474109     
   7.1999999999998909       0.99999993840257739     
   7.2099999999998907       0.99999994956842020     
   7.2199999999998905       0.99999995870990233     
   7.2299999999998903       0.99999996619467724     
   7.2399999999998901       0.99999997232250037     
   7.2499999999998899       0.99999997733958568     
   7.2599999999998897       0.99999998144696545     
   7.2699999999998894       0.99999998481025654     
   7.2799999999998892       0.99999998756344133     
   7.2899999999998890       0.99999998981798499     
   7.2999999999998888       0.99999999166380182     
   7.3099999999998886       0.99999999317470301     
   7.3199999999998884       0.99999999441204579     
   7.3299999999998882       0.99999999542513607     
   7.3399999999998879       0.99999999625423042     
   7.3499999999998877       0.99999999693324992     
   7.3599999999998875       0.99999999748940172     
   7.3699999999998873       0.99999999794438577     
   7.3799999999998871       0.99999999831702913     
   7.3899999999998869       0.99999999862209465     
   7.3999999999998867       0.99999999887178759     
   7.4099999999998865       0.99999999907624293     
   7.4199999999998862       0.99999999924368843     
   7.4299999999998860       0.99999999938089834     
   7.4399999999998858       0.99999999949307616     
   7.4499999999998856       0.99999999958499852     
   7.4599999999998854       0.99999999966035635     
   7.4699999999998852       0.99999999972187614     
   7.4799999999998850       0.99999999977225351     
   7.4899999999998847       0.99999999981351961     
   7.4999999999998845       0.99999999984725807     
   7.5099999999998843       0.99999999987496591     
   7.5199999999998841       0.99999999989760369     
   7.5299999999998839       0.99999999991622179     
   7.5399999999998837       0.99999999993133593     
   7.5499999999998835       0.99999999994392441     
   7.5599999999998833       0.99999999995396871     
   7.5699999999998830       0.99999999996229172     
   7.5799999999998828       0.99999999996911570     
   7.5899999999998826       0.99999999997482913     
   7.5999999999998824       0.99999999997943967     
   7.6099999999998822       0.99999999998305855     
   7.6199999999998820       0.99999999998606326     
   7.6299999999998818       0.99999999998854028     
   7.6399999999998816       0.99999999999067279     
   7.6499999999998813       0.99999999999244860     
   7.6599999999998811       0.99999999999363076     
   7.6699999999998809       0.99999999999491074     
   7.6799999999998807       0.99999999999576306     
   7.6899999999998805       0.99999999999668643     
   7.6999999999998803       0.99999999999714162     
   7.7099999999998801       0.99999999999781919     
   7.7199999999998798       0.99999999999814349     
   7.7299999999998796       0.99999999999854228     
   7.7399999999998794       0.99999999999884237     
   7.7499999999998792       0.99999999999892719     
   7.7599999999998790       0.99999999999901723     
   7.7699999999998788       0.99999999999924571     
   7.7799999999998786       0.99999999999931932     
   7.7899999999998784       0.99999999999962019     
   7.7999999999998781       0.99999999999967737     
   7.8099999999998779       0.99999999999969602     
   7.8199999999998777       0.99999999999990075     
   7.8299999999998775       0.99999999999990641     
   7.8399999999998773       0.99999999999992051     
   7.8499999999998771       0.99999999999992506     
   7.8599999999998769       0.99999999999997635     
   7.8699999999998766       0.99999999999997990     
   7.8799999999998764       0.99999999999998090     
   7.8899999999998762       0.99999999999999378     
   7.8999999999998760       0.99999999999999412     
   7.9099999999998758       0.99999999999999523     
   7.9199999999998756       0.99999999999999545     
   7.9299999999998754       0.99999999999999856     
   7.9399999999998752       0.99999999999999867     
   7.9499999999998749       0.99999999999999889     
   7.9599999999998747       0.99999999999999967     
   7.9699999999998745       0.99999999999999967     
   7.9799999999998743       0.99999999999999967     
   7.9899999999998741       0.99999999999999967     
   7.9999999999998739        1.0000000000000000     
   8.0099999999998737        1.0000000000000000     
   8.0199999999998735        1.0000000000000000     
   8.0299999999998732        1.0000000000000000     
   8.0399999999998730        1.0000000000000000     
   8.0499999999998728        1.0000000000000000     
   8.0599999999998726        1.0000000000000000     
   8.0699999999998724        1.0000000000000000     
   8.0799999999998722        1.0000000000000000     
   8.0899999999998720        1.0000000000000000     
   8.0999999999998717        1.0000000000000000     
   8.1099999999998715        1.0000000000000000     
   8.1199999999998713        1.0000000000000000     
   8.1299999999998711        1.0000000000000000     
   8.1399999999998709        1.0000000000000000     
   8.1499999999998707        1.0000000000000000     
   8.1599999999998705        1.0000000000000000     
   8.1699999999998703        1.0000000000000000     
   8.1799999999998700        1.0000000000000000     
   8.1899999999998698        1.0000000000000000     
   8.1999999999998696        1.0000000000000000     
   8.2099999999998694        1.0000000000000000     
   8.2199999999998692        1.0000000000000000     
   8.2299999999998690        1.0000000000000000     
   8.2399999999998688        1.0000000000000000     
   8.2499999999998685        1.0000000000000000     
   8.2599999999998683        1.0000000000000000     
   8.2699999999998681        1.0000000000000000     
   8.2799999999998679        1.0000000000000000     
   8.2899999999998677        1.0000000000000000     
   8.2999999999998675        1.0000000000000000     
   8.3099999999998673        1.0000000000000000     
   8.3199999999998671        1.0000000000000000     
   8.3299999999998668        1.0000000000000000     
   8.3399999999998666        1.0000000000000000     
   8.3499999999998664        1.0000000000000000     
   8.3599999999998662        1.0000000000000000     
   8.3699999999998660        1.0000000000000000     
   8.3799999999998658        1.0000000000000000     
   8.3899999999998656        1.0000000000000000     
   8.3999999999998654        1.0000000000000000     
   8.4099999999998651        1.0000000000000000     
   8.4199999999998649        1.0000000000000000     
   8.4299999999998647        1.0000000000000000     
   8.4399999999998645        1.0000000000000000     
   8.4499999999998643        1.0000000000000000     
   8.4599999999998641        1.0000000000000000     
   8.4699999999998639        1.0000000000000000     
   8.4799999999998636        1.0000000000000000     
   8.4899999999998634        1.0000000000000000     
   8.4999999999998632        1.0000000000000000     
   8.5099999999998630        1.0000000000000000     
   8.5199999999998628        1.0000000000000000     
   8.5299999999998626        1.0000000000000000     
   8.5399999999998624        1.0000000000000000     
   8.5499999999998622        1.0000000000000000     
   8.5599999999998619        1.0000000000000000     
   8.5699999999998617        1.0000000000000000     
   8.5799999999998615        1.0000000000000000     
   8.5899999999998613        1.0000000000000000     
   8.5999999999998611        1.0000000000000000     
   8.6099999999998609        1.0000000000000000     
   8.6199999999998607        1.0000000000000000     
   8.6299999999998604        1.0000000000000000     
   8.6399999999998602        1.0000000000000000     
   8.6499999999998600        1.0000000000000000     
   8.6599999999998598        1.0000000000000000     
   8.6699999999998596        1.0000000000000000     
   8.6799999999998594        1.0000000000000000     
   8.6899999999998592        1.0000000000000000     
   8.6999999999998590        1.0000000000000000     
   8.7099999999998587        1.0000000000000000     
   8.7199999999998585        1.0000000000000000     
   8.7299999999998583        1.0000000000000000     
   8.7399999999998581        1.0000000000000000     
   8.7499999999998579        1.0000000000000000     
   8.7599999999998577        1.0000000000000000     
   8.7699999999998575        1.0000000000000000     
   8.7799999999998573        1.0000000000000000     
   8.7899999999998570        1.0000000000000000     
   8.7999999999998568        1.0000000000000000     
   8.8099999999998566        1.0000000000000000     
   8.8199999999998564        1.0000000000000000     
   8.8299999999998562        1.0000000000000000     
   8.8399999999998560        1.0000000000000000     
   8.8499999999998558        1.0000000000000000     
   8.8599999999998555        1.0000000000000000     
   8.8699999999998553        1.0000000000000000     
   8.8799999999998551        1.0000000000000000     
   8.8899999999998549        1.0000000000000000     
   8.8999999999998547        1.0000000000000000     
   8.9099999999998545        1.0000000000000000     
   8.9199999999998543        1.0000000000000000     
   8.9299999999998541        1.0000000000000000     
   8.9399999999998538        1.0000000000000000     
   8.9499999999998536        1.0000000000000000     
   8.9599999999998534        1.0000000000000000     
   8.9699999999998532        1.0000000000000000     
   8.9799999999998530        1.0000000000000000     
   8.9899999999998528        1.0000000000000000     
   8.9999999999998526        1.0000000000000000     
   9.0099999999998523        1.0000000000000000     
   9.0199999999998521        1.0000000000000000     
   9.0299999999998519        1.0000000000000000     
   9.0399999999998517        1.0000000000000000     
   9.0499999999998515        1.0000000000000000     
   9.0599999999998513        1.0000000000000000     
   9.0699999999998511        1.0000000000000000     
   9.0799999999998509        1.0000000000000000     
   9.0899999999998506        1.0000000000000000     
   9.0999999999998504        1.0000000000000000     
   9.1099999999998502        1.0000000000000000     
   9.1199999999998500        1.0000000000000000     
   9.1299999999998498        1.0000000000000000     
   9.1399999999998496        1.0000000000000000     
   9.1499999999998494        1.0000000000000000     
   9.1599999999998492        1.0000000000000000     
   9.1699999999998489        1.0000000000000000     
   9.1799999999998487        1.0000000000000000     
   9.1899999999998485        1.0000000000000000     
   9.1999999999998483        1.0000000000000000     
   9.2099999999998481        1.0000000000000000     
   9.2199999999998479        1.0000000000000000     
   9.2299999999998477        1.0000000000000000     
   9.2399999999998474        1.0000000000000000     
   9.2499999999998472        1.0000000000000000     
   9.2599999999998470        1.0000000000000000     
   9.2699999999998468        1.0000000000000000     
   9.2799999999998466        1.0000000000000000     
   9.2899999999998464        1.0000000000000000     
   9.2999999999998462        1.0000000000000000     
   9.3099999999998460        1.0000000000000000     
   9.3199999999998457        1.0000000000000000     
   9.3299999999998455        1.0000000000000000     
   9.3399999999998453        1.0000000000000000     
   9.3499999999998451        1.0000000000000000     
   9.3599999999998449        1.0000000000000000     
   9.3699999999998447        1.0000000000000000     
   9.3799999999998445        1.0000000000000000     
   9.3899999999998442        1.0000000000000000     
   9.3999999999998440        1.0000000000000000     
   9.4099999999998438        1.0000000000000000     
   9.4199999999998436        1.0000000000000000     
   9.4299999999998434        1.0000000000000000     
   9.4399999999998432        1.0000000000000000     
   9.4499999999998430        1.0000000000000000     
   9.4599999999998428        1.0000000000000000     
   9.4699999999998425        1.0000000000000000     
   9.4799999999998423        1.0000000000000000     
   9.4899999999998421        1.0000000000000000     
   9.4999999999998419        1.0000000000000000     
   9.5099999999998417        1.0000000000000000     
   9.5199999999998415        1.0000000000000000     
   9.5299999999998413        1.0000000000000000     
   9.5399999999998411        1.0000000000000000     
   9.5499999999998408        1.0000000000000000     
   9.5599999999998406        1.0000000000000000     
   9.5699999999998404        1.0000000000000000     
   9.5799999999998402        1.0000000000000000     
   9.5899999999998400        1.0000000000000000     
   9.5999999999998398        1.0000000000000000     
   9.6099999999998396        1.0000000000000000     
   9.6199999999998393        1.0000000000000000     
   9.6299999999998391        1.0000000000000000     
   9.6399999999998389        1.0000000000000000     
   9.6499999999998387        1.0000000000000000     
   9.6599999999998385        1.0000000000000000     
   9.6699999999998383        1.0000000000000000     
   9.6799999999998381        1.0000000000000000     
   9.6899999999998379        1.0000000000000000     
   9.6999999999998376        1.0000000000000000     
   9.7099999999998374        1.0000000000000000     
   9.7199999999998372        1.0000000000000000     
   9.7299999999998370        1.0000000000000000     
   9.7399999999998368        1.0000000000000000     
   9.7499999999998366        1.0000000000000000     
   9.7599999999998364        1.0000000000000000     
   9.7699999999998361        1.0000000000000000     
   9.7799999999998359        1.0000000000000000     
   9.7899999999998357        1.0000000000000000     
   9.7999999999998355        1.0000000000000000     
   9.8099999999998353        1.0000000000000000     
   9.8199999999998351        1.0000000000000000     
   9.8299999999998349        1.0000000000000000     
   9.8399999999998347        1.0000000000000000     
   9.8499999999998344        1.0000000000000000     
   9.8599999999998342        1.0000000000000000     
   9.8699999999998340        1.0000000000000000     
   9.8799999999998338        1.0000000000000000     
   9.8899999999998336        1.0000000000000000     
   9.8999999999998334        1.0000000000000000     
   9.9099999999998332        1.0000000000000000     
   9.9199999999998330        1.0000000000000000     
   9.9299999999998327        1.0000000000000000     
   9.9399999999998325        1.0000000000000000     
   9.9499999999998323        1.0000000000000000     
   9.9599999999998321        1.0000000000000000     
   9.9699999999998319        1.0000000000000000     
   9.9799999999998317        1.0000000000000000     
   9.9899999999998315        1.0000000000000000     
   9.9999999999998312        1.0000000000000000     
