   0.0000000000000000       -1.8350483023152854E-017
   1.0000000000000000E-002   2.0021141996814399E-003
   2.0000000000000000E-002   3.9993917415504839E-003
   2.9999999999999999E-002   5.9871753706457398E-003
   4.0000000000000001E-002   7.9611564393208111E-003
   5.0000000000000003E-002   9.9175254742580876E-003
   6.0000000000000005E-002   1.1853098562169708E-002
   7.0000000000000007E-002   1.3765417096376060E-002
   8.0000000000000002E-002   1.5652820848922649E-002
   8.9999999999999997E-002   1.7514495619881141E-002
   9.9999999999999992E-002   1.9350496839011151E-002
  0.10999999999999999        2.1161749750320209E-002
  0.11999999999999998        2.2950025638204474E-002
  0.12999999999999998        2.4717892410467842E-002
  0.13999999999999999        2.6468637156924366E-002
  0.14999999999999999        2.8206158435341300E-002
  0.16000000000000000        2.9934827351515415E-002
  0.17000000000000001        3.1659319280171884E-002
  0.18000000000000002        3.3384422420717069E-002
  0.19000000000000003        3.5114835040367151E-002
  0.20000000000000004        3.6854969416344897E-002
  0.21000000000000005        3.8608785679943435E-002
  0.22000000000000006        4.0379680996887865E-002
  0.23000000000000007        4.2170456776427799E-002
  0.24000000000000007        4.3983377695622140E-002
  0.25000000000000006        4.5820321810102205E-002
  0.26000000000000006        4.7683003678897350E-002
  0.27000000000000007        4.9573236796502801E-002
  0.28000000000000008        5.1493192476749119E-002
  0.29000000000000009        5.3445612703090145E-002
  0.30000000000000010        5.5433944237424121E-002
  0.31000000000000011        5.7462377228851155E-002
  0.32000000000000012        5.9535788770867411E-002
  0.33000000000000013        6.1659605758085559E-002
  0.34000000000000014        6.3839609320839055E-002
  0.35000000000000014        6.6081704731131174E-002
  0.36000000000000015        6.8391677425958891E-002
  0.37000000000000016        7.0774949934083550E-002
  0.38000000000000017        7.3236348195228021E-002
  0.39000000000000018        7.5779880640322816E-002
  0.40000000000000019        7.8408530399329879E-002
  0.41000000000000020        8.1124060490943367E-002
  0.42000000000000021        8.3926833767897946E-002
  0.43000000000000022        8.6815653327177153E-002
  0.44000000000000022        8.9787634260179716E-002
  0.45000000000000023        9.2838122814903806E-002
  0.46000000000000024        9.5960682685094001E-002
  0.47000000000000025        9.9147168456541007E-002
  0.48000000000000026       0.10238790170581992     
  0.49000000000000027       0.10567195524273422     
  0.50000000000000022       0.10898753648078385     
  0.51000000000000023       0.11232244478244226     
  0.52000000000000024       0.11566456414820141     
  0.53000000000000025       0.11900234606316198     
  0.54000000000000026       0.12232524002920485     
  0.55000000000000027       0.12562404046205664     
  0.56000000000000028       0.12889113445089140     
  0.57000000000000028       0.13212065034986423     
  0.58000000000000029       0.13530851816440551     
  0.59000000000000030       0.13845245733477701     
  0.60000000000000031       0.14155190629490455     
  0.61000000000000032       0.14460790312164673     
  0.62000000000000033       0.14762292019200662     
  0.63000000000000034       0.15060065026535580     
  0.64000000000000035       0.15354573846812755     
  0.65000000000000036       0.15646345537735976     
  0.66000000000000036       0.15935931136750475     
  0.67000000000000037       0.16223862163174890     
  0.68000000000000038       0.16510604407114060     
  0.69000000000000039       0.16796512676933983     
  0.70000000000000040       0.17081791504156993     
  0.71000000000000041       0.17366467606398525     
  0.72000000000000042       0.17650379758140489     
  0.73000000000000043       0.17933190290653928     
  0.74000000000000044       0.18214419676007634     
  0.75000000000000044       0.18493501889661867     
  0.76000000000000045       0.18769854268453848     
  0.77000000000000046       0.19042952437446822     
  0.78000000000000047       0.19312399548761058     
  0.79000000000000048       0.19577980055164976     
  0.80000000000000049       0.19839691292385686     
  0.81000000000000050       0.20097750361319655     
  0.82000000000000051       0.20352577984893278     
  0.83000000000000052       0.20604764142730475     
  0.84000000000000052       0.20855021843228033     
  0.85000000000000053       0.21104135420514519     
  0.86000000000000054       0.21352908676601973     
  0.87000000000000055       0.21602116597498736     
  0.88000000000000056       0.21852462758082838     
  0.89000000000000057       0.22104543226013346     
  0.90000000000000058       0.22358816933535078     
  0.91000000000000059       0.22615582124725306     
  0.92000000000000060       0.22874958535179968     
  0.93000000000000060       0.23136875301996254     
  0.94000000000000061       0.23401065083686143     
  0.95000000000000062       0.23667065321130978     
  0.96000000000000063       0.23934227814312023     
  0.97000000000000064       0.24201737667926698     
  0.98000000000000065       0.24468642074872082     
  0.99000000000000066       0.24733888368364879     
   1.0000000000000007       0.24996369432572746     
   1.0100000000000007       0.25254973215388388     
   1.0200000000000007       0.25508632120710756     
   1.0300000000000007       0.25756367816618175     
   1.0400000000000007       0.25997327631093692     
   1.0500000000000007       0.26230810080648537     
   1.0600000000000007       0.26456278801405286     
   1.0700000000000007       0.26673365751838990     
   1.0800000000000007       0.26881865662448834     
   1.0900000000000007       0.27081724174628519     
   1.1000000000000008       0.27273022013195475     
   1.1100000000000008       0.27455957079012344     
   1.1200000000000008       0.27630825757703437     
   1.1300000000000008       0.27798004195779230     
   1.1400000000000008       0.27957929899822320     
   1.1500000000000008       0.28111083804465581     
   1.1600000000000008       0.28257972921358199     
   1.1700000000000008       0.28399113785908969     
   1.1800000000000008       0.28535017104163851     
   1.1900000000000008       0.28666174198063965     
   1.2000000000000008       0.28793045976762788     
   1.2100000000000009       0.28916055155378328     
   1.2200000000000009       0.29035582257508613     
   1.2300000000000009       0.29151965574892286     
   1.2400000000000009       0.29265504769372513     
   1.2500000000000009       0.29376467286604996     
   1.2600000000000009       0.29485096328621807     
   1.2700000000000009       0.29591618915698226     
   1.2800000000000009       0.29696252625150804     
   1.2900000000000009       0.29799209923177061     
   1.3000000000000009       0.29900699526895236     
   1.3100000000000009       0.30000924815579194     
   1.3200000000000010       0.30100079813572717     
   1.3300000000000010       0.30198343592417126     
   1.3400000000000010       0.30295874051706251     
   1.3500000000000010       0.30392801964856270     
   1.3600000000000010       0.30489225982665796     
   1.3700000000000010       0.30585209046728729     
   1.3800000000000010       0.30680776434104923     
   1.3900000000000010       0.30775915467283638     
   1.4000000000000010       0.30870576790272591     
   1.4100000000000010       0.30964677028197846     
   1.4200000000000010       0.31058102602458282     
   1.4300000000000010       0.31150714453743955     
   1.4400000000000011       0.31242353420818281     
   1.4500000000000011       0.31332846027463546     
   1.4600000000000011       0.31422010440151110     
   1.4700000000000011       0.31509662374116637     
   1.4800000000000011       0.31595620745861641     
   1.4900000000000011       0.31679712896057577     
   1.5000000000000011       0.31761779238169152     
   1.5100000000000011       0.31841677223736720     
   1.5200000000000011       0.31919284553266830     
   1.5300000000000011       0.31994501599874009     
   1.5400000000000011       0.32067253048910571     
   1.5500000000000012       0.32137488788866503     
   1.5600000000000012       0.32205184115475555     
   1.5700000000000012       0.32270339331285647     
   1.5800000000000012       0.32332978836692311     
   1.5900000000000012       0.32393149815555250     
   1.6000000000000012       0.32450920619535190     
   1.6100000000000012       0.32506378950807219     
   1.6200000000000012       0.32559629933744694     
   1.6300000000000012       0.32610794153683437     
   1.6400000000000012       0.32660005726139563     
   1.6500000000000012       0.32707410444293067     
   1.6600000000000013       0.32753164037418603     
   1.6700000000000013       0.32797430559534529     
   1.6800000000000013       0.32840380916784701     
   1.6900000000000013       0.32882191534635558     
   1.7000000000000013       0.32923043161969662     
   1.7100000000000013       0.32963119808194030     
   1.7200000000000013       0.33002607810558521     
   1.7300000000000013       0.33041695030557572     
   1.7400000000000013       0.33080570178944119     
   1.7500000000000013       0.33119422267076259     
   1.7600000000000013       0.33158440177232751     
   1.7700000000000014       0.33197812336228616     
   1.7800000000000014       0.33237726466318701     
   1.7900000000000014       0.33278369376878747     
   1.8000000000000014       0.33319926752070422     
   1.8100000000000014       0.33362582885562719     
   1.8200000000000014       0.33406520314351273     
   1.8300000000000014       0.33451919309352379     
   1.8400000000000014       0.33498957188968181     
   1.8500000000000014       0.33547807430881516     
   1.8600000000000014       0.33598638564899413     
   1.8700000000000014       0.33651612834864286     
   1.8800000000000014       0.33706884621161814     
   1.8900000000000015       0.33764598619236780     
   1.9000000000000015       0.33824887776717127     
   1.9100000000000015       0.33887871005430487     
   1.9200000000000015       0.33953650707699523     
   1.9300000000000015       0.34022310190628813     
   1.9400000000000015       0.34093911087722467     
   1.9500000000000015       0.34168490961139886     
   1.9600000000000015       0.34246061313213844     
   1.9700000000000015       0.34326606281189326     
   1.9800000000000015       0.34410082310126328     
   1.9900000000000015       0.34496419081766255     
   2.0000000000000013       0.34585521914418432     
   2.0100000000000011       0.34677275743864100     
   2.0200000000000009       0.34771550663755013     
   2.0300000000000007       0.34868208869622630     
   2.0400000000000005       0.34967112737261691     
   2.0500000000000003       0.35068133689435438     
   2.0600000000000001       0.35171161468071527     
   2.0699999999999998       0.35276113424345834     
   2.0799999999999996       0.35382943450926169     
   2.0899999999999994       0.35491650191146962     
   2.0999999999999992       0.35602284153212321     
   2.1099999999999990       0.35714953324326193     
   2.1199999999999988       0.35829826820546778     
   2.1299999999999986       0.35947136035981286     
   2.1399999999999983       0.36067172696296856     
   2.1499999999999981       0.36190283216786262     
   2.1599999999999979       0.36316858866778828     
   2.1699999999999977       0.36447321508090608     
   2.1799999999999975       0.36582105154598960     
   2.1899999999999973       0.36721634308166778     
   2.1999999999999971       0.36866300911647748     
   2.2099999999999969       0.37016442674618855     
   2.2199999999999966       0.37172326222622998     
   2.2299999999999964       0.37334138689114871     
   2.2399999999999962       0.37501990748996511     
   2.2499999999999960       0.37675932602667517     
   2.2599999999999958       0.37855982264704069     
   2.2699999999999956       0.38042163177784843     
   2.2799999999999954       0.38234546282092258     
   2.2899999999999952       0.38433290746193766     
   2.2999999999999949       0.38638677828520263     
   2.3099999999999947       0.38851133641284347     
   2.3199999999999945       0.39071238504931977     
   2.3299999999999943       0.39299722585016839     
   2.3399999999999941       0.39537449142653797     
   2.3499999999999939       0.39785387732259581     
   2.3599999999999937       0.40044579981799816     
   2.3699999999999934       0.40316100301907665     
   2.3799999999999932       0.40601013212352083     
   2.3899999999999930       0.40900328208230252     
   2.3999999999999928       0.41214952460602960     
   2.4099999999999926       0.41545641358442226     
   2.4199999999999924       0.41892947095820338     
   2.4299999999999922       0.42257166269332930     
   2.4399999999999920       0.42638288763679816     
   2.4499999999999917       0.43035951916543647     
   2.4599999999999915       0.43449405722228068     
   2.4699999999999913       0.43877496102705754     
   2.4799999999999911       0.44318673368679196     
   2.4899999999999909       0.44771031340955014     
   2.4999999999999907       0.45232379059427869     
   2.5099999999999905       0.45700342110581904     
   2.5199999999999902       0.46172485554041226     
   2.5299999999999900       0.46646446691245652     
   2.5399999999999898       0.47120064609986817     
   2.5499999999999896       0.47591494822713665     
   2.5599999999999894       0.48059300732934140     
   2.5699999999999892       0.48522517888746208     
   2.5799999999999890       0.48980690774226887     
   2.5899999999999888       0.49433884406867201     
   2.5999999999999885       0.49882673952436024     
   2.6099999999999883       0.50328115092597214     
   2.6199999999999881       0.50771696417128076     
   2.6299999999999879       0.51215273212458134     
   2.6399999999999877       0.51660980260017575     
   2.6499999999999875       0.52111120219460638     
   2.6599999999999873       0.52568024426799098     
   2.6699999999999871       0.53033885024096261     
   2.6799999999999868       0.53510561646493571     
   2.6899999999999866       0.53999372441954074     
   2.6999999999999864       0.54500887323146807     
   2.7099999999999862       0.55014749426216325     
   2.7199999999999860       0.55539556191559269     
   2.7299999999999858       0.56072831254155697     
   2.7399999999999856       0.56611110085814031     
   2.7499999999999853       0.57150145841183586     
   2.7599999999999851       0.57685220016010408     
   2.7699999999999849       0.58211521037077418     
   2.7799999999999847       0.58724539377543394     
   2.7899999999999845       0.59220424957331808     
   2.7999999999999843       0.59696262155289648     
   2.8099999999999841       0.60150236192840267     
   2.8199999999999839       0.60581685931410056     
   2.8299999999999836       0.60991056375370223     
   2.8399999999999834       0.61379775663261804     
   2.8499999999999832       0.61750085142759237     
   2.8599999999999830       0.62104848568378412     
   2.8699999999999828       0.62447359948693804     
   2.8799999999999826       0.62781161594036328     
   2.8899999999999824       0.63109876441908430     
   2.8999999999999821       0.63437053035704849     
   2.9099999999999819       0.63766018285953641     
   2.9199999999999817       0.64099732650190444     
   2.9299999999999815       0.64440644675438152     
   2.9399999999999813       0.64790546732801046     
   2.9499999999999811       0.65150440553073019     
   2.9599999999999809       0.65520428442801271     
   2.9699999999999807       0.65899651592761166     
   2.9799999999999804       0.66286297961325047     
   2.9899999999999802       0.66677696550942178     
   2.9999999999999800       0.67070502031578616     
   3.0099999999999798       0.67460956000316930     
   3.0199999999999796       0.67845193800594739     
   3.0299999999999794       0.68219554748829025     
   3.0399999999999792       0.68580852967233608     
   3.0499999999999790       0.68926575998907091     
   3.0599999999999787       0.69254995188142643     
   3.0699999999999785       0.69565189636247127     
   3.0799999999999783       0.69856999265928976     
   3.0899999999999781       0.70130929532901343     
   3.0999999999999779       0.70388030761071096     
   3.1099999999999777       0.70629770903870026     
   3.1199999999999775       0.70857914225287499     
   3.1299999999999772       0.71074412010423449     
   3.1399999999999770       0.71281306232527342     
   3.1499999999999768       0.71480643678280054     
   3.1599999999999766       0.71674396459460832     
   3.1699999999999764       0.71864384995042807     
   3.1799999999999762       0.72052201231119750     
   3.1899999999999760       0.72239132794654204     
   3.1999999999999758       0.72426092485335170     
   3.2099999999999755       0.72613561221849188     
   3.2199999999999753       0.72801555156775766     
   3.2299999999999751       0.72989627887953235     
   3.2399999999999749       0.73176915561797218     
   3.2499999999999747       0.73362226138379294     
   3.2599999999999745       0.73544165453150434     
   3.2699999999999743       0.73721284429567679     
   3.2799999999999740       0.73892226652312987     
   3.2899999999999738       0.74055855374235580     
   3.2999999999999736       0.74211343957789411     
   3.3099999999999734       0.74358221969283100     
   3.3199999999999732       0.74496377928790958     
   3.3299999999999730       0.74626026615919139     
   3.3399999999999728       0.74747652521642627     
   3.3499999999999726       0.74861941504309604     
   3.3599999999999723       0.74969710843559223     
   3.3699999999999721       0.75071844885765271     
   3.3799999999999719       0.75169240368148393     
   3.3899999999999717       0.75262762939697292     
   3.3999999999999715       0.75353214623021803     
   3.4099999999999713       0.75441310964719932     
   3.4199999999999711       0.75527666241742608     
   3.4299999999999708       0.75612785123860715     
   3.4399999999999706       0.75697059450341742     
   3.4499999999999704       0.75780769115132751     
   3.4599999999999702       0.75864086366545913     
   3.4699999999999700       0.75947083052100250     
   3.4799999999999698       0.76029740448595540     
   3.4899999999999696       0.76111961313358278     
   3.4999999999999694       0.76193583701284473     
   3.5099999999999691       0.76274395958505792     
   3.5199999999999689       0.76354152179286494     
   3.5299999999999687       0.76432587345493652     
   3.5399999999999685       0.76509431387768223     
   3.5499999999999683       0.76584421520341606     
   3.5599999999999681       0.76657312388879173     
   3.5699999999999679       0.76727883797593199     
   3.5799999999999677       0.76795946007347016     
   3.5899999999999674       0.76861342785868303     
   3.5999999999999672       0.76923952522994776     
   3.6099999999999670       0.76983687792286115     
   3.6199999999999668       0.77040493752150530     
   3.6299999999999666       0.77094345749724258     
   3.6399999999999664       0.77145246435914994     
   3.6499999999999662       0.77193222635576775     
   3.6599999999999659       0.77238322153856309     
   3.6699999999999657       0.77280610645050063     
   3.6799999999999655       0.77320168626633357     
   3.6899999999999653       0.77357088688590092     
   3.6999999999999651       0.77391472925378879     
   3.7099999999999649       0.77423430602585253     
   3.7199999999999647       0.77453076060615966     
   3.7299999999999645       0.77480526851664933     
   3.7399999999999642       0.77505902102405921     
   3.7499999999999640       0.77529321092499048     
   3.7599999999999638       0.77550902037291514     
   3.7699999999999636       0.77570761061924398     
   3.7799999999999634       0.77589011353128434     
   3.7899999999999632       0.77605762474322582     
   3.7999999999999630       0.77621119829139895     
   3.8099999999999627       0.77635184258343493     
   3.8199999999999625       0.77648051755110803     
   3.8299999999999623       0.77659813283954127     
   3.8399999999999621       0.77670554689124971     
   3.8499999999999619       0.77680356679009532     
   3.8599999999999617       0.77689294873982673     
   3.8699999999999615       0.77697439906180688     
   3.8799999999999613       0.77704857560748042     
   3.8899999999999610       0.77711608949229816     
   3.8999999999999608       0.77717750706955935     
   3.9099999999999606       0.77723335207278210     
   3.9199999999999604       0.77728410786649704     
   3.9299999999999602       0.77733021975432026     
   3.9399999999999600       0.77737209730225609     
   3.9499999999999598       0.77741011664317317     
   3.9599999999999596       0.77744462273535708     
   3.9699999999999593       0.77747593155368955     
   3.9799999999999591       0.77750433219838500     
   3.9899999999999589       0.77753008890917452     
   3.9999999999999587       0.77755344297809315     
   4.0099999999999589       0.77757461455549637     
   4.0199999999999587       0.77759380434823111     
   4.0299999999999585       0.77761119520929922     
   4.0399999999999583       0.77762695362074397     
   4.0499999999999581       0.77764123107279581     
   4.0599999999999579       0.77765416534260667     
   4.0699999999999577       0.77766588167719564     
   4.0799999999999574       0.77767649388516857     
   4.0899999999999572       0.77768610534238258     
   4.0999999999999570       0.77769480991669004     
   4.1099999999999568       0.77770269281683124     
   4.1199999999999566       0.77770983137082150     
   4.1299999999999564       0.77771629573849343     
   4.1399999999999562       0.77772214956335706     
   4.1499999999999559       0.77772745056805992     
   4.1599999999999557       0.77773225109817001     
   4.1699999999999555       0.77773659861799416     
   4.1799999999999553       0.77774053616277672     
   4.1899999999999551       0.77774410275042993     
   4.1999999999999549       0.77774733375672866     
   4.2099999999999547       0.77775026125654267     
   4.2199999999999545       0.77775291433446703     
   4.2299999999999542       0.77775531936746189     
   4.2399999999999540       0.77775750028171253     
   4.2499999999999538       0.77775947878646901     
   4.2599999999999536       0.77776127458648026     
   4.2699999999999534       0.77776290557549665     
   4.2799999999999532       0.77776438801207282     
   4.2899999999999530       0.77776573667978843     
   4.2999999999999527       0.77776696503296205     
   4.3099999999999525       0.77776808532973307     
   4.3199999999999523       0.77776910875314587     
   4.3299999999999521       0.77777004552206697     
   4.3399999999999519       0.77777090499234280     
   4.3499999999999517       0.77777169574978855     
   4.3599999999999515       0.77777242569539573     
   4.3699999999999513       0.77777310212390416     
   4.3799999999999510       0.77777373179632669     
   4.3899999999999508       0.77777432100739863     
   4.3999999999999506       0.77777487564811310     
   4.4099999999999504       0.77777540126457834     
   4.4199999999999502       0.77777590311322220     
   4.4299999999999500       0.77777638621332290     
   4.4399999999999498       0.77777685539702524     
   4.4499999999999496       0.77777731535765549     
   4.4599999999999493       0.77777777069661480     
   4.4699999999999491       0.77777822596920432     
   4.4799999999999489       0.77777868573032027     
   4.4899999999999487       0.77777915457984137     
   4.4999999999999485       0.77777963720869603     
   4.5099999999999483       0.77778013844573890     
   4.5199999999999481       0.77778066330593665     
   4.5299999999999478       0.77778121704061476     
   4.5399999999999476       0.77778180518980966     
   4.5499999999999474       0.77778243363783628     
   4.5599999999999472       0.77778310867181311     
   4.5699999999999470       0.77778383704481768     
   4.5799999999999468       0.77778462604308796     
   4.5899999999999466       0.77778548355889776     
   4.5999999999999464       0.77778641816947691     
   4.6099999999999461       0.77778743922240368     
   4.6199999999999459       0.77778855692913140     
   4.6299999999999457       0.77778978246685238     
   4.6399999999999455       0.77779112808985129     
   4.6499999999999453       0.77779260725185961     
   4.6599999999999451       0.77779423474005183     
   4.6699999999999449       0.77779602682238369     
   4.6799999999999446       0.77779800140968580     
   4.6899999999999444       0.77780017823377390     
   4.6999999999999442       0.77780257904380345     
   4.7099999999999440       0.77780522782243167     
   4.7199999999999438       0.77780815102399514     
   4.7299999999999436       0.77781137783705434     
   4.7399999999999434       0.77781494047379252     
   4.7499999999999432       0.77781887448929299     
   4.7599999999999429       0.77782321913291375     
   4.7699999999999427       0.77782801773661536     
   4.7799999999999425       0.77783331814226342     
   4.7899999999999423       0.77783917317331130     
   4.7999999999999421       0.77784564115440280     
   4.8099999999999419       0.77785278648410638     
   4.8199999999999417       0.77786068026605981     
   4.8299999999999415       0.77786940100425817     
   4.8399999999999412       0.77787903536888792     
   4.8499999999999410       0.77788967903920081     
   4.8599999999999408       0.77790143763166342     
   4.8699999999999406       0.77791442772071417     
   4.8799999999999404       0.77792877796104976     
   4.8899999999999402       0.77794463032183947     
   4.8999999999999400       0.77796214144158626     
   4.9099999999999397       0.77798148411561796     
   4.9199999999999395       0.77800284892824656     
   4.9299999999999393       0.77802644604093762     
   4.9399999999999391       0.77805250715084617     
   4.9499999999999389       0.77808128763310802     
   4.9599999999999387       0.77811306888171794     
   4.9699999999999385       0.77814816086437422     
   4.9799999999999383       0.77818690490583065     
   4.9899999999999380       0.77822967671705467     
   4.9999999999999378       0.77827688968420516     
   5.0099999999999376       0.77832899843367809     
   5.0199999999999374       0.77838650268707033     
   5.0299999999999372       0.77844995141821249     
   5.0399999999999370       0.77851994732401308     
   5.0499999999999368       0.77859715161509668     
   5.0599999999999365       0.77868228912969695     
   5.0699999999999363       0.77877615376876652     
   5.0799999999999361       0.77887961424137753     
   5.0899999999999359       0.77899362010113060     
   5.0999999999999357       0.77911920804465373     
   5.1099999999999355       0.77925750842368346     
   5.1199999999999353       0.77940975191174922     
   5.1299999999999351       0.77957727623900641     
   5.1399999999999348       0.77976153288775396     
   5.1499999999999346       0.77996409360973373     
   5.1599999999999344       0.78018665659249287     
   5.1699999999999342       0.78043105206063756     
   5.1799999999999340       0.78069924705551097     
   5.1899999999999338       0.78099334908408036     
   5.1999999999999336       0.78131560827301361     
   5.2099999999999334       0.78166841760565142     
   5.2199999999999331       0.78205431075886411     
   5.2299999999999329       0.78247595699366834     
   5.2399999999999327       0.78293615249741710     
   5.2499999999999325       0.78343780752675918     
   5.2599999999999323       0.78398392866243394     
   5.2699999999999321       0.78457759547395822     
   5.2799999999999319       0.78522193090847248     
   5.2899999999999316       0.78592006477053133     
   5.2999999999999314       0.78667508976712952     
   5.3099999999999312       0.78749000975760597     
   5.3199999999999310       0.78836768008796521     
   5.3299999999999308       0.78931074020470615     
   5.3399999999999306       0.79032153914564951     
   5.3499999999999304       0.79140205498465133     
   5.3599999999999302       0.79255380986436208     
   5.3699999999999299       0.79377778284383504     
   5.3799999999999297       0.79507432341221018     
   5.3899999999999295       0.79644306910698748     
   5.3999999999999293       0.79788287117111445     
   5.4099999999999291       0.79939173254412066     
   5.4199999999999289       0.80096676260769673     
   5.4299999999999287       0.80260415296312448     
   5.4399999999999284       0.80429917804223072     
   5.4499999999999282       0.80604622353098077     
   5.4599999999999280       0.80783884441784737     
   5.4699999999999278       0.80966985303290728     
   5.4799999999999276       0.81153143579017539     
   5.4899999999999274       0.81341529563307180     
   5.4999999999999272       0.81531281553642021     
   5.5099999999999270       0.81721523701726895     
   5.5199999999999267       0.81911384657692199     
   5.5299999999999265       0.82100016244998941     
   5.5399999999999263       0.82286611403421628     
   5.5499999999999261       0.82470420691715562     
   5.5599999999999259       0.82650766743329984     
   5.5699999999999257       0.82827056209257399     
   5.5799999999999255       0.82998788884476482     
   5.5899999999999253       0.83165563886100691     
   5.5999999999999250       0.83327082914689798     
   5.6099999999999248       0.83483150773992332     
   5.6199999999999246       0.83633673439232692     
   5.6299999999999244       0.83778654044238288     
   5.6399999999999242       0.83918187203037864     
   5.6499999999999240       0.84052452092977659     
   5.6599999999999238       0.84181704710382321     
   5.6699999999999235       0.84306269669961065     
   5.6799999999999233       0.84426531865385757     
   5.6899999999999231       0.84542928243823046     
   5.6999999999999229       0.84655939880845321     
   5.7099999999999227       0.84766084475572323     
   5.7199999999999225       0.84873909325025543     
   5.7299999999999223       0.84979984782215534     
   5.7399999999999221       0.85084898156800581     
   5.7499999999999218       0.85189247980574534     
   5.7599999999999216       0.85293638532433103     
   5.7699999999999214       0.85398674499637384     
   5.7799999999999212       0.85504955643119251     
   5.7899999999999210       0.85613071334496105     
   5.7999999999999208       0.85723594841665129     
   5.8099999999999206       0.85837077258056094     
   5.8199999999999203       0.85954040997582981     
   5.8299999999999201       0.86074972814967943     
   5.8399999999999199       0.86200316355814466     
   5.8499999999999197       0.86330464296199605     
   5.8599999999999195       0.86465750192085467     
   5.8699999999999193       0.86606440225320713     
   5.8799999999999191       0.86752725100139383     
   5.8899999999999189       0.86904712407875628     
   5.8999999999999186       0.87062419832316584     
   5.9099999999999184       0.87225769607477077     
   5.9199999999999182       0.87394584655933993     
   5.9299999999999180       0.87568586824513983     
   5.9399999999999178       0.87747397589072551     
   5.9499999999999176       0.87930541519439087     
   5.9599999999999174       0.88117452681684960     
   5.9699999999999172       0.88307484010511317     
   5.9799999999999169       0.88499919521251613     
   5.9899999999999167       0.88693989059985279     
   5.9999999999999165       0.88888885127051609     
   6.0099999999999163       0.89083781169096377     
   6.0199999999999161       0.89277850632386380     
   6.0299999999999159       0.89470286016333322     
   6.0399999999999157       0.89660317165437120     
   6.0499999999999154       0.89847228092871290     
   6.0599999999999152       0.90030371730507253     
   6.0699999999999150       0.90209182141054767     
   6.0799999999999148       0.90383183890449392     
   6.0899999999999146       0.90551998450044646     
   6.0999999999999144       0.90715347661681878     
   6.1099999999999142       0.90873054442452583     
   6.1199999999999140       0.91025041020383435     
   6.1299999999999137       0.91171325072871578     
   6.1399999999999135       0.91312014184385881     
   6.1499999999999133       0.91447299051922049     
   6.1599999999999131       0.91577445849771510     
   6.1699999999999129       0.91702788125980184     
   6.1799999999999127       0.91823718548466748     
   6.1899999999999125       0.91940680754590498     
   6.1999999999999122       0.92054161490712405     
   6.2099999999999120       0.92164683162546657     
   6.2199999999999118       0.92272796855455019     
   6.2299999999999116       0.92379075829799384     
   6.2399999999999114       0.92484109450292318     
   6.2499999999999112       0.92588497471928022     
   6.2599999999999110       0.92692844577291700     
   6.2699999999999108       0.92797755042230534     
   6.2799999999999105       0.92903827397523286     
   6.2899999999999103       0.93011648954285642     
   6.2999999999999101       0.93121790069934218     
   6.3099999999999099       0.93234798049277468     
   6.3199999999999097       0.93351190603170509     
   6.3299999999999095       0.93471448823270831     
   6.3399999999999093       0.93596009677617575     
   6.3499999999999091       0.93725258085816454     
   6.3599999999999088       0.93859518693870703     
   6.3699999999999086       0.93999047534752789     
   6.3799999999999084       0.94144023827724488     
   6.3899999999999082       0.94294542233552758     
   6.3999999999999080       0.94450605937152532     
   6.4099999999999078       0.94612120968181723     
   6.4199999999999076       0.94778892187099606     
   6.4299999999999073       0.94950621352016040     
   6.4399999999999071       0.95126907636837688     
   6.4499999999999069       0.95307250890865880     
   6.4599999999999067       0.95491057815053093     
   6.4699999999999065       0.95677651086794435     
   6.4799999999999063       0.95866281300889034     
   6.4899999999999061       0.96056141424079577     
   6.4999999999999059       0.96246383296434468     
   6.5099999999999056       0.96436135573723014     
   6.5199999999999054       0.96624522402108659     
   6.5299999999999052       0.96810682062530629     
   6.5399999999999050       0.96993784822494755     
   6.5499999999999048       0.97173049287422542     
   6.5599999999999046       0.97347756646500738     
   6.5699999999999044       0.97517262348730649     
   6.5799999999999041       0.97681004908480007     
   6.5899999999999039       0.97838511712271659     
   6.5999999999999037       0.97989401862790670     
   6.6099999999999035       0.98133386241640297     
   6.6199999999999033       0.98270265088480391     
   6.6299999999999031       0.98399923476728213     
   6.6399999999999029       0.98522325113460862     
   6.6499999999999027       0.98637504905923001     
   6.6599999999999024       0.98745560723530212     
   6.6699999999999022       0.98846644749436130     
   6.6799999999999020       0.98940954765281897     
   6.6899999999999018       0.99028725654222716     
   6.6999999999999016       0.99110221344947214     
   6.7099999999999014       0.99185727360663445     
   6.7199999999999012       0.99255544079667191     
   6.7299999999999010       0.99319980768507288     
   6.7399999999999007       0.99379350406383493     
   6.7499999999999005       0.99433965289301052     
   6.7599999999999003       0.99484133377454598     
   6.7699999999999001       0.99530155333840797     
   6.7799999999998999       0.99572322190262863     
   6.7899999999998997       0.99610913572558735     
   6.7999999999998995       0.99646196414569754     
   6.8099999999998992       0.99678424092137485     
   6.8199999999998990       0.99707835911994214     
   6.8299999999998988       0.99734656895229878     
   6.8399999999998986       0.99759097800867347     
   6.8499999999998984       0.99781355341231848     
   6.8599999999998982       0.99801612546676988     
   6.8699999999998980       0.99820039243489034     
   6.8799999999998978       0.99836792614022662     
   6.8899999999998975       0.99852017813276572     
   6.8999999999998973       0.99865848620616915     
   6.9099999999998971       0.99878408109284744     
   6.9199999999998969       0.99889809319956169     
   6.9299999999998967       0.99900155927220879     
   6.9399999999998965       0.99909542891125636     
   6.9499999999998963       0.99918057086688961     
   6.9599999999998960       0.99925777907763158     
   6.9699999999998958       0.99932777841538223     
   6.9799999999998956       0.99939123012014464     
   6.9899999999998954       0.99944873691524427     
   6.9999999999998952       0.99950084779630977     
   7.0099999999998950       0.99954806250364558     
   7.0199999999998948       0.99959083567900742     
   7.0299999999998946       0.99962958072051933     
   7.0399999999998943       0.99966467334754683     
   7.0499999999998941       0.99969645489042103     
   7.0599999999998939       0.99972523531837543     
   7.0699999999998937       0.99975129602434654     
   7.0799999999998935       0.99977489237863848     
   7.0899999999998933       0.99979625607045863     
   7.0999999999998931       0.99981559724938174     
   7.1099999999998929       0.99983310648433688     
   7.1199999999998926       0.99984895655171979     
   7.1299999999998924       0.99986330406680912     
   7.1399999999998922       0.99987629097139619     
   7.1499999999998920       0.99988804588764435     
   7.1599999999998918       0.99989868535370008     
   7.1699999999998916       0.99990831494340071     
   7.1799999999998914       0.99991703028825540     
   7.1899999999998911       0.99992491800454475     
   7.1999999999998909       0.99993205653523576     
   7.2099999999998907       0.99993851691596991     
   7.2199999999998905       0.99994436346928883     
   7.2299999999998903       0.99994965443489303     
   7.2399999999998901       0.99995444254185761     
   7.2499999999998899       0.99995877552635049     
   7.2599999999998897       0.99996269660498993     
   7.2699999999998894       0.99996624489624386     
   7.2799999999998892       0.99996945581236474     
   7.2899999999998890       0.99997236140602297     
   7.2999999999998888       0.99997499068979356     
   7.3099999999998886       0.99997736992310016     
   7.3199999999998884       0.99997952287231306     
   7.3299999999998882       0.99998147104781232     
   7.3399999999998879       0.99998323391653199     
   7.3499999999998877       0.99998482909808695     
   7.3599999999998875       0.99998627253658823     
   7.3699999999998873       0.99998757866110344     
   7.3799999999998871       0.99998876053081787     
   7.3899999999998869       0.99998982996261587     
   7.3999999999998867       0.99999079765142329     
   7.4099999999998865       0.99999167327362004     
   7.4199999999998862       0.99999246558690302     
   7.4299999999998860       0.99999318251591340     
   7.4399999999998858       0.99999383123191554     
   7.4499999999998856       0.99999441822394342     
   7.4599999999998854       0.99999494936476807     
   7.4699999999998852       0.99999542996693558     
   7.4799999999998850       0.99999586483899006     
   7.4899999999998847       0.99999625833189820     
   7.4999999999998845       0.99999661438268517     
   7.5099999999998843       0.99999693655373978     
   7.5199999999998841       0.99999722806822855     
   7.5299999999998839       0.99999749184374476     
   7.5399999999998837       0.99999773051917218     
   7.5499999999998835       0.99999794648294438     
   7.5599999999998833       0.99999814189608849     
   7.5699999999998830       0.99999831871413847     
   7.5799999999998828       0.99999847870614489     
   7.5899999999998826       0.99999862347369028     
   7.5999999999998824       0.99999875446565756     
   7.6099999999998822       0.99999887299220913     
   7.6199999999998820       0.99999898023927802     
   7.6299999999998818       0.99999907728143023     
   7.6399999999998816       0.99999916508862663     
   7.6499999999998813       0.99999924454002820     
   7.6599999999998811       0.99999931643108553     
   7.6699999999998809       0.99999938148072287     
   7.6799999999998807       0.99999944034020793     
   7.6899999999998805       0.99999949359860529     
   7.6999999999998803       0.99999954178882533     
   7.7099999999998801       0.99999958539318445     
   7.7199999999998798       0.99999962484791305     
   7.7299999999998796       0.99999966054827805     
   7.7399999999998794       0.99999969285115986     
   7.7499999999998792       0.99999972207992172     
   7.7599999999998790       0.99999974852757278     
   7.7699999999998788       0.99999977245810245     
   7.7799999999998786       0.99999979411169604     
   7.7899999999998784       0.99999981370433511     
   7.7999999999998781       0.99999983143283422     
   7.8099999999998779       0.99999984747401993     
   7.8199999999998777       0.99999986198865665     
   7.8299999999998775       0.99999987512256783     
   7.8399999999998773       0.99999988700570996     
   7.8499999999998771       0.99999989775872156     
   7.8599999999998769       0.99999990748830614     
   7.8699999999998766       0.99999991629169482     
   7.8799999999998764       0.99999992425781870     
   7.8899999999998762       0.99999993146533939     
   7.8999999999998760       0.99999993798757703     
   7.9099999999998758       0.99999994388890034     
   7.9199999999998756       0.99999994922877711     
   7.9299999999998754       0.99999995406006470     
   7.9399999999998752       0.99999995843177891     
   7.9499999999998749       0.99999996238745037     
   7.9599999999998747       0.99999996596693119     
   7.9699999999998745       0.99999996920559542     
   7.9799999999998743       0.99999997213602010     
   7.9899999999998741       0.99999997478754354     
   7.9999999999998739       0.99999997718684386     
   8.0099999999998737       0.99999997935783469     
   8.0199999999998735       0.99999998132193157     
   8.0299999999998732       0.99999998309960192     
   8.0399999999998730       0.99999998470786033     
   8.0499999999998728       0.99999998616306829     
   8.0599999999998726       0.99999998747966312     
   8.0699999999998724       0.99999998867143225     
   8.0799999999998722       0.99999998974932092     
   8.0899999999998720       0.99999999072482382     
   8.0999999999998717       0.99999999160772635     
   8.1099999999998715       0.99999999240636017     
   8.1199999999998713       0.99999999312867172     
   8.1299999999998711       0.99999999378263493     
   8.1399999999998709       0.99999999437433773     
   8.1499999999998707       0.99999999490966318     
   8.1599999999998705       0.99999999539425177     
   8.1699999999998703       0.99999999583240662     
   8.1799999999998700       0.99999999622905966     
   8.1899999999998698       0.99999999658815097     
   8.1999999999998696       0.99999999691268959     
   8.2099999999998694       0.99999999720666821     
   8.2199999999998692       0.99999999747246027     
   8.2299999999998690       0.99999999771291592     
   8.2399999999998688       0.99999999793044914     
   8.2499999999998685       0.99999999812727358     
   8.2599999999998683       0.99999999830556963     
   8.2699999999998681       0.99999999846659882     
   8.2799999999998679       0.99999999861276767     
   8.2899999999998677       0.99999999874463141     
   8.2999999999998675       0.99999999886423629     
   8.3099999999998673       0.99999999897236358     
   8.3199999999998671       0.99999999906987369     
   8.3299999999998668       0.99999999915880045     
   8.3399999999998666       0.99999999923859939     
   8.3499999999998664       0.99999999931100203     
   8.3599999999998662       0.99999999937666162     
   8.3699999999998660       0.99999999943586804     
   8.3799999999998658       0.99999999948976270     
   8.3899999999998656       0.99999999953804486     
   8.3999999999998654       0.99999999958214014     
   8.4099999999998651       0.99999999962203057     
   8.4199999999998649       0.99999999965817554     
   8.4299999999998647       0.99999999969055808     
   8.4399999999998645       0.99999999972001974     
   8.4499999999998643       0.99999999974638776     
   8.4599999999998641       0.99999999977079590     
   8.4699999999998639       0.99999999979264154     
   8.4799999999998636       0.99999999981236176     
   8.4899999999998634       0.99999999983007648     
   8.4999999999998632       0.99999999984618537     
   8.5099999999998630       0.99999999986094390     
   8.5199999999998628       0.99999999987398314     
   8.5299999999998626       0.99999999988606336     
   8.5399999999998624       0.99999999989684940     
   8.5499999999998622       0.99999999990662003     
   8.5599999999998619       0.99999999991554112     
   8.5699999999998617       0.99999999992382893     
   8.5799999999998615       0.99999999993095612     
   8.5899999999998613       0.99999999993748512     
   8.5999999999998611       0.99999999994360189     
   8.6099999999998609       0.99999999994894384     
   8.6199999999998607       0.99999999995366495     
   8.6299999999998604       0.99999999995803690     
   8.6399999999998602       0.99999999996219247     
   8.6499999999998600       0.99999999996578670     
   8.6599999999998598       0.99999999996902211     
   8.6699999999998596       0.99999999997191835     
   8.6799999999998594       0.99999999997474964     
   8.6899999999998592       0.99999999997720668     
   8.6999999999998590       0.99999999997936473     
   8.7099999999998587       0.99999999998132827     
   8.7199999999998585       0.99999999998303468     
   8.7299999999998583       0.99999999998479183     
   8.7399999999998581       0.99999999998604305     
   8.7499999999998579       0.99999999998736910     
   8.7599999999998577       0.99999999998852140     
   8.7699999999998575       0.99999999998959965     
   8.7799999999998573       0.99999999999066669     
   8.7899999999998570       0.99999999999146538     
   8.7999999999998568       0.99999999999244271     
   8.8099999999998566       0.99999999999315348     
   8.8199999999998564       0.99999999999362599     
   8.8299999999998562       0.99999999999450739     
   8.8399999999998560       0.99999999999490607     
   8.8499999999998558       0.99999999999538614     
   8.8599999999998555       0.99999999999576161     
   8.8699999999998553       0.99999999999608558     
   8.8799999999998551       0.99999999999668510     
   8.8899999999998549       0.99999999999683997     
   8.8999999999998547       0.99999999999714051     
   8.9099999999998545       0.99999999999752054     
   8.9199999999998543       0.99999999999781874     
   8.9299999999998541       0.99999999999786293     
   8.9399999999998538       0.99999999999814315     
   8.9499999999998536       0.99999999999822353     
   8.9599999999998534       0.99999999999854206     
   8.9699999999998532       0.99999999999861777     
   8.9799999999998530       0.99999999999884193     
   8.9899999999998528       0.99999999999891587     
   8.9999999999998526       0.99999999999892697     
   9.0099999999998523       0.99999999999899702     
   9.0199999999998521       0.99999999999901701     
   9.0299999999998519       0.99999999999922606     
   9.0399999999998517       0.99999999999924560     
   9.0499999999998515       0.99999999999930089     
   9.0599999999998513       0.99999999999931932     
   9.0699999999998511       0.99999999999960254     
   9.0799999999998509       0.99999999999962019     
   9.0899999999998506       0.99999999999962574     
   9.0999999999998504       0.99999999999967737     
   9.1099999999998502       0.99999999999968214     
   9.1199999999998500       0.99999999999969602     
   9.1299999999998498       0.99999999999970046     
   9.1399999999998496       0.99999999999990064     
   9.1499999999998494       0.99999999999990508     
   9.1599999999998492       0.99999999999990641     
   9.1699999999998489       0.99999999999991929     
   9.1799999999998487       0.99999999999992051     
   9.1899999999998485       0.99999999999992395     
   9.1999999999998483       0.99999999999992506     
   9.2099999999998481       0.99999999999997535     
   9.2199999999998479       0.99999999999997613     
   9.2299999999998477       0.99999999999997646     
   9.2399999999998474       0.99999999999997979     
   9.2499999999998472       0.99999999999998013     
   9.2599999999998470       0.99999999999998090     
   9.2699999999998468       0.99999999999998124     
   9.2799999999998466       0.99999999999999378     
   9.2899999999998464       0.99999999999999412     
   9.2999999999998462       0.99999999999999412     
   9.3099999999998460       0.99999999999999489     
   9.3199999999998457       0.99999999999999523     
   9.3299999999998455       0.99999999999999523     
   9.3399999999998453       0.99999999999999523     
   9.3499999999998451       0.99999999999999833     
   9.3599999999998449       0.99999999999999856     
   9.3699999999998447       0.99999999999999856     
   9.3799999999998445       0.99999999999999867     
   9.3899999999998442       0.99999999999999867     
   9.3999999999998440       0.99999999999999867     
   9.4099999999998438       0.99999999999999867     
   9.4199999999998436       0.99999999999999956     
   9.4299999999998434       0.99999999999999956     
   9.4399999999998432       0.99999999999999956     
   9.4499999999998430       0.99999999999999967     
   9.4599999999998428       0.99999999999999967     
   9.4699999999998425       0.99999999999999967     
   9.4799999999998423       0.99999999999999967     
   9.4899999999998421        1.0000000000000000     
   9.4999999999998419       0.99999999999999989     
   9.5099999999998417       0.99999999999999989     
   9.5199999999998415        1.0000000000000000     
   9.5299999999998413        1.0000000000000000     
   9.5399999999998411        1.0000000000000000     
   9.5499999999998408        1.0000000000000000     
   9.5599999999998406       0.99999999999999989     
   9.5699999999998404        1.0000000000000000     
   9.5799999999998402        1.0000000000000000     
   9.5899999999998400        1.0000000000000000     
   9.5999999999998398        1.0000000000000000     
   9.6099999999998396        1.0000000000000000     
   9.6199999999998393        1.0000000000000000     
   9.6299999999998391        1.0000000000000000     
   9.6399999999998389        1.0000000000000000     
   9.6499999999998387        1.0000000000000000     
   9.6599999999998385        1.0000000000000000     
   9.6699999999998383        1.0000000000000000     
   9.6799999999998381        1.0000000000000000     
   9.6899999999998379        1.0000000000000000     
   9.6999999999998376        1.0000000000000000     
   9.7099999999998374        1.0000000000000000     
   9.7199999999998372        1.0000000000000000     
   9.7299999999998370        1.0000000000000000     
   9.7399999999998368        1.0000000000000000     
   9.7499999999998366        1.0000000000000000     
   9.7599999999998364        1.0000000000000000     
   9.7699999999998361        1.0000000000000000     
   9.7799999999998359        1.0000000000000000     
   9.7899999999998357        1.0000000000000000     
   9.7999999999998355        1.0000000000000000     
   9.8099999999998353        1.0000000000000000     
   9.8199999999998351        1.0000000000000000     
   9.8299999999998349        1.0000000000000000     
   9.8399999999998347        1.0000000000000000     
   9.8499999999998344        1.0000000000000000     
   9.8599999999998342        1.0000000000000000     
   9.8699999999998340        1.0000000000000000     
   9.8799999999998338        1.0000000000000000     
   9.8899999999998336        1.0000000000000000     
   9.8999999999998334        1.0000000000000000     
   9.9099999999998332        1.0000000000000000     
   9.9199999999998330        1.0000000000000000     
   9.9299999999998327        1.0000000000000000     
   9.9399999999998325        1.0000000000000000     
   9.9499999999998323        1.0000000000000000     
   9.9599999999998321        1.0000000000000000     
   9.9699999999998319        1.0000000000000000     
   9.9799999999998317        1.0000000000000000     
   9.9899999999998315        1.0000000000000000     
   9.9999999999998312        1.0000000000000000     
