   0.0000000000000000        1.2750076045868225E-017
   1.0000000000000000E-002   1.9176857547497325E-003
   2.0000000000000000E-002   3.8357709817064527E-003
   2.9999999999999999E-002   5.7546685657169300E-003
   4.0000000000000001E-002   7.6748175669165281E-003
   5.0000000000000003E-002   9.5966947198198507E-003
   6.0000000000000005E-002   1.1520824124864685E-002
   7.0000000000000007E-002   1.3447784685465520E-002
   8.0000000000000002E-002   1.5378214960930888E-002
   8.9999999999999997E-002   1.7312815235894938E-002
   9.9999999999999992E-002   1.9252346743747765E-002
  0.10999999999999999        2.1197628119912295E-002
  0.11999999999999998        2.3149529296830323E-002
  0.12999999999999998        2.5108963183019709E-002
  0.13999999999999999        2.7076875589968779E-002
  0.14999999999999999        2.9054233978105175E-002
  0.16000000000000000        3.1042015679871783E-002
  0.17000000000000001        3.3041196315271568E-002
  0.18000000000000002        3.5052739132977462E-002
  0.19000000000000003        3.7077585978147920E-002
  0.20000000000000004        3.9116650498381665E-002
  0.21000000000000005        4.1170814048250182E-002
  0.22000000000000006        4.3240924543704963E-002
  0.23000000000000007        4.5327798261939577E-002
  0.24000000000000007        4.7432224299989098E-002
  0.25000000000000006        4.9554971123792181E-002
  0.26000000000000006        5.1696794389626689E-002
  0.27000000000000007        5.3858445032274799E-002
  0.28000000000000008        5.6040676513504049E-002
  0.29000000000000009        5.8244250125126532E-002
  0.30000000000000010        6.0469937344994736E-002
  0.31000000000000011        6.2718518440960894E-002
  0.32000000000000012        6.4990776786304438E-002
  0.33000000000000013        6.7287488663105674E-002
  0.34000000000000014        6.9609408659241423E-002
  0.35000000000000014        7.1957251084629817E-002
  0.36000000000000015        7.4331668123259892E-002
  0.37000000000000016        7.6733225686235002E-002
  0.38000000000000017        7.9162378130012506E-002
  0.39000000000000018        8.1619443149089560E-002
  0.40000000000000019        8.4104578240627906E-002
  0.41000000000000020        8.6617760165576915E-002
  0.42000000000000021        8.9158768790287821E-002
  0.43000000000000022        9.1727176575939609E-002
  0.44000000000000022        9.4322344781588310E-002
  0.45000000000000023        9.6943427154776315E-002
  0.46000000000000024        9.9589381502330140E-002
  0.47000000000000025       0.10225898907515564     
  0.48000000000000026       0.10495088118913928     
  0.49000000000000027       0.10766357197834449     
  0.50000000000000022       0.11039549568524472     
  0.51000000000000023       0.11314504648980871     
  0.52000000000000024       0.11591061861405498     
  0.53000000000000025       0.11869064434796896     
  0.54000000000000026       0.12148362774163735     
  0.55000000000000027       0.12428817198875658     
  0.56000000000000028       0.12710299895698862     
  0.57000000000000028       0.12992695985355471     
  0.58000000000000029       0.13275903659672889     
  0.59000000000000030       0.13559833404418109     
  0.60000000000000031       0.13844406376787627     
  0.61000000000000032       0.14129552053572683     
  0.62000000000000033       0.14415205304918058     
  0.63000000000000034       0.14701303078950009     
  0.64000000000000035       0.14987780904274586     
  0.65000000000000036       0.15274569430315577     
  0.66000000000000036       0.15561591229003863     
  0.67000000000000037       0.15848758074352676     
  0.68000000000000038       0.16135968897530767     
  0.69000000000000039       0.16423108582924170     
  0.70000000000000040       0.16710047724826227     
  0.71000000000000041       0.16996643405599382     
  0.72000000000000042       0.17282740986923917     
  0.73000000000000043       0.17568176830582075     
  0.74000000000000044       0.17852781790353245     
  0.75000000000000044       0.18136385249467402     
  0.76000000000000045       0.18418819426280492     
  0.77000000000000046       0.18699923641053243     
  0.78000000000000047       0.18979548233305812     
  0.79000000000000048       0.19257557843418066     
  0.80000000000000049       0.19533833821722835     
  0.81000000000000050       0.19808275597742347     
  0.82000000000000051       0.20080800923733058     
  0.83000000000000052       0.20351344991576178     
  0.84000000000000052       0.20619858502035568     
  0.85000000000000053       0.20886304833862729     
  0.86000000000000054       0.21150656512809521     
  0.87000000000000055       0.21412891215417723     
  0.88000000000000056       0.21672987559668694     
  0.89000000000000057       0.21930920935839007     
  0.90000000000000058       0.22186659618619009     
  0.91000000000000059       0.22440161378166359     
  0.92000000000000060       0.22691370775505529     
  0.93000000000000060       0.22940217288278697     
  0.94000000000000061       0.23186614367630395     
  0.95000000000000062       0.23430459477267315     
  0.96000000000000063       0.23671635112890507     
  0.97000000000000064       0.23910010746227353     
  0.98000000000000065       0.24145445585490125     
  0.99000000000000066       0.24377791996597953     
   1.0000000000000007       0.24606899390738471     
   1.0100000000000007       0.24832618357525571     
   1.0200000000000007       0.25054804812191117     
   1.0300000000000007       0.25273323931476116     
   1.0400000000000007       0.25488053675949413     
   1.0500000000000007       0.25698887734039344     
   1.0600000000000007       0.25905737770954451     
   1.0700000000000007       0.26108534918781034     
   1.0800000000000007       0.26307230496778988     
   1.0900000000000007       0.26501795998511957     
   1.1000000000000008       0.26692222421290651     
   1.1100000000000008       0.26878519041566939     
   1.1200000000000008       0.27060711756923128     
   1.1300000000000008       0.27238841122007906     
   1.1400000000000008       0.27412960203732467     
   1.1500000000000008       0.27583132372195746     
   1.1600000000000008       0.27749429130051317     
   1.1700000000000008       0.27911928065969061     
   1.1800000000000008       0.28070710998869525     
   1.1900000000000008       0.28225862359814841     
   1.2000000000000008       0.28377467838720499     
   1.2100000000000009       0.28525613304264091     
   1.2200000000000009       0.28670383988317039     
   1.2300000000000009       0.28811863911714675     
   1.2400000000000009       0.28950135516831604     
   1.2500000000000009       0.29085279464899350     
   1.2600000000000009       0.29217374552505854     
   1.2700000000000009       0.29346497702286928     
   1.2800000000000009       0.29472723987109833     
   1.2900000000000009       0.29596126654357896     
   1.3000000000000009       0.29716777126310179     
   1.3100000000000009       0.29834744962958548     
   1.3200000000000010       0.29950097783810087     
   1.3300000000000010       0.30062901154233435     
   1.3400000000000010       0.30173218448997868     
   1.3500000000000010       0.30281110710331116     
   1.3600000000000010       0.30386636519951371     
   1.3700000000000010       0.30489851904261911     
   1.3800000000000010       0.30590810289625897     
   1.3900000000000010       0.30689562520885921     
   1.4000000000000010       0.30786156951649202     
   1.4100000000000010       0.30880639609861321     
   1.4200000000000010       0.30973054437342279     
   1.4300000000000010       0.31063443597644091     
   1.4400000000000011       0.31151847843017283     
   1.4500000000000011       0.31238306928629594     
   1.4600000000000011       0.31322860060490915     
   1.4700000000000011       0.31405546362740855     
   1.4800000000000011       0.31486405350004082     
   1.4900000000000011       0.31565477391235791     
   1.5000000000000011       0.31642804152749837     
   1.5100000000000011       0.31718429009788240     
   1.5200000000000011       0.31792397417920981     
   1.5300000000000011       0.31864757237594449     
   1.5400000000000011       0.31935559007226932     
   1.5500000000000012       0.32004856162238854     
   1.5600000000000012       0.32072705199262663     
   1.5700000000000012       0.32139165786424256     
   1.5800000000000012       0.32204300822055154     
   1.5900000000000012       0.32268176445361896     
   1.6000000000000012       0.32330862003534289     
   1.6100000000000012       0.32392429980463172     
   1.6200000000000012       0.32452955892703611     
   1.6300000000000012       0.32512518158530240     
   1.6400000000000012       0.32571197945967034     
   1.6500000000000012       0.32629079005529354     
   1.6600000000000013       0.32686247493080778     
   1.6700000000000013       0.32742791787772296     
   1.6800000000000013       0.32798802309492470     
   1.6900000000000013       0.32854371339598937     
   1.7000000000000013       0.32909592848035341     
   1.7100000000000013       0.32964562329190328     
   1.7200000000000013       0.33019376648115445     
   1.7300000000000013       0.33074133897979202     
   1.7400000000000013       0.33128933268894040     
   1.7500000000000013       0.33183874927575058     
   1.7600000000000013       0.33239059906644819     
   1.7700000000000014       0.33294590001839902     
   1.7800000000000014       0.33350567674909154     
   1.7900000000000014       0.33407095959635863     
   1.8000000000000014       0.33464278368240880     
   1.8100000000000014       0.33522218795362302     
   1.8200000000000014       0.33581021417000273     
   1.8300000000000014       0.33640790582205859     
   1.8400000000000014       0.33701630695903584     
   1.8500000000000014       0.33763646092128269     
   1.8600000000000014       0.33826940898070035     
   1.8700000000000014       0.33891618890674852     
   1.8800000000000014       0.33957783349078446     
   1.8900000000000015       0.34025536907867510     
   1.9000000000000015       0.34094981417896753     
   1.9100000000000015       0.34166217823108186     
   1.9200000000000015       0.34239346063362203     
   1.9300000000000015       0.34314465014454804     
   1.9400000000000015       0.34391672477207341     
   1.9500000000000015       0.34471065227435221     
   1.9600000000000015       0.34552739137674504     
   1.9700000000000015       0.34636789379533722     
   1.9800000000000015       0.34723310712435285     
   1.9900000000000015       0.34812397860282529     
   2.0000000000000013       0.34904145972413386     
   2.0100000000000011       0.34998651159262417     
   2.0200000000000009       0.35096011086825341     
   2.0300000000000007       0.35196325607674855     
   2.0400000000000005       0.35299697400363955     
   2.0500000000000003       0.35406232584024072     
   2.0600000000000001       0.35516041271238918     
   2.0699999999999998       0.35629238020291348     
   2.0799999999999996       0.35745942147976717     
   2.0899999999999994       0.35866277866749519     
   2.0999999999999992       0.35990374215273141     
   2.1099999999999990       0.36118364759726446     
   2.1199999999999988       0.36250387054606797     
   2.1299999999999986       0.36386581866143103     
   2.1399999999999983       0.36527092178503967     
   2.1499999999999981       0.36672062021953300     
   2.1599999999999979       0.36821635181898732     
   2.1699999999999977       0.36975953866598738     
   2.1799999999999975       0.37135157427086429     
   2.1899999999999973       0.37299381233126244     
   2.1999999999999971       0.37468755811228577     
   2.2099999999999969       0.37643406342798696     
   2.2199999999999966       0.37823452600994439     
   2.2299999999999964       0.38009009373826658     
   2.2399999999999962       0.38200187379915479     
   2.2499999999999960       0.38397094635235446     
   2.2599999999999958       0.38599838178734847     
   2.2699999999999956       0.38808526017125794     
   2.2799999999999954       0.39023269109800007     
   2.2899999999999952       0.39244183188381604     
   2.2999999999999949       0.39471390194959521     
   2.3099999999999947       0.39705019129983726     
   2.3199999999999945       0.39945206124659260     
   2.3299999999999943       0.40192093591484318     
   2.3399999999999941       0.40445828357362623     
   2.3499999999999939       0.40706558743109883     
   2.3599999999999937       0.40974430617911117     
   2.3699999999999934       0.41249582524494943     
   2.3799999999999932       0.41532140038146742     
   2.3899999999999930       0.41822209588115467     
   2.3999999999999928       0.42119872031324473     
   2.4099999999999926       0.42425176322698843     
   2.4199999999999924       0.42738133669963374     
   2.4299999999999922       0.43058712588027087     
   2.4399999999999920       0.43386835272523933     
   2.4499999999999917       0.43722375686781867     
   2.4599999999999915       0.44065159695461026     
   2.4699999999999913       0.44414967478197143     
   2.4799999999999911       0.44771538319251886     
   2.4899999999999909       0.45134577701659034     
   2.4999999999999907       0.45503766450053662     
   2.5099999999999905       0.45878771483215108     
   2.5199999999999902       0.46259257575553286     
   2.5299999999999900       0.46644899404970391     
   2.5399999999999898       0.47035393096712402     
   2.5499999999999896       0.47430466465857274     
   2.5599999999999894       0.47829887213889150     
   2.5699999999999892       0.48233468439844029     
   2.5799999999999890       0.48641070971888345     
   2.5899999999999888       0.49052602197859052     
   2.5999999999999885       0.49468011261731398     
   2.6099999999999883       0.49887280688578955     
   2.6199999999999881       0.50310414698160555     
   2.6299999999999879       0.50737424663925401     
   2.6399999999999877       0.51168312367570956     
   2.6499999999999875       0.51603051885096851     
   2.6599999999999873       0.52041571110441520     
   2.6699999999999871       0.52483734063837795     
   2.6799999999999868       0.52929325225245039     
   2.6899999999999866       0.53378037156154745     
   2.6999999999999864       0.53829462603023437     
   2.7099999999999862       0.54283092094964291     
   2.7199999999999860       0.54738317749807797     
   2.7299999999999858       0.55194443595103926     
   2.7399999999999856       0.55650702221451864     
   2.7499999999999853       0.56106277059909793     
   2.7599999999999851       0.56560329071394166     
   2.7699999999999849       0.57012026215233635     
   2.7799999999999847       0.57460573780772539     
   2.7899999999999845       0.57905243556226715     
   2.7999999999999843       0.58345399884202809     
   2.8099999999999841       0.58780520898646627     
   2.8199999999999839       0.59210213616168206     
   2.8299999999999836       0.59634222015128535     
   2.8399999999999834       0.60052427724684077     
   2.8499999999999832       0.60464843415870728     
   2.8599999999999830       0.60871599403658616     
   2.8699999999999828       0.61272924314449984     
   2.8799999999999826       0.61669120944023326     
   2.8899999999999824       0.62060538632960449     
   2.8999999999999821       0.62447543631085523     
   2.9099999999999819       0.62830489018521163     
   2.9199999999999817       0.63209685801327731     
   2.9299999999999815       0.63585376797575133     
   2.9399999999999813       0.63957714859818815     
   2.9499999999999811       0.64326746821573488     
   2.9599999999999809       0.64692404289338667     
   2.9699999999999807       0.65054502018481608     
   2.9799999999999804       0.65412744118921418     
   2.9899999999999802       0.65766737765910455     
   2.9999999999999800       0.66116013495791848     
   3.0099999999999798       0.66460050616081023     
   3.0199999999999796       0.66798305827249982     
   3.0299999999999794       0.67130242902394177     
   3.0399999999999792       0.67455361237575073     
   3.0499999999999790       0.67773221272289519     
   3.0599999999999787       0.68083465154252987     
   3.0699999999999785       0.68385831525395668     
   3.0799999999999783       0.68680163863373456     
   3.0899999999999781       0.68966412352856676     
   3.0999999999999779       0.69244629725748597     
   3.1099999999999777       0.69514961863982827     
   3.1199999999999775       0.69777634191007409     
   3.1299999999999772       0.70032934996695451     
   3.1399999999999770       0.70281196866798068     
   3.1499999999999768       0.70522777348346477     
   3.1599999999999766       0.70758039901439596     
   3.1699999999999764       0.70987336083622843     
   3.1799999999999762       0.71210989794941615     
   3.1899999999999760       0.71429284281166339     
   3.1999999999999758       0.71642452445111326     
   3.2099999999999755       0.71850670845340636     
   3.2199999999999753       0.72054057563939944     
   3.2299999999999751       0.72252673902866560     
   3.2399999999999749       0.72446529631964407     
   3.2499999999999747       0.72635591279742451     
   3.2599999999999745       0.72819792754597168     
   3.2699999999999743       0.72999047434351383     
   3.2799999999999740       0.73173260786854466     
   3.2899999999999738       0.73342342594946031     
   3.2999999999999736       0.73506217954826669     
   3.3099999999999734       0.73664836383850085     
   3.3199999999999732       0.73818178588792593     
   3.3299999999999730       0.73966260679941809     
   3.3399999999999728       0.74109135841303053     
   3.3499999999999726       0.74246893659461521     
   3.3599999999999723       0.74379657457524306     
   3.3699999999999721       0.74507580069734525     
   3.3799999999999719       0.74630838528634957     
   3.3899999999999717       0.74749628127751511     
   3.3999999999999715       0.74864156280057814     
   3.4099999999999713       0.74974636527949168     
   3.4199999999999711       0.75081282985356257     
   3.4299999999999708       0.75184305415864117     
   3.4399999999999706       0.75283905078644675     
   3.4499999999999704       0.75380271410601152     
   3.4599999999999702       0.75473579560067983     
   3.4699999999999700       0.75563988745150579     
   3.4799999999999698       0.75651641377641021     
   3.4899999999999696       0.75736662870413174     
   3.4999999999999694       0.75819162031027332     
   3.5099999999999691       0.75899231935999611     
   3.5199999999999689       0.75976951177532215     
   3.5299999999999687       0.76052385376893539     
   3.5399999999999685       0.76125588864945637     
   3.5499999999999683       0.76196606439995140     
   3.5599999999999681       0.76265475125160254     
   3.5699999999999679       0.76332225861012970     
   3.5799999999999677       0.76396885083568900     
   3.5899999999999674       0.76459476151744399     
   3.5999999999999672       0.76520020601701444     
   3.6099999999999670       0.76578539217223851     
   3.6199999999999668       0.76635052915215984     
   3.6299999999999666       0.76689583453243038     
   3.6399999999999664       0.76742153971787608     
   3.6499999999999662       0.76792789387690630     
   3.6599999999999659       0.76841516657246844     
   3.6699999999999657       0.76888364928123853     
   3.6799999999999655       0.76933365598721026     
   3.6899999999999653       0.76976552302403056     
   3.6999999999999651       0.77017960832316590     
   3.7099999999999649       0.77057629020517526     
   3.7199999999999647       0.77095596583174042     
   3.7299999999999645       0.77131904941643958     
   3.7399999999999642       0.77166597027537076     
   3.7499999999999640       0.77199717078241648     
   3.7599999999999638       0.77231310428171063     
   3.7699999999999636       0.77261423299831478     
   3.7799999999999634       0.77290102597962040     
   3.7899999999999632       0.77317395709227454     
   3.7999999999999630       0.77343350309448100     
   3.8099999999999627       0.77368014179826239     
   3.8199999999999625       0.77391435033305556     
   3.8299999999999623       0.77413660351898672     
   3.8399999999999621       0.77434737235568440     
   3.8499999999999619       0.77454712263070347     
   3.8599999999999617       0.77473631364973483     
   3.8699999999999615       0.77491539708920210     
   3.8799999999999613       0.77508481597101253     
   3.8899999999999610       0.77524500375741645     
   3.8999999999999608       0.77539638356346197     
   3.9099999999999606       0.77553936748332564     
   3.9199999999999604       0.77567435602607904     
   3.9299999999999602       0.77580173765585991     
   3.9399999999999600       0.77592188843083620     
   3.9499999999999598       0.77603517173483560     
   3.9599999999999596       0.77614193809530807     
   3.9699999999999593       0.77624252508110214     
   3.9799999999999591       0.77633725727329450     
   3.9899999999999589       0.77642644630239865     
   3.9999999999999587       0.77651039094529761     
   4.0099999999999589       0.77658937727546795     
   4.0199999999999587       0.77666367886020959     
   4.0299999999999585       0.77673355699875579     
   4.0399999999999583       0.77679926099576124     
   4.0499999999999581       0.77686102846451899     
   4.0599999999999579       0.77691908565514567     
   4.0699999999999577       0.77697364780286859     
   4.0799999999999574       0.77702491949229247     
   4.0899999999999572       0.77707309503370314     
   4.0999999999999570       0.77711835884785363     
   4.1099999999999568       0.77716088585618293     
   4.1199999999999566       0.77720084187358229     
   4.1299999999999564       0.77723838400127776     
   4.1399999999999562       0.77727366101774720     
   4.1499999999999559       0.77730681376568944     
   4.1599999999999557       0.77733797553364681     
   4.1699999999999555       0.77736727243084358     
   4.1799999999999553       0.77739482375412838     
   4.1899999999999551       0.77742074234640379     
   4.1999999999999549       0.77744513494546863     
   4.2099999999999547       0.77746810252310816     
   4.2199999999999545       0.77748974061398768     
   4.2299999999999542       0.77751013963397475     
   4.2399999999999540       0.77752938518806325     
   4.2499999999999538       0.77754755836770961     
   4.2599999999999536       0.77756473603776699     
   4.2699999999999534       0.77758099111321244     
   4.2799999999999532       0.77759639282594917     
   4.2899999999999530       0.77761100698182983     
   4.2999999999999527       0.77762489620859776     
   4.3099999999999525       0.77763812019476308     
   4.3199999999999523       0.77765073592020606     
   4.3299999999999521       0.77766279787870818     
   4.3399999999999519       0.77767435829313991     
   4.3499999999999517       0.77768546732370070     
   4.3599999999999515       0.77769617326971763     
   4.3699999999999513       0.77770652276569685     
   4.3799999999999510       0.77771656097204989     
   4.3899999999999508       0.77772633176118744     
   4.3999999999999506       0.77773587789942900     
   4.4099999999999504       0.77774524122549626     
   4.4199999999999502       0.77775446282604477     
   4.4299999999999500       0.77776358320885197     
   4.4399999999999498       0.77777264247435685     
   4.4499999999999496       0.77778168048609186     
   4.4599999999999493       0.77779073704070367     
   4.4699999999999491       0.77779985203805746     
   4.4799999999999489       0.77780906565220875     
   4.4899999999999487       0.77781841850387046     
   4.4999999999999485       0.77782795183492137     
   4.5099999999999483       0.77783770768579241     
   4.5199999999999481       0.77784772907623601     
   4.5299999999999478       0.77785806019036741     
   4.5399999999999476       0.77786874656651694     
   4.5499999999999474       0.77787983529275118     
   4.5599999999999472       0.77789137520873430     
   4.5699999999999470       0.77790341711468369     
   4.5799999999999468       0.77791601398836352     
   4.5899999999999466       0.77792922121065911     
   4.5999999999999464       0.77794309680078666     
   4.6099999999999461       0.77795770166192313     
   4.6199999999999459       0.77797309983810348     
   4.6299999999999457       0.77798935878328579     
   4.6399999999999455       0.77800654964359472     
   4.6499999999999453       0.77802474755355921     
   4.6599999999999451       0.77804403194743532     
   4.6699999999999449       0.77806448688656005     
   4.6799999999999446       0.77808620140369444     
   4.6899999999999444       0.77810926986552420     
   4.6999999999999442       0.77813379235419589     
   4.7099999999999440       0.77815987506907425     
   4.7199999999999438       0.77818763074966812     
   4.7299999999999436       0.77821717912087796     
   4.7399999999999434       0.77824864736155686     
   4.7499999999999432       0.77828217059722171     
   4.7599999999999429       0.77831789241845240     
   4.7699999999999427       0.77835596542505792     
   4.7799999999999425       0.77839655179769995     
   4.7899999999999423       0.77843982389721833     
   4.7999999999999421       0.77848596489266098     
   4.8099999999999419       0.77853516941826562     
   4.8199999999999417       0.77858764426008742     
   4.8299999999999415       0.77864360907225061     
   4.8399999999999412       0.77870329712286590     
   4.8499999999999410       0.77876695606926816     
   4.8599999999999408       0.77883484876197551     
   4.8699999999999406       0.77890725407626860     
   4.8799999999999404       0.77898446777008323     
   4.8899999999999402       0.77906680336600909     
   4.8999999999999400       0.77915459305515056     
   4.9099999999999397       0.77924818861919032     
   4.9199999999999395       0.77934796236731274     
   4.9299999999999393       0.77945430808249117     
   4.9399999999999391       0.77956764197175688     
   4.9499999999999389       0.77968840361342961     
   4.9599999999999387       0.77981705689329517     
   4.9699999999999385       0.77995409092029166     
   4.9799999999999383       0.78010002091075981     
   4.9899999999999380       0.78025538902888747     
   4.9999999999999378       0.78042076516917869     
   5.0099999999999376       0.78059674766460740     
   5.0199999999999374       0.78078396390262939     
   5.0299999999999372       0.78098307082861984     
   5.0399999999999370       0.78119475531435667     
   5.0499999999999368       0.78141973436653034     
   5.0599999999999365       0.78165875514840666     
   5.0699999999999363       0.78191259478470532     
   5.0799999999999361       0.78218205991786538     
   5.0899999999999359       0.78246798598155753     
   5.0999999999999357       0.78277123615498667     
   5.1099999999999355       0.78309269995989872     
   5.1199999999999353       0.78343329146085938     
   5.1299999999999351       0.78379394702810068     
   5.1399999999999348       0.78417562262238305     
   5.1499999999999346       0.78457929056148590     
   5.1599999999999344       0.78500593572960498     
   5.1699999999999342       0.78545655119359470     
   5.1799999999999340       0.78593213319390054     
   5.1899999999999338       0.78643367548366261     
   5.1999999999999336       0.78696216299671184     
   5.2099999999999334       0.78751856483439842     
   5.2199999999999331       0.78810382657231270     
   5.2299999999999329       0.78871886190152507     
   5.2399999999999327       0.78936454363434660     
   5.2499999999999325       0.79004169412239666     
   5.2599999999999323       0.79075107515462806     
   5.2699999999999321       0.79149337742437875     
   5.2799999999999319       0.79226920967766157     
   5.2899999999999316       0.79307908767875190     
   5.2999999999999314       0.79392342315374465     
   5.3099999999999312       0.79480251289585901     
   5.3199999999999310       0.79571652823962691     
   5.3299999999999308       0.79666550513018919     
   5.3399999999999306       0.79764933503061008     
   5.3499999999999304       0.79866775692162928     
   5.3599999999999302       0.79972035065350089     
   5.3699999999999299       0.80080653190824469     
   5.3799999999999297       0.80192554902053670     
   5.3899999999999295       0.80307648188693825     
   5.3999999999999293       0.80425824316543404     
   5.4099999999999291       0.80546958192932916     
   5.4199999999999289       0.80670908989415135     
   5.4299999999999287       0.80797521028071895     
   5.4399999999999284       0.80926624931721658     
   5.4499999999999282       0.81058039031606310     
   5.4599999999999280       0.81191571019329345     
   5.4699999999999278       0.81327019822785618     
   5.4799999999999276       0.81464177679245875     
   5.4899999999999274       0.81602832372569634     
   5.4999999999999272       0.81742769596182385     
   5.5099999999999270       0.81883775399143899     
   5.5199999999999267       0.82025638669571144     
   5.5299999999999265       0.82168153607925276     
   5.5399999999999263       0.82311122142467430     
   5.5499999999999261       0.82454356240342175     
   5.5599999999999259       0.82597680070294111     
   5.5699999999999257       0.82740931976899856     
   5.5799999999999255       0.82883966231042394     
   5.5899999999999253       0.83026654527077803     
   5.5999999999999250       0.83168887203449138     
   5.6099999999999248       0.83310574170109875     
   5.6199999999999246       0.83451645532743690     
   5.6299999999999244       0.83592051910211640     
   5.6399999999999242       0.83731764447728696     
   5.6499999999999240       0.83870774533662540     
   5.6599999999999238       0.84009093232652321     
   5.6699999999999235       0.84146750451690544     
   5.6799999999999233       0.84283793859036027     
   5.6899999999999231       0.84420287578207587     
   5.6999999999999229       0.84556310681057745     
   5.7099999999999227       0.84691955504973659     
   5.7199999999999225       0.84827325819887844     
   5.7299999999999223       0.84962534870918893     
   5.7399999999999221       0.85097703322452845     
   5.7499999999999218       0.85232957129188602     
   5.7599999999999216       0.85368425359493816     
   5.7699999999999214       0.85504237996080401     
   5.7799999999999212       0.85640523739018382     
   5.7899999999999210       0.85777407835911545     
   5.7999999999999208       0.85915009964362510     
   5.8099999999999206       0.86053442191925245     
   5.8199999999999203       0.86192807039054298     
   5.8299999999999201       0.86333195670718965     
   5.8399999999999199       0.86474686242438592     
   5.8499999999999197       0.86617342426245347     
   5.8599999999999195       0.86761212141503052     
   5.8699999999999193       0.86906326514385246     
   5.8799999999999191       0.87052699088059249     
   5.8899999999999189       0.87200325303243809     
   5.8999999999999186       0.87349182265457892     
   5.9099999999999184       0.87499228811400109     
   5.9199999999999182       0.87650405881967708     
   5.9299999999999180       0.87802637203978962     
   5.9399999999999178       0.87955830276513081     
   5.9499999999999176       0.88109877651251634     
   5.9599999999999174       0.88264658489462400     
   5.9699999999999172       0.88420040371480702     
   5.9799999999999169       0.88575881328146933     
   5.9899999999999167       0.88732032057727062     
   5.9999999999999165       0.88888338286749646     
   6.0099999999999163       0.89044643229181020     
   6.0199999999999161       0.89200790095565197     
   6.0299999999999159       0.89356624602224177     
   6.0399999999999157       0.89511997430751644     
   6.0499999999999154       0.89666766589351854     
   6.0599999999999152       0.89820799630448045     
   6.0699999999999150       0.89973975682995400     
   6.0799999999999148       0.90126187263011392     
   6.0899999999999146       0.90277341831793589     
   6.0999999999999144       0.90427363077606682     
   6.1099999999999142       0.90576191903563430     
   6.1199999999999140       0.90723787110980059     
   6.1299999999999137       0.90870125774166866     
   6.1399999999999135       0.91015203308658099     
   6.1499999999999133       0.91159033240445320     
   6.1599999999999131       0.91301646688534344     
   6.1699999999999129       0.91443091577249469     
   6.1799999999999127       0.91583431597820575     
   6.1899999999999125       0.91722744941350287     
   6.1999999999999122       0.91861122826928687     
   6.2099999999999120       0.91998667849767735     
   6.2199999999999118       0.92135492174872136     
   6.2299999999999116       0.92271715601906645     
   6.2399999999999114       0.92407463526980171     
   6.2499999999999112       0.92542864826690163     
   6.2599999999999110       0.92678049689698572     
   6.2699999999999108       0.92813147420796982     
   6.2799999999999105       0.92948284242313495     
   6.2899999999999103       0.93083581117779346     
   6.2999999999999101       0.93219151622805685     
   6.3099999999999099       0.93355099888460813     
   6.3199999999999097       0.93491518642649463     
   6.3299999999999095       0.93628487375187386     
   6.3399999999999093       0.93766070652442124     
   6.3499999999999091       0.93904316607150817     
   6.3599999999999088       0.94043255628446554     
   6.3699999999999086       0.94182899276161069     
   6.3799999999999084       0.94323239441644957     
   6.3899999999999082       0.94464247775072485     
   6.3999999999999080       0.94605875395904881     
   6.4099999999999078       0.94748052899386492     
   6.4199999999999076       0.94890690667061894     
   6.4299999999999073       0.95033679483966615     
   6.4399999999999071       0.95176891459108492     
   6.4499999999999069       0.95320181239370860     
   6.4599999999999067       0.95463387500438734     
   6.4699999999999065       0.95606334691597450     
   6.4799999999999063       0.95748835005085176     
   6.4899999999999061       0.95890690534885958     
   6.4999999999999059       0.96031695584837240     
   6.5099999999999056       0.96171639082348781     
   6.5199999999999054       0.96310307051081212     
   6.5299999999999052       0.96447485094979446     
   6.5399999999999050       0.96582960846170129     
   6.5499999999999048       0.96716526330846553     
   6.5599999999999046       0.96847980210462559     
   6.5699999999999044       0.96977129859699551     
   6.5799999999999041       0.97103793248051429     
   6.5899999999999039       0.97227800598002279     
   6.5999999999999037       0.97348995799370575     
   6.6099999999999035       0.97467237566433707     
   6.6199999999999033       0.97582400331225017     
   6.6299999999999031       0.97694374873030676     
   6.6399999999999029       0.97803068690460315     
   6.6499999999999027       0.97908406127581915     
   6.6599999999999024       0.98010328270576497     
   6.6699999999999022       0.98108792635006259     
   6.6799999999999020       0.98203772666507572     
   6.6899999999999018       0.98295257079828868     
   6.6999999999999016       0.98383249061943834     
   6.7099999999999014       0.98467765365231819     
   6.7199999999999012       0.98548835316205485     
   6.7299999999999010       0.98626499764074316     
   6.7399999999999007       0.98700809991915561     
   6.7499999999999005       0.98771826611063496     
   6.7599999999999003       0.98839618457302625     
   6.7699999999999001       0.98904261504909874     
   6.7799999999998999       0.98965837812276569     
   6.7899999999998997       0.99024434510313653     
   6.7999999999998995       0.99080142842699059     
   6.8099999999998992       0.99133057264704361     
   6.8199999999998990       0.99183274605499772     
   6.8299999999998988       0.99230893296915834     
   6.8399999999998986       0.99276012670221192     
   6.8499999999998984       0.99318732320995173     
   6.8599999999998982       0.99359151541193746     
   6.8699999999998980       0.99397368816409581     
   6.8799999999998978       0.99433481385760181     
   6.8899999999998975       0.99467584861192870     
   6.8999999999998973       0.99499772902551342     
   6.9099999999998971       0.99530136944641756     
   6.9199999999998969       0.99558765972119223     
   6.9299999999998967       0.99585746338307435     
   6.9399999999998965       0.99611161623701361     
   6.9499999999998963       0.99635092530415836     
   6.9599999999998960       0.99657616808463845     
   6.9699999999998958       0.99678809210588071     
   6.9799999999998956       0.99698741471926766     
   6.9899999999998954       0.99717482311417760     
   6.9999999999998952       0.99735097452019417     
   7.0099999999998950       0.99751649656933106     
   7.0199999999998948       0.99767198779382837     
   7.0299999999998946       0.99781801823707161     
   7.0399999999998943       0.99795513015691661     
   7.0499999999998941       0.99808383880355422     
   7.0599999999998939       0.99820463325582920     
   7.0699999999998937       0.99831797730130845     
   7.0799999999998935       0.99842431034761014     
   7.0899999999998933       0.99852404835543207     
   7.0999999999998931       0.99861758478096119     
   7.1099999999998929       0.99870529152253740     
   7.1199999999998926       0.99878751986303149     
   7.1299999999998924       0.99886460140209254     
   7.1399999999998922       0.99893684897409196     
   7.1499999999998920       0.99900455754737794     
   7.1599999999998918       0.99906800510103255     
   7.1699999999998916       0.99912745347791820     
   7.1799999999998914       0.99918314921048923     
   7.1899999999998911       0.99923532431877371     
   7.1999999999998909       0.99928419707928851     
   7.2099999999998907       0.99932997276407565     
   7.2199999999998905       0.99937284434966300     
   7.2299999999998903       0.99941299319537058     
   7.2399999999998901       0.99945058969244116     
   7.2499999999998899       0.99948579388245162     
   7.2599999999998897       0.99951875604681961     
   7.2699999999998894       0.99954961726777924     
   7.2799999999998892       0.99957850996146846     
   7.2899999999998890       0.99960555838401155     
   7.2999999999998888       0.99963087911074322     
   7.3099999999998886       0.99965458149114317     
   7.3199999999998884       0.99967676807879002     
   7.3299999999998882       0.99969753503809378     
   7.3399999999998879       0.99971697252867719     
   7.3499999999998877       0.99973516506828952     
   7.3599999999998875       0.99975219187573183     
   7.3699999999998873       0.99976812719324126     
   7.3799999999998871       0.99978304059155143     
   7.3899999999998869       0.99979699725656557     
   7.3999999999998867       0.99981005825969615     
   7.4099999999998865       0.99982228081189639     
   7.4199999999998862       0.99983371850309710     
   7.4299999999998860       0.99984442152729058     
   7.4399999999998858       0.99985443689397446     
   7.4499999999998856       0.99986380862697344     
   7.4599999999998854       0.99987257795143014     
   7.4699999999998852       0.99988078346901366     
   7.4799999999998850       0.99988846132291620     
   7.4899999999998847       0.99989564535268749     
   7.4999999999998845       0.99990236723907255     
   7.5099999999998843       0.99990865664047268     
   7.5199999999998841       0.99991454132087954     
   7.5299999999998839       0.99992004726967365     
   7.5399999999998837       0.99992519881388442     
   7.5499999999998835       0.99993001872419085     
   7.5599999999998833       0.99993452831320295     
   7.5699999999998830       0.99993874752853784     
   7.5799999999998828       0.99994269503954214     
   7.5899999999998826       0.99994638831847082     
   7.5999999999998824       0.99994984371748685     
   7.6099999999998822       0.99995307653938015     
   7.6199999999998820       0.99995610110485866     
   7.6299999999998818       0.99995893081528442     
   7.6399999999998816       0.99996157821157428     
   7.6499999999998813       0.99996405502900043     
   7.6599999999998811       0.99996637224848239     
   7.6699999999998809       0.99996854014592718     
   7.6799999999998807       0.99997056833611575     
   7.6899999999998805       0.99997246581585619     
   7.6999999999998803       0.99997424100332422     
   7.7099999999998801       0.99997590177548257     
   7.7199999999998798       0.99997745550220030     
   7.7299999999998796       0.99997890907934195     
   7.7399999999998794       0.99998026895899428     
   7.7499999999998792       0.99998154117807769     
   7.7599999999998790       0.99998273138461702     
   7.7699999999998788       0.99998384486358061     
   7.7799999999998786       0.99998488655907380     
   7.7899999999998784       0.99998586109723508     
   7.7999999999998781       0.99998677280607773     
   7.8099999999998779       0.99998762573502686     
   7.8199999999998777       0.99998842367250695     
   7.8299999999998775       0.99998917016312616     
   7.8399999999998773       0.99998986852302574     
   7.8499999999998771       0.99999052185464377     
   7.8599999999998769       0.99999113306066689     
   7.8699999999998766       0.99999170485674671     
   7.8799999999998764       0.99999223978334506     
   7.8899999999998762       0.99999274021735018     
   7.8999999999998760       0.99999320838272865     
   7.9099999999998758       0.99999364635964560     
   7.9199999999998756       0.99999405609433334     
   7.9299999999998754       0.99999443940802879     
   7.9399999999998752       0.99999479800387614     
   7.9499999999998749       0.99999513347572022     
   7.9599999999998747       0.99999544731464907     
   7.9699999999998745       0.99999574091534249     
   7.9799999999998743       0.99999601558273199     
   7.9899999999998741       0.99999627253780210     
   7.9999999999998739       0.99999651292253910     
   8.0099999999998737       0.99999673780547194     
   8.0199999999998735       0.99999694818612850     
   8.0299999999998732       0.99999714499991554     
   8.0399999999998730       0.99999732912119588     
   8.0499999999998728       0.99999750136879784     
   8.0599999999998726       0.99999766250834710     
   8.0699999999998724       0.99999781325612058     
   8.0799999999998722       0.99999795428221971     
   8.0899999999998720       0.99999808621350961     
   8.0999999999998717       0.99999820963653685     
   8.1099999999998715       0.99999832510000619     
   8.1199999999998713       0.99999843311731440     
   8.1299999999998711       0.99999853416856888     
   8.1399999999998709       0.99999862870261724     
   8.1499999999998707       0.99999871714033062     
   8.1599999999998705       0.99999879987462392     
   8.1699999999998703       0.99999887727322234     
   8.1799999999998700       0.99999894968022796     
   8.1899999999998698       0.99999901741774144     
   8.1999999999998696       0.99999908078667477     
   8.2099999999998694       0.99999914006891055     
   8.2199999999998692       0.99999919552790728     
   8.2299999999998690       0.99999924741024215     
   8.2399999999998688       0.99999929594656323     
   8.2499999999998685       0.99999934135276436     
   8.2599999999998683       0.99999938383056264     
   8.2699999999998681       0.99999942356903948     
   8.2799999999998679       0.99999946074436752     
   8.2899999999998677       0.99999949552240053     
   8.2999999999998675       0.99999952805751835     
   8.3099999999998673       0.99999955849430366     
   8.3199999999998671       0.99999958696819657     
   8.3299999999998668       0.99999961360572853     
   8.3399999999998666       0.99999963852541485     
   8.3499999999998664       0.99999966183776456     
   8.3599999999998662       0.99999968364692582     
   8.3699999999998660       0.99999970404934579     
   8.3799999999998658       0.99999972313606755     
   8.3899999999998656       0.99999974099174160     
   8.3999999999998654       0.99999975769595106     
   8.4099999999998651       0.99999977332277545     
   8.4199999999998649       0.99999978794186073     
   8.4299999999998647       0.99999980161816970     
   8.4399999999998645       0.99999981441232344     
   8.4499999999998643       0.99999982638142271     
   8.4599999999998641       0.99999983757862099     
   8.4699999999998639       0.99999984805371367     
   8.4799999999998636       0.99999985785305956     
   8.4899999999998634       0.99999986702049626     
   8.4999999999998632       0.99999987559665438     
   8.5099999999998630       0.99999988361975634     
   8.5199999999998628       0.99999989112559440     
   8.5299999999998626       0.99999989814723200     
   8.5399999999998624       0.99999990471610434     
   8.5499999999998622       0.99999991086115181     
   8.5599999999998619       0.99999991661010423     
   8.5699999999998617       0.99999992198793597     
   8.5799999999998615       0.99999992701935392     
   8.5899999999998613       0.99999993172596313     
   8.5999999999998611       0.99999993612913407     
   8.6099999999998609       0.99999994024858896     
   8.6199999999998607       0.99999994410205262     
   8.6299999999998604       0.99999994770706857     
   8.6399999999998602       0.99999995107943973     
   8.6499999999998600       0.99999995423468113     
   8.6599999999998598       0.99999995718591983     
   8.6699999999998596       0.99999995994738289     
   8.6799999999998594       0.99999996253033807     
   8.6899999999998592       0.99999996494688115     
   8.6999999999998590       0.99999996720754014     
   8.7099999999998587       0.99999996932253743     
   8.7199999999998585       0.99999997130087803     
   8.7299999999998583       0.99999997315166489     
   8.7399999999998581       0.99999997488326620     
   8.7499999999998579       0.99999997650310868     
   8.7599999999998577       0.99999997801855423     
   8.7699999999998575       0.99999997943647778     
   8.7799999999998573       0.99999998076238827     
   8.7899999999998570       0.99999998200314100     
   8.7999999999998568       0.99999998316392047     
   8.8099999999998566       0.99999998424967584     
   8.8199999999998564       0.99999998526537226     
   8.8299999999998562       0.99999998621575548     
   8.8399999999998560       0.99999998710452231     
   8.8499999999998558       0.99999998793614286     
   8.8599999999998555       0.99999998871441165     
   8.8699999999998553       0.99999998944215884     
   8.8799999999998551       0.99999999012328289     
   8.8899999999998549       0.99999999075987545     
   8.8999999999998547       0.99999999135591378     
   8.9099999999998545       0.99999999191367617     
   8.9199999999998543       0.99999999243510962     
   8.9299999999998541       0.99999999292279051     
   8.9399999999998538       0.99999999337939816     
   8.9499999999998536       0.99999999380648108     
   8.9599999999998534       0.99999999420557106     
   8.9699999999998532       0.99999999457945377     
   8.9799999999998530       0.99999999492869329     
   8.9899999999998528       0.99999999525631555     
   8.9999999999998526       0.99999999556212305     
   9.0099999999998523       0.99999999584818522     
   9.0199999999998521       0.99999999611595713     
   9.0299999999998519       0.99999999636655812     
   9.0399999999998517       0.99999999660091832     
   9.0499999999998515       0.99999999682004259     
   9.0599999999998513       0.99999999702525266     
   9.0699999999998511       0.99999999721689115     
   9.0799999999998509       0.99999999739661594     
   9.0899999999998506       0.99999999756429592     
   9.0999999999998504       0.99999999772153547     
   9.1099999999998502       0.99999999786856564     
   9.1199999999998500       0.99999999800586570     
   9.1299999999998498       0.99999999813445284     
   9.1399999999998496       0.99999999825483243     
   9.1499999999998494       0.99999999836732500     
   9.1599999999998492       0.99999999847270615     
   9.1699999999998489       0.99999999857105937     
   9.1799999999998487       0.99999999866305800     
   9.1899999999998485       0.99999999874946555     
   9.1999999999998483       0.99999999883019419     
   9.2099999999998481       0.99999999890578206     
   9.2199999999998479       0.99999999897621961     
   9.2299999999998477       0.99999999904211301     
   9.2399999999998474       0.99999999910391868     
   9.2499999999998472       0.99999999916150273     
   9.2599999999998470       0.99999999921568916     
   9.2699999999998468       0.99999999926641003     
   9.2799999999998466       0.99999999931348449     
   9.2899999999998464       0.99999999935816519     
   9.2999999999998462       0.99999999939951711     
   9.3099999999998460       0.99999999943798490     
   9.3199999999998457       0.99999999947414842     
   9.3299999999998455       0.99999999950809748     
   9.3399999999998453       0.99999999953974561     
   9.3499999999998451       0.99999999956980989     
   9.3599999999998449       0.99999999959752495     
   9.3699999999998447       0.99999999962342967     
   9.3799999999998445       0.99999999964802466     
   9.3899999999998442       0.99999999967020370     
   9.3999999999998440       0.99999999969149667     
   9.4099999999998438       0.99999999971176157     
   9.4199999999998436       0.99999999973019649     
   9.4299999999998434       0.99999999974753151     
   9.4399999999998432       0.99999999976372411     
   9.4499999999998430       0.99999999977903964     
   9.4599999999998428       0.99999999979333454     
   9.4699999999998425       0.99999999980687360     
   9.4799999999998423       0.99999999981898946     
   9.4899999999998421       0.99999999983099708     
   9.4999999999998419       0.99999999984178178     
   9.5099999999998417       0.99999999985186627     
   9.5199999999998415       0.99999999986157206     
   9.5299999999998413       0.99999999987050314     
   9.5399999999998411       0.99999999987887422     
   9.5499999999998408       0.99999999988671906     
   9.5599999999998406       0.99999999989397093     
   9.5699999999998404       0.99999999990080768     
   9.5799999999998402       0.99999999990725952     
   9.5899999999998400       0.99999999991306310     
   9.5999999999998398       0.99999999991873401     
   9.6099999999998396       0.99999999992414146     
   9.6199999999998393       0.99999999992885991     
   9.6299999999998391       0.99999999993351874     
   9.6399999999998389       0.99999999993776700     
   9.6499999999998387       0.99999999994182587     
   9.6599999999998385       0.99999999994561839     
   9.6699999999998383       0.99999999994895283     
   9.6799999999998381       0.99999999995220445     
   9.6899999999998379       0.99999999995543987     
   9.6999999999998376       0.99999999995839484     
   9.7099999999998374       0.99999999996110911     
   9.7199999999998372       0.99999999996358424     
   9.7299999999998370       0.99999999996586164     
   9.7399999999998368       0.99999999996803179     
   9.7499999999998366       0.99999999996991829     
   9.7599999999998364       0.99999999997199163     
   9.7699999999998361       0.99999999997382949     
   9.7799999999998359       0.99999999997532485     
   9.7899999999998357       0.99999999997726396     
   9.7999999999998355       0.99999999997867817     
   9.8099999999998353       0.99999999997986055     
   9.8199999999998351       0.99999999998106981     
   9.8299999999998349       0.99999999998237199     
   9.8399999999998347       0.99999999998346734     
   9.8499999999998344       0.99999999998480893     
   9.8599999999998342       0.99999999998566835     
   9.8699999999998340       0.99999999998668343     
   9.8799999999998338       0.99999999998766764     
   9.8899999999998336       0.99999999998816624     
   9.8999999999998334       0.99999999998897737     
   9.9099999999998332       0.99999999998988476     
   9.9199999999998330       0.99999999999036737     
   9.9299999999998327       0.99999999999106626     
   9.9399999999998325       0.99999999999147016     
   9.9499999999998323       0.99999999999214917     
   9.9599999999998321       0.99999999999273037     
   9.9699999999998319       0.99999999999335420     
   9.9799999999998317       0.99999999999353595     
   9.9899999999998315       0.99999999999414135     
   9.9999999999998312       0.99999999999452349     
