   0.0000000000000000       -6.5079035420908204E-018
   1.0000000000000000E-002   2.1277759590968156E-003
   2.0000000000000000E-002   4.2559099119120003E-003
   2.9999999999999999E-002   6.3847593550069425E-003
   4.0000000000000001E-002   8.5146807903479955E-003
   5.0000000000000003E-002   1.0646029227331932E-002
   6.0000000000000005E-002   1.2779157684062964E-002
   7.0000000000000007E-002   1.4914416687731044E-002
   8.0000000000000002E-002   1.7052153774015411E-002
   8.9999999999999997E-002   1.9192712985516037E-002
   9.9999999999999992E-002   2.1336434369284066E-002
  0.10999999999999999        2.3483653473586125E-002
  0.11999999999999998        2.5634700844076392E-002
  0.12999999999999998        2.7789901519560619E-002
  0.13999999999999999        2.9949574527520992E-002
  0.14999999999999999        3.2114032379512644E-002
  0.16000000000000000        3.4283580566465369E-002
  0.17000000000000001        3.6458517053792931E-002
  0.18000000000000002        3.8639131776095216E-002
  0.19000000000000003        4.0825706131064135E-002
  0.20000000000000004        4.3018512472068539E-002
  0.21000000000000005        4.5217813598761730E-002
  0.22000000000000006        4.7423862244921768E-002
  0.23000000000000007        4.9636900562707052E-002
  0.24000000000000007        5.1857159602497455E-002
  0.25000000000000006        5.4084858787549012E-002
  0.26000000000000006        5.6320205382881822E-002
  0.27000000000000007        5.8563393958025407E-002
  0.28000000000000008        6.0814605843604555E-002
  0.29000000000000009        6.3074008582129582E-002
  0.30000000000000010        6.5341755373853366E-002
  0.31000000000000011        6.7617984519050017E-002
  0.32000000000000012        6.9902818858644217E-002
  0.33000000000000013        7.2196365215627056E-002
  0.34000000000000014        7.4498713840233030E-002
  0.35000000000000014        7.6809937862280894E-002
  0.36000000000000015        7.9130092754433265E-002
  0.37000000000000016        8.1459215810381694E-002
  0.38000000000000017        8.3797325642034973E-002
  0.39000000000000018        8.6144421699770171E-002
  0.40000000000000019        8.8500483819571818E-002
  0.41000000000000020        9.0865471800556055E-002
  0.42000000000000021        9.3239325015867722E-002
  0.43000000000000022        9.5621962059376356E-002
  0.44000000000000022        9.8013280429871202E-002
  0.45000000000000023       0.10041315625383555     
  0.46000000000000024       0.10282144404710239     
  0.47000000000000025       0.10523797651512438     
  0.48000000000000026       0.10766256439103027     
  0.49000000000000027       0.11009499631025807     
  0.50000000000000022       0.11253503872034580     
  0.51000000000000023       0.11498243582449552     
  0.52000000000000024       0.11743690955764791     
  0.53000000000000025       0.11989815959433055     
  0.54000000000000026       0.12236586338806139     
  0.55000000000000027       0.12483967624291119     
  0.56000000000000028       0.12731923141865617     
  0.57000000000000028       0.12980414027196133     
  0.58000000000000029       0.13229399243687437     
  0.59000000000000030       0.13478835604884695     
  0.60000000000000031       0.13728677801715569     
  0.61000000000000032       0.13978878435116451     
  0.62000000000000033       0.14229388054614905     
  0.63000000000000034       0.14480155203430900     
  0.64000000000000035       0.14731126470642750     
  0.65000000000000036       0.14982246550886219     
  0.66000000000000036       0.15233458311972267     
  0.67000000000000037       0.15484702870685985     
  0.68000000000000038       0.15735919676888510     
  0.69000000000000039       0.15987046605889363     
  0.70000000000000040       0.16238020058888619     
  0.71000000000000041       0.16488775071124412     
  0.72000000000000042       0.16739245427203561     
  0.73000000000000043       0.16989363782947628     
  0.74000000000000044       0.17239061792966909     
  0.75000000000000044       0.17488270243080284     
  0.76000000000000045       0.17736919186636776     
  0.77000000000000046       0.17984938083766613     
  0.78000000000000047       0.18232255942592787     
  0.79000000000000048       0.18478801461481359     
  0.80000000000000049       0.18724503171466511     
  0.81000000000000050       0.18969289578090082     
  0.82000000000000051       0.19213089301998962     
  0.83000000000000052       0.19455831217777952     
  0.84000000000000052       0.19697444590604704     
  0.85000000000000053       0.19937859210457809     
  0.86000000000000054       0.20177005523705924     
  0.87000000000000055       0.20414814762004288     
  0.88000000000000056       0.20651219068505766     
  0.89000000000000057       0.20886151621428747     
  0.90000000000000058       0.21119546755059818     
  0.91000000000000059       0.21351340078256922     
  0.92000000000000060       0.21581468590482358     
  0.93000000000000060       0.21809870795367325     
  0.94000000000000061       0.22036486811709802     
  0.95000000000000062       0.22261258481760074     
  0.96000000000000063       0.22484129476541459     
  0.97000000000000064       0.22705045397883405     
  0.98000000000000065       0.22923953876763037     
  0.99000000000000066       0.23140804667487921     
   1.0000000000000007       0.23355549737209230     
   1.0100000000000007       0.23568143350220311     
   1.0200000000000007       0.23778542146500858     
   1.0300000000000007       0.23986705213974382     
   1.0400000000000007       0.24192594153994040     
   1.0500000000000007       0.24396173139632971     
   1.0600000000000007       0.24597408966423503     
   1.0700000000000007       0.24796271095294969     
   1.0800000000000007       0.24992731687544054     
   1.0900000000000007       0.25186765631794755     
   1.1000000000000008       0.25378350562991309     
   1.1100000000000008       0.25567466873583145     
   1.1200000000000008       0.25754097717150137     
   1.1300000000000008       0.25938229004789148     
   1.1400000000000008       0.26119849394668798     
   1.1500000000000008       0.26298950275200800     
   1.1600000000000008       0.26475525742322276     
   1.1700000000000008       0.26649572571403157     
   1.1800000000000008       0.26821090184315921     
   1.1900000000000008       0.26990080612183243     
   1.2000000000000008       0.27156548454327550     
   1.2100000000000009       0.27320500833915112     
   1.2200000000000009       0.27481947350762803     
   1.2300000000000009       0.27640900031743121     
   1.2400000000000009       0.27797373279193621     
   1.2500000000000009       0.27951383817697240     
   1.2600000000000009       0.28102950639574237     
   1.2700000000000009       0.28252094949384349     
   1.2800000000000009       0.28398840107720907     
   1.2900000000000009       0.28543211574539690     
   1.3000000000000009       0.28685236852254470     
   1.3100000000000009       0.28824945428797272     
   1.3200000000000010       0.28962368720839349     
   1.3300000000000010       0.29097540017335605     
   1.3400000000000010       0.29230494423552683     
   1.3500000000000010       0.29361268805731866     
   1.3600000000000010       0.29489901736504120     
   1.3700000000000010       0.29616433441195694     
   1.3800000000000010       0.29740905745116542     
   1.3900000000000010       0.29863362021944084     
   1.4000000000000010       0.29983847143274045     
   1.4100000000000010       0.30102407429424116     
   1.4200000000000010       0.30219090601545218     
   1.4300000000000010       0.30333945735092460     
   1.4400000000000011       0.30447023214693597     
   1.4500000000000011       0.30558374690438833     
   1.4600000000000011       0.30668053035613169     
   1.4700000000000011       0.30776112305866876     
   1.4800000000000011       0.30882607699828507     
   1.4900000000000011       0.30987595521138256     
   1.5000000000000011       0.31091133141887528     
   1.5100000000000011       0.31193278967430665     
   1.5200000000000011       0.31294092402535567     
   1.5300000000000011       0.31393633818842553     
   1.5400000000000011       0.31491964523572719     
   1.5500000000000012       0.31589146729457496     
   1.5600000000000012       0.31685243525827350     
   1.5700000000000012       0.31780318850820194     
   1.5800000000000012       0.31874437464651084     
   1.5900000000000012       0.31967664923891803     
   1.6000000000000012       0.32060067556709365     
   1.6100000000000012       0.32151712439006214     
   1.6200000000000012       0.32242667371406147     
   1.6300000000000012       0.32333000857028454     
   1.6400000000000012       0.32422782079990836     
   1.6500000000000012       0.32512080884583305     
   1.6600000000000013       0.32600967755040872     
   1.6700000000000013       0.32689513795861069     
   1.6800000000000013       0.32777790712584332     
   1.6900000000000013       0.32865870792975377     
   1.7000000000000013       0.32953826888521492     
   1.7100000000000013       0.33041732396172518     
   1.7200000000000013       0.33129661240238417     
   1.7300000000000013       0.33217687854352118     
   1.7400000000000013       0.33305887163414122     
   1.7500000000000013       0.33394334565415179     
   1.7600000000000013       0.33483105913046435     
   1.7700000000000014       0.33572277494983871     
   1.7800000000000014       0.33661926016754556     
   1.7900000000000014       0.33752128581067542     
   1.8000000000000014       0.33842962667501419     
   1.8100000000000014       0.33934506111436852     
   1.8200000000000014       0.34026837082118916     
   1.8300000000000014       0.34120034059736370     
   1.8400000000000014       0.34214175811396108     
   1.8500000000000014       0.34309341365879786     
   1.8600000000000014       0.34405609987060670     
   1.8700000000000014       0.34503061145867364     
   1.8800000000000014       0.34601774490664622     
   1.8900000000000015       0.34701829815938806     
   1.9000000000000015       0.34803307029161562     
   1.9100000000000015       0.34906286115710272     
   1.9200000000000015       0.35010847101720860     
   1.9300000000000015       0.35117070014741891     
   1.9400000000000015       0.35225034842076691     
   1.9500000000000015       0.35334821486670664     
   1.9600000000000015       0.35446509720429287     
   1.9700000000000015       0.35560179134838765     
   1.9800000000000015       0.35675909088766478     
   1.9900000000000015       0.35793778653326697     
   2.0000000000000013       0.35913866553709939     
   2.0100000000000011       0.36036251107872103     
   2.0200000000000009       0.36161010162005741     
   2.0300000000000007       0.36288221022738526     
   2.0400000000000005       0.36417960386006071     
   2.0500000000000003       0.36550304262603223     
   2.0600000000000001       0.36685327900419362     
   2.0699999999999998       0.36823105703411962     
   2.0799999999999996       0.36963711147405509     
   2.0899999999999994       0.37107216692839412     
   2.0999999999999992       0.37253693694609341     
   2.1099999999999990       0.37403212309200656     
   2.1199999999999988       0.37555841399317674     
   2.1299999999999986       0.37711648436248146     
   2.1399999999999983       0.37870699400193175     
   2.1499999999999981       0.38033058678816500     
   2.1599999999999979       0.38198788964236535     
   2.1699999999999977       0.38367951148660218     
   2.1799999999999975       0.38540604218830282     
   2.1899999999999973       0.38716805149393962     
   2.1999999999999971       0.38896608795254251     
   2.2099999999999969       0.39080067782887412     
   2.2199999999999966       0.39267232400550717     
   2.2299999999999964       0.39458150487230292     
   2.2399999999999962       0.39652867320139379     
   2.2499999999999960       0.39851425500501736     
   2.2599999999999958       0.40053864837389680     
   2.2699999999999956       0.40260222229322884     
   2.2799999999999954       0.40470531543444921     
   2.2899999999999952       0.40684823492117717     
   2.2999999999999949       0.40903125506910065     
   2.3099999999999947       0.41125461610110720     
   2.3199999999999945       0.41351852284056206     
   2.3299999999999943       0.41582314338802057     
   2.3399999999999941       0.41816860778868775     
   2.3499999999999939       0.42055500670046614     
   2.3599999999999937       0.42298239007440130     
   2.3699999999999934       0.42545076586182534     
   2.3799999999999932       0.42796009876338598     
   2.3899999999999930       0.43051030903697285     
   2.3999999999999928       0.43310127138121585     
   2.4099999999999926       0.43573281391127799     
   2.4199999999999924       0.43840471724183316     
   2.4299999999999922       0.44111671369038691     
   2.4399999999999920       0.44386848661036915     
   2.4499999999999917       0.44665966986015448     
   2.4599999999999915       0.44948984740921416     
   2.4699999999999913       0.45235855307814349     
   2.4799999999999911       0.45526527040433018     
   2.4899999999999909       0.45820943262041619     
   2.4999999999999907       0.46119042272892063     
   2.5099999999999905       0.46420757365329157     
   2.5199999999999902       0.46726016844396073     
   2.5299999999999900       0.47034744051785388     
   2.5399999999999898       0.47346857391131603     
   2.5499999999999896       0.47662270352965364     
   2.5599999999999894       0.47980891538163928     
   2.5699999999999892       0.48302624679380907     
   2.5799999999999890       0.48627368660735071     
   2.5899999999999888       0.48955017536899409     
   2.5999999999999885       0.49285460553665189     
   2.6099999999999883       0.49618582172916348     
   2.6199999999999881       0.49954262105775521     
   2.6299999999999879       0.50292375358342523     
   2.6399999999999877       0.50632792294888262     
   2.6499999999999875       0.50975378723583853     
   2.6599999999999873       0.51319996009746838     
   2.6699999999999871       0.51666501221174099     
   2.6799999999999868       0.52014747309407328     
   2.6899999999999866       0.52364583329734316     
   2.6999999999999864       0.52715854701433806     
   2.7099999999999862       0.53068403508228867     
   2.7199999999999860       0.53422068837291858     
   2.7299999999999858       0.53776687153397174     
   2.7399999999999856       0.54132092703180235     
   2.7499999999999853       0.54488117942940606     
   2.7599999999999851       0.54844593982171785     
   2.7699999999999849       0.55201351034043644     
   2.7799999999999847       0.55558218863595588     
   2.7899999999999845       0.55915027224274039     
   2.7999999999999843       0.56271606273937835     
   2.8099999999999841       0.56627786962288784     
   2.8199999999999839       0.56983401383102916     
   2.8299999999999836       0.57338283086293806     
   2.8399999999999834       0.57692267346916082     
   2.8499999999999832       0.58045191390385198     
   2.8599999999999830       0.58396894575456071     
   2.8699999999999828       0.58747218538703883     
   2.8799999999999826       0.59096007306222131     
   2.8899999999999824       0.59443107379919813     
   2.8999999999999821       0.59788367807039267     
   2.9099999999999819       0.60131640242260942     
   2.9199999999999817       0.60472779011895017     
   2.9299999999999815       0.60811641189318744     
   2.9399999999999813       0.61148086689800318     
   2.9499999999999811       0.61481978391408088     
   2.9599999999999809       0.61813182286833657     
   2.9699999999999807       0.62141567668684461     
   2.9799999999999804       0.62467007348480075     
   2.9899999999999802       0.62789377907096600     
   2.9999999999999800       0.63108559972104750     
   3.0099999999999798       0.63424438515330350     
   3.0199999999999796       0.63736903162277236     
   3.0299999999999794       0.64045848503770675     
   3.0399999999999792       0.64351174399502042     
   3.0499999999999790       0.64652786262984774     
   3.0599999999999787       0.64950595317915605     
   3.0699999999999785       0.65244518816894259     
   3.0799999999999783       0.65534480214923707     
   3.0899999999999781       0.65820409291961512     
   3.0999999999999779       0.66102242220885088     
   3.1099999999999777       0.66379921579497947     
   3.1199999999999775       0.66653396307430390     
   3.1299999999999772       0.66922621610940081     
   3.1399999999999770       0.67187558820544457     
   3.1499999999999768       0.67448175207933914     
   3.1599999999999766       0.67704443769895017     
   3.1699999999999764       0.67956342987657814     
   3.1799999999999762       0.68203856570394439     
   3.1899999999999760       0.68446973191490779     
   3.1999999999999758       0.68685686225600806     
   3.2099999999999755       0.68919993493633491     
   3.2199999999999753       0.69149897021605022     
   3.2299999999999751       0.69375402817933030     
   3.2399999999999749       0.69596520672194362     
   3.2499999999999747       0.69813263976910811     
   3.2599999999999745       0.70025649572418969     
   3.2699999999999743       0.70233697613559842     
   3.2799999999999740       0.70437431455798016     
   3.2899999999999738       0.70636877557462840     
   3.2999999999999736       0.70832065394191202     
   3.3099999999999734       0.71023027381257575     
   3.3199999999999732       0.71209798799426516     
   3.3299999999999730       0.71392417720101264     
   3.3399999999999728       0.71570924925904877     
   3.3499999999999726       0.71745363823417152     
   3.3599999999999723       0.71915780345426294     
   3.3699999999999721       0.72082222840871957     
   3.3799999999999719       0.72244741951380964     
   3.3899999999999717       0.72403390474136953     
   3.3999999999999715       0.72558223211527062     
   3.4099999999999713       0.72709296808655188     
   3.4199999999999711       0.72856669580396327     
   3.4299999999999708       0.73000401330031883     
   3.4399999999999706       0.73140553161853605     
   3.4499999999999704       0.73277187290294388     
   3.4599999999999702       0.73410366848179354     
   3.4699999999999700       0.73540155696664489     
   3.4799999999999698       0.73666618239260206     
   3.4899999999999696       0.73789819242163257     
   3.4999999999999694       0.73909823662789342     
   3.5099999999999691       0.74026696488152421     
   3.5199999999999689       0.74140502584343426     
   3.5299999999999687       0.74251306558073993     
   3.5399999999999685       0.74359172630881487     
   3.5499999999999683       0.74464164526322707     
   3.5599999999999681       0.74566345370169695     
   3.5699999999999679       0.74665777603386640     
   3.5799999999999677       0.74762522907473206     
   3.5899999999999674       0.74856642141550200     
   3.5999999999999672       0.74948195290487041     
   3.6099999999999670       0.75037241423217849     
   3.6199999999999668       0.75123838660381681     
   3.6299999999999666       0.75208044150359743     
   3.6399999999999664       0.75289914052797702     
   3.6499999999999662       0.75369503528722226     
   3.6599999999999659       0.75446866736353912     
   3.6699999999999657       0.75522056831853723     
   3.6799999999999655       0.75595125974195421     
   3.6899999999999653       0.75666125333500645     
   3.6999999999999651       0.75735105102203693     
   3.7099999999999649       0.75802114508483609     
   3.7199999999999647       0.75867201831468556     
   3.7299999999999645       0.75930414417796788     
   3.7399999999999642       0.75991798699141100     
   3.7499999999999640       0.76051400210402154     
   3.7599999999999638       0.76109263608282607     
   3.7699999999999636       0.76165432690035062     
   3.7799999999999634       0.76219950412187365     
   3.7899999999999632       0.76272858909101382     
   3.7999999999999630       0.76324199511240842     
   3.8099999999999627       0.76374012763057275     
   3.8199999999999625       0.76422338440405047     
   3.8299999999999623       0.76469215567463178     
   3.8399999999999621       0.76514682433084480     
   3.8499999999999619       0.76558776606584900     
   3.8599999999999617       0.76601534952930361     
   3.8699999999999615       0.76642993647334545     
   3.8799999999999613       0.76683188189270624     
   3.8899999999999610       0.76722153415901029     
   3.8999999999999608       0.76759923514948891     
   3.9099999999999606       0.76796532037037957     
   3.9199999999999604       0.76832011907519149     
   3.9299999999999602       0.76866395437820456     
   3.9399999999999600       0.76899714336349800     
   3.9499999999999598       0.76931999718997912     
   3.9599999999999596       0.76963282119261178     
   3.9699999999999593       0.76993591498039393     
   3.9799999999999591       0.77022957253139901     
   3.9899999999999589       0.77051408228528873     
   3.9999999999999587       0.77078972723373296     
   4.0099999999999589       0.77105678500909725     
   4.0199999999999587       0.77131552797181380     
   4.0299999999999585       0.77156622329680358     
   4.0399999999999583       0.77180913305928289     
   4.0499999999999581       0.77204451432034760     
   4.0599999999999579       0.77227261921270096     
   4.0699999999999577       0.77249369502666809     
   4.0799999999999574       0.77270798429696552     
   4.0899999999999572       0.77291572489047611     
   4.0999999999999570       0.77311715009508652     
   4.1099999999999568       0.77331248871008129     
   4.1199999999999566       0.77350196513801406     
   4.1299999999999564       0.77368579947850202     
   4.1399999999999562       0.77386420762380304     
   4.1499999999999559       0.77403740135654386     
   4.1599999999999557       0.77420558844959964     
   4.1699999999999555       0.77436897276816163     
   4.1799999999999553       0.77452775437414667     
   4.1899999999999551       0.77468212963300676     
   4.1999999999999549       0.77483229132275400     
   4.2099999999999547       0.77497842874554534     
   4.2199999999999545       0.77512072784161323     
   4.2299999999999542       0.77525937130541811     
   4.2399999999999540       0.77539453870438735     
   4.2499999999999538       0.77552640659972061     
   4.2599999999999536       0.77565514866958019     
   4.2699999999999534       0.77578093583446606     
   4.2799999999999532       0.77590393638466892     
   4.2899999999999530       0.77602431610984102     
   4.2999999999999527       0.77614223843054331     
   4.3099999999999525       0.77625786453170420     
   4.3199999999999523       0.77637135349791009     
   4.3299999999999521       0.77648286245050302     
   4.3399999999999519       0.77659254668623523     
   4.3499999999999517       0.77670055981767394     
   4.3599999999999515       0.77680705391499560     
   4.3699999999999513       0.77691217964914838     
   4.3799999999999510       0.77701608643657394     
   4.3899999999999508       0.77711892258490911     
   4.3999999999999506       0.77722083544002596     
   4.4099999999999504       0.77732197153403682     
   4.4199999999999502       0.77742247673440035     
   4.4299999999999500       0.77752249639381565     
   4.4399999999999498       0.77762217550096246     
   4.4499999999999496       0.77772165883196043     
   4.4599999999999493       0.77782109110247521     
   4.4699999999999491       0.77792061712026406     
   4.4799999999999489       0.77802038193818479     
   4.4899999999999487       0.77812053100757317     
   4.4999999999999485       0.77822121033165093     
   4.5099999999999483       0.77832256661917476     
   4.5199999999999481       0.77842474743792089     
   4.5299999999999478       0.77852790136796668     
   4.5399999999999476       0.77863217815469699     
   4.5499999999999474       0.77873772886122006     
   4.5599999999999472       0.77884470602010303     
   4.5699999999999470       0.77895326378427365     
   4.5799999999999468       0.77906355807676120     
   4.5899999999999466       0.77917574673914825     
   4.5999999999999464       0.77928998967851593     
   4.6099999999999461       0.77940644901244016     
   4.6199999999999459       0.77952528921197395     
   4.6299999999999457       0.77964667724219228     
   4.6399999999999455       0.77977078269987454     
   4.6499999999999453       0.77989777794815029     
   4.6599999999999451       0.78002783824761412     
   4.6699999999999449       0.78016114188336605     
   4.6799999999999446       0.78029787028776976     
   4.6899999999999444       0.78043820815823139     
   4.6999999999999442       0.78058234356953504     
   4.7099999999999440       0.78073046808017177     
   4.7199999999999438       0.78088277683212681     
   4.7299999999999436       0.78103946864330354     
   4.7399999999999434       0.78120074609208590     
   4.7499999999999432       0.78136681559327914     
   4.7599999999999429       0.78153788746449038     
   4.7699999999999427       0.78171417598245529     
   4.7799999999999425       0.78189589942819271     
   4.7899999999999423       0.78208328012018857     
   4.7999999999999421       0.78227654443476990     
   4.8099999999999419       0.78247592281259792     
   4.8199999999999417       0.78268164975028198     
   4.8299999999999415       0.78289396377616827     
   4.8399999999999412       0.78311310740918316     
   4.8499999999999410       0.78333932709955656     
   4.8599999999999408       0.78357287315057622     
   4.8699999999999406       0.78381399961991483     
   4.8799999999999404       0.78406296419958021     
   4.8899999999999402       0.78432002807344747     
   4.8999999999999400       0.78458545575091976     
   4.9099999999999397       0.78485951487596550     
   4.9199999999999395       0.78514247601015341     
   4.9299999999999393       0.78543461238879397     
   4.9399999999999391       0.78573619964912977     
   4.9499999999999389       0.78604751552956675     
   4.9599999999999387       0.78636883953928849     
   4.9699999999999385       0.78670045259718380     
   4.9799999999999383       0.78704263663965190     
   4.9899999999999380       0.78739567419673506     
   4.9999999999999378       0.78775984793605680     
   5.0099999999999376       0.78813544017449300     
   5.0199999999999374       0.78852273235752735     
   5.0299999999999372       0.78892200450638739     
   5.0399999999999370       0.78933353463352274     
   5.0499999999999368       0.78975759812692281     
   5.0599999999999365       0.79019446710438068     
   5.0699999999999363       0.79064440973880501     
   5.0799999999999361       0.79110768955622024     
   5.0899999999999359       0.79158456470823624     
   5.0999999999999357       0.79207528722137699     
   5.1099999999999355       0.79258010222554998     
   5.1199999999999353       0.79309924716501279     
   5.1299999999999351       0.79363295099478703     
   5.1399999999999348       0.79418143336645941     
   5.1499999999999346       0.79474490380740459     
   5.1599999999999344       0.79532356089787204     
   5.1699999999999342       0.79591759145077701     
   5.1799999999999340       0.79652716969945070     
   5.1899999999999338       0.79715245649862343     
   5.1999999999999336       0.79779359854479626     
   5.2099999999999334       0.79845072762169333     
   5.2199999999999331       0.79912395987719709     
   5.2299999999999329       0.79981339513836658     
   5.2399999999999327       0.80051911627063865     
   5.2499999999999325       0.80124118858817206     
   5.2599999999999323       0.80197965932163473     
   5.2699999999999321       0.80273455714990649     
   5.2799999999999319       0.80350589180186827     
   5.2899999999999316       0.80429365373424466     
   5.2999999999999314       0.80509781389095592     
   5.3099999999999312       0.80591832354924042     
   5.3199999999999310       0.80675511425680924     
   5.3299999999999308       0.80760809786416710     
   5.3399999999999306       0.80847716665499114     
   5.3499999999999304       0.80936219357706607     
   5.3599999999999302       0.81026303257510557     
   5.3699999999999299       0.81117951902587448     
   5.3799999999999297       0.81211147027505237     
   5.3899999999999295       0.81305868627424960     
   5.3999999999999293       0.81402095031535771     
   5.4099999999999291       0.81499802985822623     
   5.4199999999999289       0.81598967744705098     
   5.4299999999999287       0.81699563170893064     
   5.4399999999999284       0.81801561842764992     
   5.4499999999999282       0.81904935168456916     
   5.4599999999999280       0.82009653505721769     
   5.4699999999999278       0.82115686286593537     
   5.4799999999999276       0.82223002145749802     
   5.4899999999999274       0.82331569051458697     
   5.4999999999999272       0.82441354437905889     
   5.5099999999999270       0.82552325337701427     
   5.5199999999999267       0.82664448513289901     
   5.5299999999999265       0.82777690586061203     
   5.5399999999999263       0.82892018161895720     
   5.5499999999999261       0.83007397951971540     
   5.5599999999999259       0.83123796887663814     
   5.5699999999999257       0.83241182228460542     
   5.5799999999999255       0.83359521661883873     
   5.5899999999999253       0.83478783394506573     
   5.5999999999999250       0.83598936233263943     
   5.6099999999999248       0.83719949656365755     
   5.6199999999999246       0.83841793873278825     
   5.6299999999999244       0.83964439873345709     
   5.6399999999999242       0.84087859462778647     
   5.6499999999999240       0.84212025289921477     
   5.6599999999999238       0.84336910858793213     
   5.6699999999999235       0.84462490531112644     
   5.6799999999999233       0.84588739517126399     
   5.6899999999999231       0.84715633855729955     
   5.6999999999999229       0.84843150384463872     
   5.7099999999999227       0.84971266700165293     
   5.7199999999999225       0.85099961111096900     
   5.7299999999999223       0.85229212581519398     
   5.7399999999999221       0.85359000669773188     
   5.7499999999999218       0.85489305460973164     
   5.7599999999999216       0.85620107495493025     
   5.7699999999999214       0.85751387694487535     
   5.7799999999999212       0.85883127283655503     
   5.7899999999999210       0.86015307716516332     
   5.7999999999999208       0.86147910598421162     
   5.8099999999999206       0.86280917612499719     
   5.8199999999999203       0.86414310448671727     
   5.8299999999999201       0.86548070736823901     
   5.8399999999999199       0.86682179985139018     
   5.8499999999999197       0.86816619524461680     
   5.8599999999999195       0.86951370459497235     
   5.8699999999999193       0.87086413627499004     
   5.8799999999999191       0.87221729564968520     
   5.8899999999999189       0.87357298482767853     
   5.8999999999999186       0.87493100249847955     
   5.9099999999999184       0.87629114385735563     
   5.9199999999999182       0.87765320061666574     
   5.9299999999999180       0.87901696110188610     
   5.9399999999999178       0.88038221042861264     
   5.9499999999999176       0.88174873075572269     
   5.9599999999999174       0.88311630160818910     
   5.9699999999999172       0.88448470026252202     
   5.9799999999999169       0.88585370218587212     
   5.9899999999999167       0.88722308151963725     
   5.9999999999999165       0.88859261159730818     
   6.0099999999999163       0.88996206548558399     
   6.0199999999999161       0.89133121653776448     
   6.0299999999999159       0.89269983894783522     
   6.0399999999999157       0.89406770829378812     
   6.0499999999999154       0.89543460205887926     
   6.0599999999999152       0.89680030011977419     
   6.0699999999999150       0.89816458519146025     
   6.0799999999999148       0.89952724321881361     
   6.0899999999999146       0.90088806370622321     
   6.0999999999999144       0.90224683997753063     
   6.1099999999999142       0.90360336935951757     
   6.1199999999999140       0.90495745328357857     
   6.1299999999999137       0.90630889730176434     
   6.1399999999999135       0.90765751101429770     
   6.1499999999999133       0.90900310790790195     
   6.1599999999999131       0.91034550510500212     
   6.1699999999999129       0.91168452302596203     
   6.1799999999999127       0.91301998496759196     
   6.1899999999999125       0.91435171660299241     
   6.1999999999999122       0.91567954540869978     
   6.2099999999999120       0.91700330002685537     
   6.2199999999999118       0.91832280957076973     
   6.2299999999999116       0.91963790288396408     
   6.2399999999999114       0.92094840776291420     
   6.2499999999999112       0.92225415015504442     
   6.2599999999999110       0.92355495334389304     
   6.2699999999999108       0.92485063713371374     
   6.2799999999999105       0.92614101704609875     
   6.2899999999999103       0.92742590354137533     
   6.2999999999999101       0.92870510127694605     
   6.3099999999999099       0.92997840841515034     
   6.3199999999999097       0.93124561599187283     
   6.3299999999999095       0.93250650735736451     
   6.3399999999999093       0.93376085769902262     
   6.3499999999999091       0.93500843365565900     
   6.3599999999999088       0.93624899303131925     
   6.3699999999999086       0.93748228461533822     
   6.3799999999999084       0.93870804811443198     
   6.3899999999999082       0.93992601420097188     
   6.3999999999999080       0.94113590467985564     
   6.4099999999999078       0.94233743277565207     
   6.4199999999999076       0.94353030353917022     
   6.4299999999999073       0.94471421437210346     
   6.4399999999999071       0.94588885566594050     
   6.4499999999999069       0.94705391155084773     
   6.4599999999999067       0.94820906074799216     
   6.4699999999999065       0.94935397751815187     
   6.4799999999999063       0.95048833269804611     
   6.4899999999999061       0.95161179481450797     
   6.4999999999999059       0.95272403126640792     
   6.5099999999999056       0.95382470956273491     
   6.5199999999999054       0.95491349860507513     
   6.5299999999999052       0.95599007000252378     
   6.5399999999999050       0.95705409940583519     
   6.5499999999999048       0.95810526784912731     
   6.5599999999999046       0.95914326308587106     
   6.5699999999999044       0.96016778090735189     
   6.5799999999999041       0.96117852643148016     
   6.5899999999999039       0.96217521535107919     
   6.5999999999999037       0.96315757513046663     
   6.6099999999999035       0.96412534614098022     
   6.6199999999999033       0.96507828272629670     
   6.6299999999999031       0.96601615418966280     
   6.6399999999999029       0.96693874569607086     
   6.6499999999999027       0.96784585908367737     
   6.6599999999999024       0.96873731357974657     
   6.6699999999999022       0.96961294641738083     
   6.6799999999999020       0.97047261335089541     
   6.6899999999999018       0.97131618906822303     
   6.6999999999999016       0.97214356750025444     
   6.7099999999999014       0.97295466202775061     
   6.7199999999999012       0.97374940558761203     
   6.7299999999999010       0.97452775068086184     
   6.7399999999999007       0.97528966928613381     
   6.7499999999999005       0.97603515268214158     
   6.7599999999999003       0.97676421118447321     
   6.7699999999999001       0.97747687380153936     
   6.7799999999998999       0.97817318781542573     
   6.7899999999998997       0.97885321829379723     
   6.7999999999998995       0.97951704753917446     
   6.8099999999998992       0.98016477448177175     
   6.8199999999998990       0.98079651402276258     
   6.8299999999998988       0.98141239633443245     
   6.8399999999998986       0.98201256612357801     
   6.8499999999998984       0.98259718186482026     
   6.8599999999998982       0.98316641500983015     
   6.8699999999998980       0.98372044917861534     
   6.8799999999998978       0.98425947933829194     
   6.8899999999998975       0.98478371097535500     
   6.8999999999998973       0.98529335926563100     
   6.9099999999998971       0.98578864824773216     
   6.9199999999998969       0.98626981000333225     
   6.9299999999998967       0.98673708384899972     
   6.9399999999998965       0.98719071554280213     
   6.9499999999998963       0.98763095650902333     
   6.9599999999998960       0.98805806308393362     
   6.9699999999998958       0.98847229578471496     
   6.9799999999998956       0.98887391860427776     
   6.9899999999998954       0.98926319833295062     
   6.9999999999998952       0.98964040390937413     
   7.0099999999998950       0.99000580580093345     
   7.0199999999998948       0.99035967541508363     
   7.0299999999998946       0.99070228454195142     
   7.0399999999998943       0.99103390482856446     
   7.0499999999998941       0.99135480728499270     
   7.0599999999998939       0.99166526182190273     
   7.0699999999998937       0.99196553681969690     
   7.0799999999998935       0.99225589872853870     
   7.0899999999998933       0.99253661169869167     
   7.0999999999998931       0.99280793724068273     
   7.1099999999998929       0.99307013391395016     
   7.1199999999998926       0.99332345704380531     
   7.1299999999998924       0.99356815846512603     
   7.1399999999998922       0.99380448629189444     
   7.1499999999998920       0.99403268471185946     
   7.1599999999998918       0.99425299380433618     
   7.1699999999998916       0.99446564938123572     
   7.1799999999998914       0.99467088284885175     
   7.1899999999998911       0.99486892109030645     
   7.1999999999998909       0.99505998636687232     
   7.2099999999998907       0.99524429623723598     
   7.2199999999998905       0.99542206349360507     
   7.2299999999998903       0.99559349611338444     
   7.2399999999998901       0.99575879722564875     
   7.2499999999998899       0.99591816509101383     
   7.2599999999998897       0.99607179309413618     
   7.2699999999998894       0.99621986974774646     
   7.2799999999998892       0.99636257870738121     
   7.2899999999998890       0.99650009879568857     
   7.2999999999998888       0.99663260403584475     
   7.3099999999998886       0.99676026369283288     
   7.3199999999998884       0.99688324232206316     
   7.3299999999998882       0.99700169982467490     
   7.3399999999998879       0.99711579150835572     
   7.3499999999998877       0.99722566815379843     
   7.3599999999998875       0.99733147608544315     
   7.3699999999998873       0.99743335724632776     
   7.3799999999998871       0.99753144927642934     
   7.3899999999998869       0.99762588559397081     
   7.3999999999998867       0.99771679547928205     
   7.4099999999998865       0.99780430416064836     
   7.4199999999998862       0.99788853290194734     
   7.4299999999998860       0.99796959909153171     
   7.4399999999998858       0.99804761633212713     
   7.4499999999998856       0.99812269453128744     
   7.4599999999998854       0.99819493999237530     
   7.4699999999998852       0.99826445550565179     
   7.4799999999998850       0.99833134043898808     
   7.4899999999998847       0.99839569082858026     
   7.4999999999998845       0.99845759946893153     
   7.5099999999998843       0.99851715600213087     
   7.5199999999998841       0.99857444700633446     
   7.5299999999998839       0.99862955608320869     
   7.5399999999998837       0.99868256394428101     
   7.5499999999998835       0.99873354849590545     
   7.5599999999998833       0.99878258492314498     
   7.5699999999998830       0.99882974577196360     
   7.5799999999998828       0.99887510103013943     
   7.5899999999998826       0.99891871820650913     
   7.5999999999998824       0.99896066240870474     
   7.6099999999998822       0.99900099641908202     
   7.6199999999998820       0.99903978076919497     
   7.6299999999998818       0.99907707381238786     
   7.6399999999998816       0.99911293179484950     
   7.6499999999998813       0.99914740892461074     
   7.6599999999998811       0.99918055743930290     
   7.6699999999998809       0.99921242767168628     
   7.6799999999998807       0.99924306811371122     
   7.6899999999998805       0.99927252547880918     
   7.6999999999998803       0.99930084476249847     
   7.7099999999998801       0.99932806930119089     
   7.7199999999998798       0.99935424082933622     
   7.7299999999998796       0.99937939953503629     
   7.7399999999998794       0.99940358411391661     
   7.7499999999998792       0.99942683182128833     
   7.7599999999998790       0.99944917852296999     
   7.7699999999998788       0.99947065874433327     
   7.7799999999998786       0.99949130571789724     
   7.7899999999998784       0.99951115142956326     
   7.7999999999998781       0.99953022666300151     
   7.8099999999998779       0.99954856104308776     
   7.8199999999998777       0.99956618307758571     
   7.8299999999998775       0.99958312019769091     
   7.8399999999998773       0.99959939879692061     
   7.8499999999998771       0.99961504426920900     
   7.8599999999998769       0.99963008104517781     
   7.8699999999998766       0.99964453262760411     
   7.8799999999998764       0.99965842162549856     
   7.8899999999998762       0.99967176978696715     
   7.8999999999998760       0.99968459803114962     
   7.9099999999998758       0.99969692647876163     
   7.9199999999998756       0.99970877448193662     
   7.9299999999998754       0.99972016065257707     
   7.9399999999998752       0.99973110289020861     
   7.9499999999998749       0.99974161840843401     
   7.9599999999998747       0.99975172376064170     
   7.9699999999998745       0.99976143486483016     
   7.9799999999998743       0.99977076702740197     
   7.9899999999998741       0.99977973496625716     
   7.9999999999998739       0.99978835283293099     
   8.0099999999998737       0.99979663423399745     
   8.0199999999998735       0.99980459225168816     
   8.0299999999998732       0.99981223946373332     
   8.0399999999998730       0.99981958796249770     
   8.0499999999998728       0.99982664937356236     
   8.0599999999998726       0.99983343487314458     
   8.0699999999998724       0.99983995520547220     
   8.0799999999998722       0.99984622069924567     
   8.0899999999998720       0.99985224128336636     
   8.0999999999998717       0.99985802650229960     
   8.1099999999998715       0.99986358553074239     
   8.1199999999998713       0.99986892718781228     
   8.1299999999998711       0.99987405995062828     
   8.1399999999998709       0.99987899196749075     
   8.1499999999998707       0.99988373107040218     
   8.1599999999998705       0.99988828478733049     
   8.1699999999998703       0.99989266035383695     
   8.1799999999998700       0.99989686472433781     
   8.1899999999998698       0.99990090458296377     
   8.1999999999998696       0.99990478635389057     
   8.2099999999998694       0.99990851621148935     
   8.2199999999998692       0.99991210008983966     
   8.2299999999998690       0.99991554369213320     
   8.2399999999998688       0.99991885249948198     
   8.2499999999998685       0.99992203177950234     
   8.2599999999998683       0.99992508659481560     
   8.2699999999998681       0.99992802181056228     
   8.2799999999998679       0.99993084210238348     
   8.2899999999998677       0.99993355196366551     
   8.2999999999998675       0.99993615571255801     
   8.3099999999998673       0.99993865749881961     
   8.3199999999998671       0.99994106131034233     
   8.3299999999998668       0.99994337097944286     
   8.3399999999998666       0.99994559018882645     
   8.3499999999998664       0.99994772247755137     
   8.3599999999998662       0.99994977124641737     
   8.3699999999998660       0.99995173976352592     
   8.3799999999998658       0.99995363116934122     
   8.3899999999998656       0.99995544848160822     
   8.3999999999998654       0.99995719460022714     
   8.4099999999998651       0.99995887231188241     
   8.4199999999998649       0.99996048429424078     
   8.4299999999998647       0.99996203312035004     
   8.4399999999998645       0.99996352126278532     
   8.4499999999998643       0.99996495109736838     
   8.4599999999998641       0.99996632490708270     
   8.4699999999998639       0.99996764488562417     
   8.4799999999998636       0.99996891314097436     
   8.4899999999998634       0.99997013169856130     
   8.4999999999998632       0.99997130250470079     
   8.5099999999998630       0.99997242742950099     
   8.5199999999998628       0.99997350827001308     
   8.5299999999998626       0.99997454675283359     
   8.5399999999998624       0.99997554453713855     
   8.5499999999998622       0.99997650321710663     
   8.5599999999998619       0.99997742432455627     
   8.5699999999998617       0.99997830933138987     
   8.5799999999998615       0.99997915965182049     
   8.5899999999998613       0.99997997664474225     
   8.5999999999998611       0.99998076161591776     
   8.6099999999998609       0.99998151581990335     
   8.6199999999998607       0.99998224046217499     
   8.6299999999998604       0.99998293670104343     
   8.6399999999998602       0.99998360564941380     
   8.6499999999998600       0.99998424837662336     
   8.6599999999998598       0.99998486591018432     
   8.6699999999998596       0.99998545923731885     
   8.6799999999998594       0.99998602930659430     
   8.6899999999998592       0.99998657702944949     
   8.6999999999998590       0.99998710328162188     
   8.7099999999998587       0.99998760890455241     
   8.7199999999998585       0.99998809470669725     
   8.7299999999998583       0.99998856146483239     
   8.7399999999998581       0.99998900992535056     
   8.7499999999998579       0.99998944080542007     
   8.7599999999998577       0.99998985479401525     
   8.7699999999998575       0.99999025255321727     
   8.7799999999998573       0.99999063471913718     
   8.7899999999998570       0.99999100190297296     
   8.7999999999998568       0.99999135469194345     
   8.8099999999998566       0.99999169365025942     
   8.8199999999998564       0.99999201932008785     
   8.8299999999998562       0.99999233222226502     
   8.8399999999998560       0.99999263285728002     
   8.8499999999998558       0.99999292170597964     
   8.8599999999998555       0.99999319923038643     
   8.8699999999998553       0.99999346587439319     
   8.8799999999998551       0.99999372206453541     
   8.8899999999998549       0.99999396821058562     
   8.8999999999998547       0.99999420470629186     
   8.9099999999998545       0.99999443192995618     
   8.9199999999998543       0.99999465024505907     
   8.9299999999998541       0.99999486000082061     
   8.9399999999998538       0.99999506153279960     
   8.9499999999998536       0.99999525516340781     
   8.9599999999998534       0.99999544120235739     
   8.9699999999998532       0.99999561994728170     
   8.9799999999998530       0.99999579168415897     
   8.9899999999998528       0.99999595668769314     
   8.9999999999998526       0.99999611522188159     
   9.0099999999998523       0.99999626754034709     
   9.0199999999998521       0.99999641388676219     
   9.0299999999998519       0.99999655449528335     
   9.0399999999998517       0.99999668959084620     
   9.0499999999998515       0.99999681938958829     
   9.0599999999998513       0.99999694409917028     
   9.0699999999998511       0.99999706391913568     
   9.0799999999998509       0.99999717904114704     
   9.0899999999998506       0.99999728964944201     
   9.0999999999998504       0.99999739592095049     
   9.1099999999998502       0.99999749802571147     
   9.1199999999998500       0.99999759612709438     
   9.1299999999998498       0.99999769038206077     
   9.1399999999998496       0.99999778094139935     
   9.1499999999998494       0.99999786795001566     
   9.1599999999998492       0.99999795154713533     
   9.1699999999998489       0.99999803186647362     
   9.1799999999998487       0.99999810903658026     
   9.1899999999998485       0.99999818318092004     
   9.1999999999998483       0.99999825441814638     
   9.2099999999998481       0.99999832286220491     
   9.2199999999998479       0.99999838862262258     
   9.2299999999998477       0.99999845180463232     
   9.2399999999998474       0.99999851250930860     
   9.2499999999998472       0.99999857083373334     
   9.2599999999998470       0.99999862687138752     
   9.2699999999998468       0.99999868071181897     
   9.2799999999998466       0.99999873244116000     
   9.2899999999998464       0.99999878214223425     
   9.2999999999998462       0.99999882989454458     
   9.3099999999998460       0.99999887577449553     
   9.3199999999998457       0.99999891985550804     
   9.3299999999998455       0.99999896220814932     
   9.3399999999998453       0.99999900290012178     
   9.3499999999998451       0.99999904199658807     
   9.3599999999998449       0.99999907956007206     
   9.3699999999998447       0.99999911565071509     
   9.3799999999998445       0.99999915032624864     
   9.3899999999998442       0.99999918364214435     
   9.3999999999998440       0.99999921565173899     
   9.4099999999998438       0.99999924640623195     
   9.4199999999998436       0.99999927595484672     
   9.4299999999998434       0.99999930434484841     
   9.4399999999998432       0.99999933162169463     
   9.4499999999998430       0.99999935782901128     
   9.4599999999998428       0.99999938300873215     
   9.4699999999998425       0.99999940720115454     
   9.4799999999998423       0.99999943044500783     
   9.4899999999998421       0.99999945277745050     
   9.4999999999998419       0.99999947423423829     
   9.5099999999998417       0.99999949484970430     
   9.5199999999998415       0.99999951465682668     
   9.5299999999998413       0.99999953368733030     
   9.5399999999998411       0.99999955197160384     
   9.5499999999998408       0.99999956953897984     
   9.5599999999998406       0.99999958641749298     
   9.5699999999998404       0.99999960263425558     
   9.5799999999998402       0.99999961821519501     
   9.5899999999998400       0.99999963318508411     
   9.5999999999998398       0.99999964756803805     
   9.6099999999998396       0.99999966138704888     
   9.6199999999998393       0.99999967466421535     
   9.6299999999998391       0.99999968742075906     
   9.6399999999998389       0.99999969967713254     
   9.6499999999998387       0.99999971145290478     
   9.6599999999998385       0.99999972276700022     
   9.6699999999998383       0.99999973363741412     
   9.6799999999998381       0.99999974408161540     
   9.6899999999998379       0.99999975411630182     
   9.6999999999998376       0.99999976375753152     
   9.7099999999998374       0.99999977302069143     
   9.7199999999998372       0.99999978192063677     
   9.7299999999998370       0.99999979047165721     
   9.7399999999998368       0.99999979868735434     
   9.7499999999998366       0.99999980658091803     
   9.7599999999998364       0.99999981416496830     
   9.7699999999998361       0.99999982145166089     
   9.7799999999998359       0.99999982845262558     
   9.7899999999998357       0.99999983517906654     
   9.7999999999998355       0.99999984164181532     
   9.8099999999998353       0.99999984785109131     
   9.8199999999998351       0.99999985381691903     
   9.8299999999998349       0.99999985954885362     
   9.8399999999998347       0.99999986505600946     
   9.8499999999998344       0.99999987034722049     
   9.8599999999998342       0.99999987543098456     
   9.8699999999998340       0.99999988031539389     
   9.8799999999998338       0.99999988500829462     
   9.8899999999998336       0.99999988951716401     
   9.8999999999998334       0.99999989384926746     
   9.9099999999998332       0.99999989801148981     
   9.9199999999998330       0.99999990201052968     
   9.9299999999998327       0.99999990585273468     
   9.9399999999998325       0.99999990954428963     
   9.9499999999998323       0.99999991309112024     
   9.9599999999998321       0.99999991649885533     
   9.9699999999998319       0.99999991977297620     
   9.9799999999998317       0.99999992291871587     
   9.9899999999998315       0.99999992594112586     
   9.9999999999998312       0.99999992884501776     
