   0.0000000000000000       0.80437797885211393     
   1.0000000000000000E-002  0.80293621058267572     
   2.0000000000000000E-002  0.79863828849769836     
   2.9999999999999999E-002  0.79156553867871260     
   4.0000000000000001E-002  0.78185080495343651     
   5.0000000000000003E-002  0.76967453854357459     
   6.0000000000000005E-002  0.75525959062236192     
   7.0000000000000007E-002  0.73886495019324772     
   8.0000000000000002E-002  0.72077870707191605     
   8.9999999999999997E-002  0.70131053827518564     
   9.9999999999999992E-002  0.68078401606598904     
  0.10999999999999999       0.65952901888785265     
  0.11999999999999998       0.63787449513803429     
  0.12999999999999998       0.61614178745611714     
  0.13999999999999999       0.59463867556110095     
  0.14999999999999999       0.57365424238498230     
  0.16000000000000000       0.55345461492832160     
  0.17000000000000001       0.53427958126808406     
  0.18000000000000002       0.51634004145592038     
  0.19000000000000003       0.49981621496413742     
  0.20000000000000004       0.48485650263090724     
  0.21000000000000005       0.47157688756022587     
  0.22000000000000006       0.46006075728376894     
  0.23000000000000007       0.45035903808619915     
  0.24000000000000007       0.44249055042570123     
  0.25000000000000006       0.43644252006971085     
  0.26000000000000006       0.43217121068379666     
  0.27000000000000007       0.42960267761659843     
  0.28000000000000008       0.42863367672371311     
  0.29000000000000009       0.42913279325297082     
  0.30000000000000010       0.43094188105859782     
  0.31000000000000011       0.43387791858350966     
  0.32000000000000012       0.43773539238921350     
  0.33000000000000013       0.44228930922198761     
  0.34000000000000014       0.44729891232076502     
  0.35000000000000014       0.45251213686221564     
  0.36000000000000015       0.45767078480226875     
  0.37000000000000016       0.46251633451386981     
  0.38000000000000017       0.46679623114144903     
  0.39000000000000018       0.47027043663055046     
  0.40000000000000019       0.47271796204932848     
  0.41000000000000020       0.47394306691099647     
  0.42000000000000021       0.47378079736339707     
  0.43000000000000022       0.47210155119371938     
  0.44000000000000022       0.46881440317835199     
  0.45000000000000023       0.46386899605754167     
  0.46000000000000024       0.45725589350598211     
  0.47000000000000025       0.44900539240150311     
  0.48000000000000026       0.43918489189492077     
  0.49000000000000027       0.42789500586005735     
  0.50000000000000022       0.41526467503414061     
  0.51000000000000023       0.40144557991660024     
  0.52000000000000024       0.38660617341712017     
  0.53000000000000025       0.37092564442152398     
  0.54000000000000026       0.35458809387920676     
  0.55000000000000027       0.33777715933135927     
  0.56000000000000028       0.32067126823306064     
  0.57000000000000028       0.30343964128073092     
  0.58000000000000029       0.28623910944925918     
  0.59000000000000030       0.26921175666729302     
  0.60000000000000031       0.25248335677451933     
  0.61000000000000032       0.23616253993160391     
  0.62000000000000033       0.22034060034118694     
  0.63000000000000034       0.20509184338770550     
  0.64000000000000035       0.19047436492518666     
  0.65000000000000036       0.17653115699959279     
  0.66000000000000036       0.16329144104579582     
  0.67000000000000037       0.15077214002615774     
  0.68000000000000038       0.13897941355867716     
  0.69000000000000039       0.12791019357418582     
  0.70000000000000040       0.11755367147349771     
  0.71000000000000041       0.10789270037032725     
  0.72000000000000042        9.8905087299987704E-002
  0.73000000000000043        9.0564760023515170E-002
  0.74000000000000044        8.2842801065995814E-002
  0.75000000000000044        7.5708348037441892E-002
  0.76000000000000045        6.9129364068810331E-002
  0.77000000000000046        6.3073285685776553E-002
  0.78000000000000047        5.7507557707224523E-002
  0.79000000000000048        5.2400066091067496E-002
  0.80000000000000049        4.7719480206071523E-002
  0.81000000000000050        4.3435516030391960E-002
  0.82000000000000051        3.9519131324557748E-002
  0.83000000000000052        3.5942663158714243E-002
  0.84000000000000052        3.2679917279753563E-002
  0.85000000000000053        2.9706217847971152E-002
  0.86000000000000054        2.6998425089221477E-002
  0.87000000000000055        2.4534927424361974E-002
  0.88000000000000056        2.2295613744070610E-002
  0.89000000000000057        2.0261830602010037E-002
  0.90000000000000058        1.8416328392680571E-002
  0.91000000000000059        1.6743199819466200E-002
  0.92000000000000060        1.5227813429438840E-002
  0.93000000000000060        1.3856744417651229E-002
  0.94000000000000061        1.2617704485690929E-002
  0.95000000000000062        1.1499472153877184E-002
  0.96000000000000063        1.0491824605414708E-002
  0.97000000000000064        9.5854718870370236E-003
  0.98000000000000065        8.7719940709710190E-003
  0.99000000000000066        8.0437818013754485E-003
   1.0000000000000007        7.3939805258701188E-003
   1.0100000000000007        6.8164385618988297E-003
   1.0200000000000007        6.3056591143693533E-003
   1.0300000000000007        5.8567562485315602E-003
   1.0400000000000007        5.4654147713477964E-003
   1.0500000000000007        5.1278539723961349E-003
   1.0600000000000007        4.8407951054782556E-003
   1.0700000000000007        4.6014324846613179E-003
   1.0800000000000007        4.4074080696549110E-003
   1.0900000000000007        4.2567893718857292E-003
   1.1000000000000008        4.1480505367559282E-003
   1.1100000000000008        4.0800564187886863E-003
   1.1200000000000008        4.0520494860881292E-003
   1.1300000000000008        4.0636393525533172E-003
   1.1400000000000008        4.1147947435366643E-003
   1.1500000000000008        4.2058376746566392E-003
   1.1600000000000008        4.3374395908257748E-003
   1.1700000000000008        4.5106191997463189E-003
   1.1800000000000008        4.7267416748454708E-003
   1.1900000000000008        4.9875188658339816E-003
   1.2000000000000008        5.2950100915698873E-003
   1.2100000000000009        5.6516230125841825E-003
   1.2200000000000009        6.0601139914372888E-003
   1.2300000000000009        6.5235872638690160E-003
   1.2400000000000009        7.0454920816600914E-003
   1.2500000000000009        7.6296169236413323E-003
   1.2600000000000009        8.2800796517022053E-003
   1.2700000000000009        9.0013123650936732E-003
   1.2800000000000009        9.7980395546856947E-003
   1.2900000000000009        1.0675247940461593E-002
   1.3000000000000009        1.1638146264570900E-002
   1.3100000000000009        1.2692113148723686E-002
   1.3200000000000010        1.3842631042278701E-002
   1.3300000000000010        1.5095204251405174E-002
   1.3400000000000010        1.6455259107544910E-002
   1.3500000000000010        1.7928024534612317E-002
   1.3600000000000010        1.9518391638159709E-002
   1.3700000000000010        2.1230751533115461E-002
   1.3800000000000010        2.3068811478524347E-002
   1.3900000000000010        2.5035390550164342E-002
   1.4000000000000010        2.7132197613459780E-002
   1.4100000000000010        2.9359596188244508E-002
   1.4200000000000010        3.1716363101820216E-002
   1.4300000000000010        3.4199450302298963E-002
   1.4400000000000011        3.6803761971285348E-002
   1.4500000000000011        3.9521961866849621E-002
   1.4600000000000011        4.2344328342425616E-002
   1.4700000000000011        4.5258676584423667E-002
   1.4800000000000011        4.8250368678575177E-002
   1.4900000000000011        5.1302431969023517E-002
   1.5000000000000011        5.4395804245362708E-002
   1.5100000000000011        5.7509720263448944E-002
   1.5200000000000011        6.0622247938959047E-002
   1.5300000000000011        6.3710974030687498E-002
   1.5400000000000011        6.6753828796452683E-002
   1.5500000000000012        6.9730027545032602E-002
   1.5600000000000012        7.2621095152533552E-002
   1.5700000000000012        7.5411928802607664E-002
   1.5800000000000012        7.8091845741702318E-002
   1.5900000000000012        8.0655557998251429E-002
   1.6000000000000012        8.3104015839619821E-002
   1.6100000000000012        8.5445066681603732E-002
   1.6200000000000012        8.7693886124841691E-002
   1.6300000000000012        8.9873151912608140E-002
   1.6400000000000012        9.2012948493558927E-002
   1.6500000000000012        9.4150407638197861E-002
   1.6600000000000013        9.6329107209849940E-002
   1.6700000000000013        9.8598263955636159E-002
   1.6800000000000013       0.10101176550765406     
   1.6900000000000013       0.10362709114590794     
   1.7000000000000013       0.10650416987328898     
   1.7100000000000013       0.10970421889359760     
   1.7200000000000013       0.11328859650078138     
   1.7300000000000013       0.11731769220010652     
   1.7400000000000013       0.12184986504023043     
   1.7500000000000013       0.12694043002797992     
   1.7600000000000013       0.13264068324990402     
   1.7700000000000014       0.13899694978992780     
   1.7800000000000014       0.14604963530046186     
   1.7900000000000014       0.15383226222746083     
   1.8000000000000014       0.16237047533390825     
   1.8100000000000014       0.17168100802007782     
   1.8200000000000014       0.18177061056192420     
   1.8300000000000014       0.19263495337120967     
   1.8400000000000014       0.20425753187824214     
   1.8500000000000014       0.21660861399011880     
   1.8600000000000014       0.22964428513403923     
   1.8700000000000014       0.24330565855316746     
   1.8800000000000014       0.25751832844071831     
   1.8900000000000015       0.27219214932727392     
   1.9000000000000015       0.28722142546908869     
   1.9100000000000015       0.30248558777815387     
   1.9200000000000015       0.31785042235632094     
   1.9300000000000015       0.33316989383275480     
   1.9400000000000015       0.34828857910957312     
   1.9500000000000015       0.36304469431071085     
   1.9600000000000015       0.37727366183742617     
   1.9700000000000015       0.39081212838252738     
   1.9800000000000015       0.40350231144069787     
   1.9900000000000015       0.41519652433526077     
   2.0000000000000013       0.42576171038040667     
   2.0100000000000011       0.43508380707057354     
   2.0200000000000009       0.44307176193576964     
   2.0300000000000007       0.44966103249072953     
   2.0400000000000005       0.45481642264835415     
   2.0500000000000003       0.45853413559000883     
   2.0600000000000001       0.46084295665367608     
   2.0699999999999998       0.46180451757473057     
   2.0799999999999996       0.46151263365063594     
   2.0899999999999994       0.46009174616303844     
   2.0999999999999992       0.45769454172591317     
   2.1099999999999990       0.45449885582397648     
   2.1199999999999988       0.45070399745501638     
   2.1299999999999986       0.44652665310470602     
   2.1399999999999983       0.44219653953885224     
   2.1499999999999981       0.43795197491750659     
   2.1599999999999979       0.43403552635280063     
   2.1699999999999977       0.43068987021760319     
   2.1799999999999975       0.42815397114570736     
   2.1899999999999973       0.42665964950939805     
   2.1999999999999971       0.42642856831342418     
   2.2099999999999969       0.42766963227916782     
   2.2199999999999966       0.43057675725734990     
   2.2299999999999964       0.43532693952926799     
   2.2399999999999962       0.44207853383713303     
   2.2499999999999960       0.45096963720150651     
   2.2599999999999958       0.46211647316182614     
   2.2699999999999956       0.47561167809200949     
   2.2799999999999954       0.49152240718799833     
   2.2899999999999952       0.50988820198961360     
   2.2999999999999949       0.53071859304043290     
   2.3099999999999947       0.55399044957062427     
   2.3199999999999945       0.57964513142399876     
   2.3299999999999943       0.60758554550600496     
   2.3399999999999941       0.63767325728769819     
   2.3499999999999939       0.66972585480558522     
   2.3599999999999937       0.70351480430694580     
   2.3699999999999934       0.73876406897564884     
   2.3799999999999932       0.77514978013197433     
   2.3899999999999930       0.81230124890973243     
   2.3999999999999928       0.84980358114591015     
   2.4099999999999926       0.88720210581623415     
   2.4199999999999924       0.92400874675745359     
   2.4299999999999922       0.95971036045912961     
   2.4399999999999920       0.99377893488797431     
   2.4499999999999917        1.0256834045432379     
   2.4599999999999915        1.0549026976102749     
   2.4699999999999913        1.0809395061055878     
   2.4799999999999911        1.1033341736659676     
   2.4899999999999909        1.1216780404509179     
   2.4999999999999907        1.1356255787800369     
   2.5099999999999905        1.1449046995410488     
   2.5199999999999902        1.1493247047118116     
   2.5299999999999900        1.1487814965098644     
   2.5399999999999898        1.1432598152592675     
   2.5499999999999896        1.1328324506311029     
   2.5599999999999894        1.1176565388073476     
   2.5699999999999892        1.0979672080582616     
   2.5799999999999890        1.0740689575682207     
   2.5899999999999888        1.0463252429705354     
   2.5999999999999885        1.0151467953179827     
   2.6099999999999883       0.98097921898805129     
   2.6199999999999881       0.94429040175955503     
   2.6299999999999879       0.90555823135117519     
   2.6399999999999877       0.86525905262605363     
   2.6499999999999875       0.82385722379497339     
   2.6599999999999873       0.78179604413816861     
   2.6699999999999871       0.73949023548974813     
   2.6799999999999868       0.69732007061759405     
   2.6899999999999866       0.65562715819994466     
   2.6999999999999864       0.61471182090799847     
   2.7099999999999862       0.57483194286649919     
   2.7199999999999860       0.53620311756793437     
   2.7299999999999858       0.49899989765004876     
   2.7399999999999856       0.46335793322801627     
   2.7499999999999853       0.42937678419672570     
   2.7599999999999851       0.39712320159433157     
   2.7699999999999849       0.36663469128957521     
   2.7799999999999847       0.33792319719056946     
   2.7899999999999845       0.31097876788954532     
   2.7999999999999843       0.28577309862684025     
   2.8099999999999841       0.26226286723043335     
   2.8199999999999839       0.24039280728169729     
   2.8299999999999836       0.22009848347938410     
   2.8399999999999834       0.20130875222308511     
   2.8499999999999832       0.18394790507973083     
   2.8599999999999830       0.16793750398895957     
   2.8699999999999828       0.15319792513534611     
   2.8799999999999826       0.13964963393664256     
   2.8899999999999824       0.12721421671759053     
   2.8999999999999821       0.11581519618849072     
   2.9099999999999819       0.10537865781654651     
   2.9199999999999817        9.5833713360409009E-002
   2.9299999999999815        8.7112826152564826E-002
   2.9399999999999813        7.9152020807312956E-002
   2.9499999999999811        7.1890997590515496E-002
   2.9599999999999809        6.5273169571416809E-002
   2.9699999999999807        5.9245638199271464E-002
   2.9799999999999804        5.3759120851997001E-002
   2.9899999999999802        4.8767841876306763E-002
   2.9999999999999800        4.4229396724232324E-002
   3.0099999999999798        4.0104597262812416E-002
   3.0199999999999796        3.6357304730590394E-002
   3.0299999999999794        3.2954255786522925E-002
   3.0399999999999792        2.9864885743363375E-002
   3.0499999999999790        2.7061152420823582E-002
   3.0599999999999787        2.4517363125699389E-002
   3.0699999999999785        2.2210006681181046E-002
   3.0799999999999783        2.0117591952503667E-002
   3.0899999999999781        1.8220493756430523E-002
   3.0999999999999779        1.6500806871198207E-002
   3.1099999999999777        1.4942208417132154E-002
   3.1199999999999775        1.3529828819259019E-002
   3.1299999999999772        1.2250131242949590E-002
   3.1399999999999770        1.1090799401438386E-002
   3.1499999999999768        1.0040633468053797E-002
   3.1599999999999766        9.0894537333368799E-003
   3.1699999999999764        8.2280117063290269E-003
   3.1799999999999762        7.4479082116629533E-003
   3.1899999999999760        6.7415180720581998E-003
   3.1999999999999758        6.1019209988550276E-003
   3.2099999999999755        5.5228382345453948E-003
   3.2199999999999753        4.9985745609433963E-003
   3.2299999999999751        4.5239652845816434E-003
   3.2399999999999749        4.0943278015720883E-003
   3.2499999999999747        3.7054174202408104E-003
   3.2599999999999745        3.3533870805086676E-003
   3.2699999999999743        3.0347506341273198E-003
   3.2799999999999740        2.7463494535010522E-003
   3.2899999999999738        2.4853220165094560E-003
   3.2999999999999736        2.2490762649140126E-003
   3.3099999999999734        2.0352644732120027E-003
   3.3199999999999732        1.8417604200656320E-003
   3.3299999999999730        1.6666386548179744E-003
   3.3399999999999728        1.5081556799523910E-003
   3.3499999999999726        1.3647328545895543E-003
   3.3599999999999723        1.2349409134001334E-003
   3.3699999999999721        1.1174858932254913E-003
   3.3799999999999719        1.0111963948169860E-003
   3.3899999999999717        9.1501201099479599E-004
   3.3999999999999715        8.2797286555064923E-004
   3.4099999999999713        7.4921011247978204E-004
   3.4199999999999711        6.7793731982766499E-004
   3.4299999999999708        6.1344268406580710E-004
   3.4399999999999706        5.5508196827816589E-004
   3.4499999999999704        5.0227209384403845E-004
   3.4599999999999702        4.5448535927361257E-004
   3.4699999999999700        4.1124418241089629E-004
   3.4799999999999698        3.7211634835009576E-004
   3.4899999999999696        3.3671070717051360E-004
   3.4999999999999694        3.0467328892342949E-004
   3.5099999999999691        2.7568375988235217E-004
   3.5199999999999689        2.4945222611490663E-004
   3.5299999999999687        2.2571636515989854E-004
   3.5399999999999685        2.0423878805510173E-004
   3.5499999999999683        1.8480467979802354E-004
   3.5599999999999681        1.6721964951546759E-004
   3.5699999999999679        1.5130778908090201E-004
   3.5799999999999677        1.3690992833725375E-004
   3.5899999999999674        1.2388202562984893E-004
   3.5999999999999672        1.1209374754329408E-004
   3.6099999999999670        1.0142715278001892E-004
   3.6199999999999668        9.1775522725327997E-005
   3.6299999999999666        8.3042286696659762E-005
   3.6399999999999664        7.5140061806242811E-005
   3.6499999999999662        6.7989782217267713E-005
   3.6599999999999659        6.1519896767868289E-005
   3.6699999999999657        5.5665666295874644E-005
   3.6799999999999655        5.0368508908754082E-005
   3.6899999999999653        4.5575420227874305E-005
   3.6999999999999651        4.1238434587661404E-005
   3.7099999999999649        3.7314152683663512E-005
   3.7199999999999647        3.3763297675220345E-005
   3.7299999999999645        3.0550345631957358E-005
   3.7399999999999642        2.7643136023678520E-005
   3.7499999999999640        2.5012574646607605E-005
   3.7599999999999638        2.2632342744948328E-005
   3.7699999999999636        2.0478612190698891E-005
   3.7799999999999634        1.8529831745154567E-005
   3.7899999999999632        1.6766497777287598E-005
   3.7999999999999630        1.5170967444732400E-005
   3.8099999999999627        1.3727269901040678E-005
   3.8199999999999625        1.2420955414997960E-005
   3.8299999999999623        1.1238952549337067E-005
   3.8399999999999621        1.0169429972234204E-005
   3.8499999999999619        9.2016833242092218E-006
   3.8599999999999617        8.3260308023328722E-006
   3.8699999999999615        7.5337073463753437E-006
   3.8799999999999613        6.8167847027464727E-006
   3.8899999999999610        6.1680827985419443E-006
   3.8999999999999608        5.5811131612869616E-006
   3.9099999999999606        5.0500015322775549E-006
   3.9199999999999604        4.5694292029427194E-006
   3.9299999999999602        4.1345932935307723E-006
   3.9399999999999600        3.7411365212214122E-006
   3.9499999999999598        3.3851200887529086E-006
   3.9599999999999596        3.0629839356955199E-006
   3.9699999999999593        2.7715022472906558E-006
   3.9799999999999591        2.5077609758606561E-006
   3.9899999999999589        2.2691134318866950E-006
   3.9999999999999587        2.0531796809246551E-006
   4.0099999999999589        1.8577958297125898E-006
   4.0199999999999587        1.6810014710557159E-006
   4.0299999999999585        1.5210321452748164E-006
   4.0399999999999583        1.3762872396829178E-006
   4.0499999999999581        1.2453171593411244E-006
   4.0599999999999579        1.1268100866207298E-006
   4.0699999999999577        1.0195785214620135E-006
   4.0799999999999574        9.2255448411413687E-007
   4.0899999999999572        8.3476234893649131E-007
   4.0999999999999570        7.5532336752965876E-007
   4.1099999999999568        6.8344316844622362E-007
   4.1199999999999566        6.1840473948456396E-007
   4.1299999999999564        5.5955666754836854E-007
   4.1399999999999562        5.0630729969576465E-007
   4.1499999999999559        4.5812800527619172E-007
   4.1599999999999557        4.1453014908189941E-007
   4.1699999999999555        3.7508296456845133E-007
   4.1799999999999553        3.3938830656011887E-007
   4.1899999999999551        3.0709054731215367E-007
   4.1999999999999549        2.7786728353264272E-007
   4.2099999999999547        2.5142725300097775E-007
   4.2199999999999545        2.2749739567203138E-007
   4.2299999999999542        2.0585026659103761E-007
   4.2399999999999540        1.8626135398512284E-007
   4.2499999999999538        1.6853407984167699E-007
   4.2599999999999536        1.5249727792018445E-007
   4.2699999999999534        1.3798658038302003E-007
   4.2799999999999532        1.2485346405735970E-007
   4.2899999999999530        1.1297111679896483E-007
   4.2999999999999527        1.0222010053769991E-007
   4.3099999999999525        9.2494519183380500E-008
   4.3199999999999523        8.3692506344309564E-008
   4.3299999999999521        7.5727738751527565E-008
   4.3399999999999519        6.8521486513496835E-008
   4.3499999999999517        6.2000145953762509E-008
   4.3599999999999515        5.6100338413120184E-008
   4.3699999999999513        5.0760878265556000E-008
   4.3799999999999510        4.5931654702667808E-008
   4.3899999999999508        4.1559733385820841E-008
   4.3999999999999506        3.7605584891757027E-008
   4.4099999999999504        3.4026664376581402E-008
   4.4199999999999502        3.0787006095970347E-008
   4.4299999999999500        2.7859197135043109E-008
   4.4399999999999498        2.5208724633964756E-008
   4.4499999999999496        2.2809710801087826E-008
   4.4599999999999493        2.0638498290870230E-008
   4.4699999999999491        1.8673019706832892E-008
   4.4799999999999489        1.6897594861664032E-008
   4.4899999999999487        1.5288511583991774E-008
   4.4999999999999485        1.3834119384991787E-008
   4.5099999999999483        1.2518491361118322E-008
   4.5199999999999481        1.1324275137251850E-008
   4.5299999999999478        1.0247550666564416E-008
   4.5399999999999476        9.2729667167227836E-009
   4.5499999999999474        8.3914221999865329E-009
   4.5599999999999472        7.5922534924670423E-009
   4.5699999999999470        6.8689363204226771E-009
   4.5799999999999468        6.2168653141534677E-009
   4.5899999999999466        5.6258702822386449E-009
   4.5999999999999464        5.0885223247455192E-009
   4.6099999999999461        4.6039168154830205E-009
   4.6199999999999459        4.1652005257309541E-009
   4.6299999999999457        3.7703174868732627E-009
   4.6399999999999455        3.4111534761052320E-009
   4.6499999999999453        3.0877084934268628E-009
   4.6599999999999451        2.7929374197137915E-009
   4.6699999999999449        2.5270595582850679E-009
   4.6799999999999446        2.2861274493978591E-009
   4.6899999999999444        2.0672353240747986E-009
   4.6999999999999442        1.8718360668045708E-009
   4.7099999999999440        1.6964208244824336E-009
   4.7199999999999438        1.5322997030911798E-009
   4.7299999999999436        1.3872305575420719E-009
   4.7399999999999434        1.2552921982208586E-009
   4.7499999999999432        1.1337159207245822E-009
   4.7599999999999429        1.0273263980722594E-009
   4.7699999999999427        9.3146343473415770E-010
   4.7799999999999425        8.4100081562757066E-010
   4.7899999999999423        7.6087286543103908E-010
   4.7999999999999421        6.8685799525292268E-010
   4.8099999999999419        6.2246505819796102E-010
   4.8199999999999417        5.6380142035308347E-010
   4.8299999999999415        5.0960608763377346E-010
   4.8399999999999412        4.6185278991144797E-010
   4.8499999999999410        4.1799212610219369E-010
   4.8599999999999408        3.7859976741850711E-010
   4.8699999999999406        3.4175680981873353E-010
   4.8799999999999404        3.1031419645047440E-010
   4.8899999999999402        2.7903606057149963E-010
   4.8999999999999400        2.5425478551927120E-010
   4.9099999999999397        2.2944609755216170E-010
   4.9199999999999395        2.0650148779694553E-010
   4.9299999999999393        1.8799777025241635E-010
   4.9399999999999391        1.7097435011144950E-010
   4.9499999999999389        1.5504744656571408E-010
   4.9599999999999387        1.3933984633902474E-010
   4.9699999999999385        1.2489324019685162E-010
   4.9799999999999383        1.1398290007429963E-010
   4.9899999999999380        1.0307255995174770E-010
   4.9999999999999378        9.3806994722042706E-011
   5.0099999999999376        8.4185061598887521E-011
   5.0199999999999374        7.4014870178116638E-011
   5.0299999999999372        6.8477461372198324E-011
   5.0399999999999370        6.3460897949014844E-011
   5.0499999999999368        5.7183340441315331E-011
   5.0599999999999365        5.1262150827066002E-011
   5.0699999999999363        4.5889219510432313E-011
   5.0799999999999361        4.2544843894976678E-011
   5.0899999999999359        3.9227881194401817E-011
   5.0999999999999357        3.3306691580152488E-011
   5.1099999999999355        2.9962315964696848E-011
   5.1199999999999353        2.6453462859956502E-011
   5.1299999999999351        2.5165055860559658E-011
   5.1399999999999348        2.2588241861765967E-011
   5.1499999999999346        2.0724163649872658E-011
   5.1599999999999344        1.8695607948694648E-011
   5.1699999999999342        1.5735013141569983E-011
   5.1799999999999340        1.5351232333239007E-011
   5.1899999999999338        1.2582527930279829E-011
   5.1999999999999336        1.1486011335048470E-011
   5.2099999999999334        1.2582527930279829E-011
   5.2199999999999331        1.0362081824936329E-011
   5.2299999999999329        9.4300427189896746E-012
   5.2399999999999327        8.8817844213739967E-012
   5.2499999999999325        6.6613383160304975E-012
   5.2599999999999323        6.2775575076995211E-012
   5.2699999999999321        6.8532287201959850E-012
   5.2799999999999319        4.9891505083026771E-012
   5.2899999999999316        5.5648217207991401E-012
   5.2999999999999314        2.9605948071246657E-012
   5.3099999999999312        2.5768139987936909E-012
   5.3199999999999310        3.3169627005748570E-012
   5.3299999999999308        2.2204461053434992E-012
   5.3399999999999306        2.9605948071246657E-012
   5.3499999999999304        2.9605948071246657E-012
   5.3599999999999302        3.7007435089058322E-012
   5.3699999999999299        1.6721878077278205E-012
   5.3799999999999297        2.6042269136744744E-012
   5.3899999999999295        7.4014870178116643E-013
   5.3999999999999293        2.7687044029591779E-012
   5.4099999999999291        1.4802974035623329E-012
   5.4199999999999289        1.4802974035623329E-012
   5.4299999999999287        1.4802974035623329E-012
   5.4399999999999284        2.2204461053434992E-012
   5.4499999999999282        1.4802974035623329E-012
   5.4599999999999280        5.4825829761567880E-013
   5.4699999999999278        5.4825829761567880E-013
   5.4799999999999276        3.8378080833097520E-013
   5.4899999999999274        1.0965165952313578E-012
   5.4999999999999272        1.0965165952313578E-012
   5.5099999999999270        3.5636789345019128E-013
   5.5199999999999267       -7.4014870178116643E-013
   5.5299999999999265        1.2884069993968452E-012
   5.5399999999999263        1.2884069993968452E-012
   5.5499999999999261        9.3203910594665415E-013
   5.5599999999999259        9.3203910594665415E-013
   5.5699999999999257        0.0000000000000000     
   5.5799999999999255        1.0965165952313578E-012
   5.5899999999999253        1.0965165952313578E-012
   5.5999999999999250       -7.4014870178116643E-013
   5.6099999999999248        0.0000000000000000     
   5.6199999999999246       -7.4014870178116643E-013
   5.6299999999999244        0.0000000000000000     
   5.6399999999999242        0.0000000000000000     
   5.6499999999999240        0.0000000000000000     
   5.6599999999999238        0.0000000000000000     
   5.6699999999999235       -7.4014870178116643E-013
   5.6799999999999233        0.0000000000000000     
   5.6899999999999231       -7.4014870178116643E-013
   5.6999999999999229       -7.4014870178116643E-013
   5.7099999999999227        0.0000000000000000     
   5.7199999999999225        0.0000000000000000     
   5.7299999999999223        0.0000000000000000     
   5.7399999999999221        0.0000000000000000     
   5.7499999999999218        0.0000000000000000     
   5.7599999999999216        0.0000000000000000     
   5.7699999999999214        0.0000000000000000     
   5.7799999999999212        0.0000000000000000     
   5.7899999999999210        0.0000000000000000     
   5.7999999999999208       -7.4014870178116643E-013
   5.8099999999999206       -7.4014870178116643E-013
   5.8199999999999203        0.0000000000000000     
   5.8299999999999201        0.0000000000000000     
   5.8399999999999199        0.0000000000000000     
   5.8499999999999197        0.0000000000000000     
   5.8599999999999195        0.0000000000000000     
   5.8699999999999193        0.0000000000000000     
   5.8799999999999191        0.0000000000000000     
   5.8899999999999189        0.0000000000000000     
   5.8999999999999186        0.0000000000000000     
   5.9099999999999184        0.0000000000000000     
   5.9199999999999182        0.0000000000000000     
   5.9299999999999180        0.0000000000000000     
   5.9399999999999178        0.0000000000000000     
   5.9499999999999176        0.0000000000000000     
   5.9599999999999174        0.0000000000000000     
   5.9699999999999172        0.0000000000000000     
   5.9799999999999169        0.0000000000000000     
   5.9899999999999167        0.0000000000000000     
   5.9999999999999165        0.0000000000000000     
   6.0099999999999163        0.0000000000000000     
   6.0199999999999161        0.0000000000000000     
   6.0299999999999159        0.0000000000000000     
   6.0399999999999157        0.0000000000000000     
   6.0499999999999154        0.0000000000000000     
   6.0599999999999152        0.0000000000000000     
   6.0699999999999150        0.0000000000000000     
   6.0799999999999148        0.0000000000000000     
   6.0899999999999146        0.0000000000000000     
   6.0999999999999144        0.0000000000000000     
   6.1099999999999142        0.0000000000000000     
   6.1199999999999140        0.0000000000000000     
   6.1299999999999137        0.0000000000000000     
   6.1399999999999135        0.0000000000000000     
   6.1499999999999133        0.0000000000000000     
   6.1599999999999131        0.0000000000000000     
   6.1699999999999129        0.0000000000000000     
   6.1799999999999127        0.0000000000000000     
   6.1899999999999125        0.0000000000000000     
   6.1999999999999122        0.0000000000000000     
   6.2099999999999120        0.0000000000000000     
   6.2199999999999118        0.0000000000000000     
   6.2299999999999116        0.0000000000000000     
   6.2399999999999114        0.0000000000000000     
   6.2499999999999112        0.0000000000000000     
   6.2599999999999110        0.0000000000000000     
   6.2699999999999108        0.0000000000000000     
   6.2799999999999105        0.0000000000000000     
   6.2899999999999103        0.0000000000000000     
   6.2999999999999101        0.0000000000000000     
   6.3099999999999099        0.0000000000000000     
   6.3199999999999097        0.0000000000000000     
   6.3299999999999095        0.0000000000000000     
   6.3399999999999093        0.0000000000000000     
   6.3499999999999091        0.0000000000000000     
   6.3599999999999088        0.0000000000000000     
   6.3699999999999086        0.0000000000000000     
   6.3799999999999084        0.0000000000000000     
   6.3899999999999082        0.0000000000000000     
   6.3999999999999080        0.0000000000000000     
   6.4099999999999078        0.0000000000000000     
   6.4199999999999076        0.0000000000000000     
   6.4299999999999073        0.0000000000000000     
   6.4399999999999071        0.0000000000000000     
   6.4499999999999069        0.0000000000000000     
   6.4599999999999067        0.0000000000000000     
   6.4699999999999065        0.0000000000000000     
   6.4799999999999063        0.0000000000000000     
   6.4899999999999061        0.0000000000000000     
   6.4999999999999059        0.0000000000000000     
   6.5099999999999056        0.0000000000000000     
   6.5199999999999054        0.0000000000000000     
   6.5299999999999052        0.0000000000000000     
   6.5399999999999050        0.0000000000000000     
   6.5499999999999048        0.0000000000000000     
   6.5599999999999046        0.0000000000000000     
   6.5699999999999044        0.0000000000000000     
   6.5799999999999041        0.0000000000000000     
   6.5899999999999039        0.0000000000000000     
   6.5999999999999037        0.0000000000000000     
   6.6099999999999035        0.0000000000000000     
   6.6199999999999033        0.0000000000000000     
   6.6299999999999031        0.0000000000000000     
   6.6399999999999029        0.0000000000000000     
   6.6499999999999027        0.0000000000000000     
   6.6599999999999024        0.0000000000000000     
   6.6699999999999022        0.0000000000000000     
   6.6799999999999020        0.0000000000000000     
   6.6899999999999018        0.0000000000000000     
   6.6999999999999016        0.0000000000000000     
   6.7099999999999014        0.0000000000000000     
   6.7199999999999012        0.0000000000000000     
   6.7299999999999010        0.0000000000000000     
   6.7399999999999007        0.0000000000000000     
   6.7499999999999005        0.0000000000000000     
   6.7599999999999003        0.0000000000000000     
   6.7699999999999001        0.0000000000000000     
   6.7799999999998999        0.0000000000000000     
   6.7899999999998997        0.0000000000000000     
   6.7999999999998995        0.0000000000000000     
   6.8099999999998992        0.0000000000000000     
   6.8199999999998990        0.0000000000000000     
   6.8299999999998988        0.0000000000000000     
   6.8399999999998986        0.0000000000000000     
   6.8499999999998984        0.0000000000000000     
   6.8599999999998982        0.0000000000000000     
   6.8699999999998980        0.0000000000000000     
   6.8799999999998978        0.0000000000000000     
   6.8899999999998975        0.0000000000000000     
   6.8999999999998973        0.0000000000000000     
   6.9099999999998971        0.0000000000000000     
   6.9199999999998969        0.0000000000000000     
   6.9299999999998967        0.0000000000000000     
   6.9399999999998965        0.0000000000000000     
   6.9499999999998963        0.0000000000000000     
   6.9599999999998960        0.0000000000000000     
   6.9699999999998958        0.0000000000000000     
   6.9799999999998956        0.0000000000000000     
   6.9899999999998954        0.0000000000000000     
   6.9999999999998952        0.0000000000000000     
   7.0099999999998950        0.0000000000000000     
   7.0199999999998948        0.0000000000000000     
   7.0299999999998946        0.0000000000000000     
   7.0399999999998943        0.0000000000000000     
   7.0499999999998941        0.0000000000000000     
   7.0599999999998939        0.0000000000000000     
   7.0699999999998937        0.0000000000000000     
   7.0799999999998935        0.0000000000000000     
   7.0899999999998933        0.0000000000000000     
   7.0999999999998931        0.0000000000000000     
   7.1099999999998929        0.0000000000000000     
   7.1199999999998926        0.0000000000000000     
   7.1299999999998924        0.0000000000000000     
   7.1399999999998922        0.0000000000000000     
   7.1499999999998920        0.0000000000000000     
   7.1599999999998918        0.0000000000000000     
   7.1699999999998916        0.0000000000000000     
   7.1799999999998914        0.0000000000000000     
   7.1899999999998911        0.0000000000000000     
   7.1999999999998909        0.0000000000000000     
   7.2099999999998907        0.0000000000000000     
   7.2199999999998905        0.0000000000000000     
   7.2299999999998903        0.0000000000000000     
   7.2399999999998901        0.0000000000000000     
   7.2499999999998899        0.0000000000000000     
   7.2599999999998897        0.0000000000000000     
   7.2699999999998894        0.0000000000000000     
   7.2799999999998892        0.0000000000000000     
   7.2899999999998890        0.0000000000000000     
   7.2999999999998888        0.0000000000000000     
   7.3099999999998886        0.0000000000000000     
   7.3199999999998884        0.0000000000000000     
   7.3299999999998882        0.0000000000000000     
   7.3399999999998879        0.0000000000000000     
   7.3499999999998877        0.0000000000000000     
   7.3599999999998875        0.0000000000000000     
   7.3699999999998873        0.0000000000000000     
   7.3799999999998871        0.0000000000000000     
   7.3899999999998869        0.0000000000000000     
   7.3999999999998867        0.0000000000000000     
   7.4099999999998865        0.0000000000000000     
   7.4199999999998862        0.0000000000000000     
   7.4299999999998860        0.0000000000000000     
   7.4399999999998858        0.0000000000000000     
   7.4499999999998856        0.0000000000000000     
   7.4599999999998854        0.0000000000000000     
   7.4699999999998852        0.0000000000000000     
   7.4799999999998850        0.0000000000000000     
   7.4899999999998847        0.0000000000000000     
   7.4999999999998845        0.0000000000000000     
   7.5099999999998843        0.0000000000000000     
   7.5199999999998841        0.0000000000000000     
   7.5299999999998839        0.0000000000000000     
   7.5399999999998837        0.0000000000000000     
   7.5499999999998835        0.0000000000000000     
   7.5599999999998833        0.0000000000000000     
   7.5699999999998830        0.0000000000000000     
   7.5799999999998828        0.0000000000000000     
   7.5899999999998826        0.0000000000000000     
   7.5999999999998824        0.0000000000000000     
   7.6099999999998822        0.0000000000000000     
   7.6199999999998820        0.0000000000000000     
   7.6299999999998818        0.0000000000000000     
   7.6399999999998816        0.0000000000000000     
   7.6499999999998813        0.0000000000000000     
   7.6599999999998811        0.0000000000000000     
   7.6699999999998809        0.0000000000000000     
   7.6799999999998807        0.0000000000000000     
   7.6899999999998805        0.0000000000000000     
   7.6999999999998803        0.0000000000000000     
   7.7099999999998801        0.0000000000000000     
   7.7199999999998798        0.0000000000000000     
   7.7299999999998796        0.0000000000000000     
   7.7399999999998794        0.0000000000000000     
   7.7499999999998792        0.0000000000000000     
   7.7599999999998790        0.0000000000000000     
   7.7699999999998788        0.0000000000000000     
   7.7799999999998786        0.0000000000000000     
   7.7899999999998784        0.0000000000000000     
   7.7999999999998781        0.0000000000000000     
   7.8099999999998779        0.0000000000000000     
   7.8199999999998777        0.0000000000000000     
   7.8299999999998775        0.0000000000000000     
   7.8399999999998773        0.0000000000000000     
   7.8499999999998771        0.0000000000000000     
   7.8599999999998769        0.0000000000000000     
   7.8699999999998766        0.0000000000000000     
   7.8799999999998764        0.0000000000000000     
   7.8899999999998762        0.0000000000000000     
   7.8999999999998760        0.0000000000000000     
   7.9099999999998758        0.0000000000000000     
   7.9199999999998756        0.0000000000000000     
   7.9299999999998754        0.0000000000000000     
   7.9399999999998752        0.0000000000000000     
   7.9499999999998749        0.0000000000000000     
   7.9599999999998747        0.0000000000000000     
   7.9699999999998745        0.0000000000000000     
   7.9799999999998743        0.0000000000000000     
   7.9899999999998741        0.0000000000000000     
   7.9999999999998739        0.0000000000000000     
   8.0099999999998737        0.0000000000000000     
   8.0199999999998735        0.0000000000000000     
   8.0299999999998732        0.0000000000000000     
   8.0399999999998730        0.0000000000000000     
   8.0499999999998728        0.0000000000000000     
   8.0599999999998726        0.0000000000000000     
   8.0699999999998724        0.0000000000000000     
   8.0799999999998722        0.0000000000000000     
   8.0899999999998720        0.0000000000000000     
   8.0999999999998717        0.0000000000000000     
   8.1099999999998715        0.0000000000000000     
   8.1199999999998713        0.0000000000000000     
   8.1299999999998711        0.0000000000000000     
   8.1399999999998709        0.0000000000000000     
   8.1499999999998707        0.0000000000000000     
   8.1599999999998705        0.0000000000000000     
   8.1699999999998703        0.0000000000000000     
   8.1799999999998700        0.0000000000000000     
   8.1899999999998698        0.0000000000000000     
   8.1999999999998696        0.0000000000000000     
   8.2099999999998694        0.0000000000000000     
   8.2199999999998692        0.0000000000000000     
   8.2299999999998690        0.0000000000000000     
   8.2399999999998688        0.0000000000000000     
   8.2499999999998685        0.0000000000000000     
   8.2599999999998683        0.0000000000000000     
   8.2699999999998681        0.0000000000000000     
   8.2799999999998679        0.0000000000000000     
   8.2899999999998677        0.0000000000000000     
   8.2999999999998675        0.0000000000000000     
   8.3099999999998673        0.0000000000000000     
   8.3199999999998671        0.0000000000000000     
   8.3299999999998668        0.0000000000000000     
   8.3399999999998666        0.0000000000000000     
   8.3499999999998664        0.0000000000000000     
   8.3599999999998662        0.0000000000000000     
   8.3699999999998660        0.0000000000000000     
   8.3799999999998658        0.0000000000000000     
   8.3899999999998656        0.0000000000000000     
   8.3999999999998654        0.0000000000000000     
   8.4099999999998651        0.0000000000000000     
   8.4199999999998649        0.0000000000000000     
   8.4299999999998647        0.0000000000000000     
   8.4399999999998645        0.0000000000000000     
   8.4499999999998643        0.0000000000000000     
   8.4599999999998641        0.0000000000000000     
   8.4699999999998639        0.0000000000000000     
   8.4799999999998636        0.0000000000000000     
   8.4899999999998634        0.0000000000000000     
   8.4999999999998632        0.0000000000000000     
   8.5099999999998630        0.0000000000000000     
   8.5199999999998628        0.0000000000000000     
   8.5299999999998626        0.0000000000000000     
   8.5399999999998624        0.0000000000000000     
   8.5499999999998622        0.0000000000000000     
   8.5599999999998619        0.0000000000000000     
   8.5699999999998617        0.0000000000000000     
   8.5799999999998615        0.0000000000000000     
   8.5899999999998613        0.0000000000000000     
   8.5999999999998611        0.0000000000000000     
   8.6099999999998609        0.0000000000000000     
   8.6199999999998607        0.0000000000000000     
   8.6299999999998604        0.0000000000000000     
   8.6399999999998602        0.0000000000000000     
   8.6499999999998600        0.0000000000000000     
   8.6599999999998598        0.0000000000000000     
   8.6699999999998596        0.0000000000000000     
   8.6799999999998594        0.0000000000000000     
   8.6899999999998592        0.0000000000000000     
   8.6999999999998590        0.0000000000000000     
   8.7099999999998587        0.0000000000000000     
   8.7199999999998585        0.0000000000000000     
   8.7299999999998583        0.0000000000000000     
   8.7399999999998581        0.0000000000000000     
   8.7499999999998579        0.0000000000000000     
   8.7599999999998577        0.0000000000000000     
   8.7699999999998575        0.0000000000000000     
   8.7799999999998573        0.0000000000000000     
   8.7899999999998570        0.0000000000000000     
   8.7999999999998568        0.0000000000000000     
   8.8099999999998566        0.0000000000000000     
   8.8199999999998564        0.0000000000000000     
   8.8299999999998562        0.0000000000000000     
   8.8399999999998560        0.0000000000000000     
   8.8499999999998558        0.0000000000000000     
   8.8599999999998555        0.0000000000000000     
   8.8699999999998553        0.0000000000000000     
   8.8799999999998551        0.0000000000000000     
   8.8899999999998549        0.0000000000000000     
   8.8999999999998547        0.0000000000000000     
   8.9099999999998545        0.0000000000000000     
   8.9199999999998543        0.0000000000000000     
   8.9299999999998541        0.0000000000000000     
   8.9399999999998538        0.0000000000000000     
   8.9499999999998536        0.0000000000000000     
   8.9599999999998534        0.0000000000000000     
   8.9699999999998532        0.0000000000000000     
   8.9799999999998530        0.0000000000000000     
   8.9899999999998528        0.0000000000000000     
   8.9999999999998526        0.0000000000000000     
   9.0099999999998523        0.0000000000000000     
   9.0199999999998521        0.0000000000000000     
   9.0299999999998519        0.0000000000000000     
   9.0399999999998517        0.0000000000000000     
   9.0499999999998515        0.0000000000000000     
   9.0599999999998513        0.0000000000000000     
   9.0699999999998511        0.0000000000000000     
   9.0799999999998509        0.0000000000000000     
   9.0899999999998506        0.0000000000000000     
   9.0999999999998504        0.0000000000000000     
   9.1099999999998502        0.0000000000000000     
   9.1199999999998500        0.0000000000000000     
   9.1299999999998498        0.0000000000000000     
   9.1399999999998496        0.0000000000000000     
   9.1499999999998494        0.0000000000000000     
   9.1599999999998492        0.0000000000000000     
   9.1699999999998489        0.0000000000000000     
   9.1799999999998487        0.0000000000000000     
   9.1899999999998485        0.0000000000000000     
   9.1999999999998483        0.0000000000000000     
   9.2099999999998481        0.0000000000000000     
   9.2199999999998479        0.0000000000000000     
   9.2299999999998477        0.0000000000000000     
   9.2399999999998474        0.0000000000000000     
   9.2499999999998472        0.0000000000000000     
   9.2599999999998470        0.0000000000000000     
   9.2699999999998468        0.0000000000000000     
   9.2799999999998466        0.0000000000000000     
   9.2899999999998464        0.0000000000000000     
   9.2999999999998462        0.0000000000000000     
   9.3099999999998460        0.0000000000000000     
   9.3199999999998457        0.0000000000000000     
   9.3299999999998455        0.0000000000000000     
   9.3399999999998453        0.0000000000000000     
   9.3499999999998451        0.0000000000000000     
   9.3599999999998449        0.0000000000000000     
   9.3699999999998447        0.0000000000000000     
   9.3799999999998445        0.0000000000000000     
   9.3899999999998442        0.0000000000000000     
   9.3999999999998440        0.0000000000000000     
   9.4099999999998438        0.0000000000000000     
   9.4199999999998436        0.0000000000000000     
   9.4299999999998434        0.0000000000000000     
   9.4399999999998432        0.0000000000000000     
   9.4499999999998430        0.0000000000000000     
   9.4599999999998428        0.0000000000000000     
   9.4699999999998425        0.0000000000000000     
   9.4799999999998423        0.0000000000000000     
   9.4899999999998421        0.0000000000000000     
   9.4999999999998419        0.0000000000000000     
   9.5099999999998417        0.0000000000000000     
   9.5199999999998415        0.0000000000000000     
   9.5299999999998413        0.0000000000000000     
   9.5399999999998411        0.0000000000000000     
   9.5499999999998408        0.0000000000000000     
   9.5599999999998406        0.0000000000000000     
   9.5699999999998404        0.0000000000000000     
   9.5799999999998402        0.0000000000000000     
   9.5899999999998400        0.0000000000000000     
   9.5999999999998398        0.0000000000000000     
   9.6099999999998396        0.0000000000000000     
   9.6199999999998393        0.0000000000000000     
   9.6299999999998391        0.0000000000000000     
   9.6399999999998389        0.0000000000000000     
   9.6499999999998387        0.0000000000000000     
   9.6599999999998385        0.0000000000000000     
   9.6699999999998383        0.0000000000000000     
   9.6799999999998381        0.0000000000000000     
   9.6899999999998379        0.0000000000000000     
   9.6999999999998376        0.0000000000000000     
   9.7099999999998374        0.0000000000000000     
   9.7199999999998372        0.0000000000000000     
   9.7299999999998370        0.0000000000000000     
   9.7399999999998368        0.0000000000000000     
   9.7499999999998366        0.0000000000000000     
   9.7599999999998364        0.0000000000000000     
   9.7699999999998361        0.0000000000000000     
   9.7799999999998359        0.0000000000000000     
   9.7899999999998357        0.0000000000000000     
   9.7999999999998355        0.0000000000000000     
   9.8099999999998353        0.0000000000000000     
   9.8199999999998351        0.0000000000000000     
   9.8299999999998349        0.0000000000000000     
   9.8399999999998347        0.0000000000000000     
   9.8499999999998344        0.0000000000000000     
   9.8599999999998342        0.0000000000000000     
   9.8699999999998340        0.0000000000000000     
   9.8799999999998338        0.0000000000000000     
   9.8899999999998336        0.0000000000000000     
   9.8999999999998334        0.0000000000000000     
   9.9099999999998332        0.0000000000000000     
   9.9199999999998330        0.0000000000000000     
   9.9299999999998327        0.0000000000000000     
   9.9399999999998325        0.0000000000000000     
   9.9499999999998323        0.0000000000000000     
   9.9599999999998321        0.0000000000000000     
   9.9699999999998319        0.0000000000000000     
   9.9799999999998317        0.0000000000000000     
   9.9899999999998315        0.0000000000000000     
   9.9999999999998312        0.0000000000000000     
