   0.0000000000000000       0.64216149705960812     
   1.0000000000000000E-002  0.64185433535311343     
   2.0000000000000000E-002  0.64093601445801285     
   2.9999999999999999E-002  0.63941596620065344     
   4.0000000000000001E-002  0.63730970882017712     
   5.0000000000000003E-002  0.63463854943619247     
   6.0000000000000005E-002  0.63142917671385845     
   7.0000000000000007E-002  0.62771315262931326     
   8.0000000000000002E-002  0.62352631435039596     
   8.9999999999999997E-002  0.61890809906481647     
   9.9999999999999992E-002  0.61390080609877229     
  0.10999999999999999       0.60854881180095188     
  0.11999999999999998       0.60289775346336261     
  0.12999999999999998       0.59699369898541910     
  0.13999999999999999       0.59088231905599098     
  0.14999999999999999       0.58460807840047024     
  0.16000000000000000       0.57821346207762259     
  0.17000000000000001       0.57173825196325256     
  0.18000000000000002       0.56521886747288808     
  0.19000000000000003       0.55868778322223178     
  0.20000000000000004       0.55217303479147517     
  0.21000000000000005       0.54569782198944827     
  0.22000000000000006       0.53928021712377405     
  0.23000000000000007       0.53293298369594277     
  0.24000000000000007       0.52666350874633183     
  0.25000000000000006       0.52047384976575861     
  0.26000000000000006       0.51436089471064794     
  0.27000000000000007       0.50831663124042470     
  0.28000000000000008       0.50232851884845320     
  0.29000000000000009       0.49637995522902262     
  0.30000000000000010       0.49045082592764011     
  0.31000000000000011       0.48451812427293123     
  0.32000000000000012       0.47855662675898319     
  0.33000000000000013       0.47253960756076241     
  0.34000000000000014       0.46643957476565862     
  0.35000000000000014       0.46022901030437435     
  0.36000000000000015       0.45388109543474225     
  0.37000000000000016       0.44737040410316459     
  0.38000000000000017       0.44067354750237420     
  0.39000000000000018       0.43376975470816886     
  0.40000000000000019       0.42664137632495591     
  0.41000000000000020       0.41927430055091192     
  0.42000000000000021       0.41165827388135451     
  0.43000000000000022       0.40378712170348519     
  0.44000000000000022       0.39565886713975118     
  0.45000000000000023       0.38727574956565930     
  0.46000000000000024       0.37864414714077971     
  0.47000000000000025       0.36977441028888081     
  0.48000000000000026       0.36068061529500089     
  0.49000000000000027       0.35138024897739406     
  0.50000000000000022       0.34189383665551648     
  0.51000000000000023       0.33224452640012336     
  0.52000000000000024       0.32245764280847589     
  0.53000000000000025       0.31256022334575551     
  0.54000000000000026       0.30258054963624997     
  0.55000000000000027       0.29254768512832258     
  0.56000000000000028       0.28249102928949937     
  0.57000000000000028       0.27243989703568711     
  0.58000000000000029       0.26242313054002331     
  0.59000000000000030       0.25246874893478838     
  0.60000000000000031       0.24260363985709985     
  0.61000000000000032       0.23285329524244391     
  0.62000000000000033       0.22324159239779037     
  0.63000000000000034       0.21379062012753894     
  0.64000000000000035       0.20452054859782923     
  0.65000000000000036       0.19544954076084253     
  0.66000000000000036       0.18659370242499299     
  0.67000000000000037       0.17796706753928193     
  0.68000000000000038       0.16958161489721604     
  0.69000000000000039       0.16144731226176340     
  0.70000000000000040       0.15357218384612162     
  0.71000000000000041       0.14596239712648240     
  0.72000000000000042       0.13862236509937290     
  0.73000000000000043       0.13155486034405262     
  0.74000000000000044       0.12476113749734569     
  0.75000000000000044       0.11824106106792517     
  0.76000000000000045       0.11199323588615200     
  0.77000000000000046       0.10601513780620034     
  0.78000000000000047       0.10030324262914710     
  0.79000000000000048        9.4853151586316409E-002
  0.80000000000000049        8.9659711997841188E-002
  0.81000000000000050        8.4717132056178007E-002
  0.82000000000000051        8.0019088937722443E-002
  0.83000000000000052        7.5558829697674010E-002
  0.84000000000000052        7.1329264597715242E-002
  0.85000000000000053        6.7323052735679942E-002
  0.86000000000000054        6.3532679947841286E-002
  0.87000000000000055        5.9950529140144454E-002
  0.88000000000000056        5.6568943261894898E-002
  0.89000000000000057        5.3380281230859389E-002
  0.90000000000000058        5.0376967195816483E-002
  0.91000000000000059        4.7551533526791284E-002
  0.92000000000000060        4.4896657993746265E-002
  0.93000000000000060        4.2405195569578231E-002
  0.94000000000000061        4.0070205323085778E-002
  0.95000000000000062        3.7884972854569078E-002
  0.96000000000000063        3.5843028703773559E-002
  0.97000000000000064        3.3938163164363773E-002
  0.98000000000000065        3.2164437892024896E-002
  0.99000000000000066        3.0516194689527511E-002
   1.0000000000000007        2.8988061822060186E-002
   1.0100000000000007        2.7574958165091330E-002
   1.0200000000000007        2.6272095502352644E-002
   1.0300000000000007        2.5074979227500214E-002
   1.0400000000000007        2.3979407684374569E-002
   1.0500000000000007        2.2981470368316232E-002
   1.0600000000000007        2.2077545166884205E-002
   1.0700000000000007        2.1264294808478839E-002
   1.0800000000000007        2.0538662652944722E-002
   1.0900000000000007        1.9897867943715428E-002
   1.1000000000000008        1.9339400618720234E-002
   1.1100000000000008        1.8861015753772407E-002
   1.1200000000000008        1.8460727699035933E-002
   1.1300000000000008        1.8136803954274319E-002
   1.1400000000000008        1.7887758800577032E-002
   1.1500000000000008        1.7712346702625885E-002
   1.1600000000000008        1.7609555480926124E-002
   1.1700000000000008        1.7578599233613615E-002
   1.1800000000000008        1.7618910984283635E-002
   1.1900000000000008        1.7730135006881875E-002
   1.2000000000000008        1.7912118800909399E-002
   1.2100000000000009        1.8164904635909043E-002
   1.2200000000000009        1.8488720620365190E-002
   1.2300000000000009        1.8883971221145861E-002
   1.2400000000000009        1.9351227171266795E-002
   1.2500000000000009        1.9891214680257261E-002
   1.2600000000000009        2.0504803904363385E-002
   1.2700000000000009        2.1192996595988386E-002
   1.2800000000000009        2.1956912887473933E-002
   1.2900000000000009        2.2797777175888767E-002
   1.3000000000000009        2.3716903089840979E-002
   1.3100000000000009        2.4715677532303790E-002
   1.3200000000000010        2.5795543847468405E-002
   1.3300000000000010        2.6957984170363138E-002
   1.3400000000000010        2.8204501070939449E-002
   1.3500000000000010        2.9536598655841385E-002
   1.3600000000000010        3.0955763314999701E-002
   1.3700000000000010        3.2463444407389776E-002
   1.3800000000000010        3.4061035191607456E-002
   1.3900000000000010        3.5749854394405089E-002
   1.4000000000000010        3.7531128885331867E-002
   1.4100000000000010        3.9405977950595576E-002
   1.4200000000000010        4.1375399770840531E-002
   1.4300000000000010        4.3440260687648141E-002
   1.4400000000000011        4.5601287946207596E-002
   1.4500000000000011        4.7859066571367452E-002
   1.4600000000000011        5.0214041032408292E-002
   1.4700000000000011        5.2666522355590745E-002
   1.4800000000000011        5.5216701208373985E-002
   1.4900000000000011        5.7864667456954365E-002
   1.5000000000000011        6.0610436480196421E-002
   1.5100000000000011        6.3453982385361610E-002
   1.5200000000000011        6.6395278037577402E-002
   1.5300000000000011        6.9434341544849065E-002
   1.5400000000000011        7.2571288542917806E-002
   1.5500000000000012        7.5806389329374488E-002
   1.5600000000000012        7.9140129541543661E-002
   1.5700000000000012        8.2573272758281246E-002
   1.5800000000000012        8.6106923085653556E-002
   1.5900000000000012        8.9742585527104471E-002
   1.6000000000000012        9.3482221679117516E-002
   1.6100000000000012        9.7328298185249407E-002
   1.6200000000000012       0.10128382526825087     
   1.6300000000000012       0.10535238271266477     
   1.6400000000000012       0.10953813080482688     
   1.6500000000000012       0.11384580396350277     
   1.6600000000000013       0.11828068515916962     
   1.6700000000000013       0.12284855968009321     
   1.6800000000000013       0.12755564733200661     
   1.6900000000000013       0.13240851276155632     
   1.7000000000000013       0.13741395429649406     
   1.7100000000000013       0.14257887232640348     
   1.7200000000000013       0.14791011900169040     
   1.7300000000000013       0.15341433164183110     
   1.7400000000000013       0.15909775292965053     
   1.7500000000000013       0.16496604148687385     
   1.7600000000000013       0.17102407695840582     
   1.7700000000000014       0.17727576409402374     
   1.7800000000000014       0.18372384065754355     
   1.7900000000000014       0.19036969416289018     
   1.8000000000000014       0.19721319253625702     
   1.8100000000000014       0.20425253377881514     
   1.8200000000000014       0.21148411956998445     
   1.8300000000000014       0.21890245750524842     
   1.8400000000000014       0.22650009630685405     
   1.8500000000000014       0.23426759785468884     
   1.8600000000000014       0.24219354931630371     
   1.8700000000000014       0.25026461795025029     
   1.8800000000000014       0.25846565035817182     
   1.8900000000000015       0.26677981704413684     
   1.9000000000000015       0.27518880219268621     
   1.9100000000000015       0.28367303747744960     
   1.9200000000000015       0.29221197765696738     
   1.9300000000000015       0.30078441456312227     
   1.9400000000000015       0.30936882500984586     
   1.9500000000000015       0.31794374707190332     
   1.9600000000000015       0.32648817819995535     
   1.9700000000000015       0.33498198779176758     
   1.9800000000000015       0.34340633608110827     
   1.9900000000000015       0.35174409068849000     
   2.0000000000000013       0.35998023177541683     
   2.0100000000000011       0.36810223661624658     
   2.0200000000000009       0.37610043443383934     
   2.0300000000000007       0.38396832261130076     
   2.0400000000000005       0.39170283585570514     
   2.0500000000000003       0.39930456055771518     
   2.0600000000000001       0.40677788739826493     
   2.0699999999999998       0.41413109626105032     
   2.0799999999999996       0.42137636862235789     
   2.0899999999999994       0.42852972381315924     
   2.0999999999999992       0.43561087687588362     
   2.1099999999999990       0.44264301710975973     
   2.1199999999999988       0.44965250782166954     
   2.1299999999999986       0.45666850921983565     
   2.1399999999999983       0.46372252781948825     
   2.1499999999999981       0.47084789710168440     
   2.1599999999999979       0.47807919548074956     
   2.1699999999999977       0.48545160888950473     
   2.1799999999999975       0.49300024641920454     
   2.1899999999999973       0.50075941846833893     
   2.1999999999999971       0.50876188776251796     
   2.2099999999999969       0.51703810435250996     
   2.2199999999999966       0.52561543633905561     
   2.2299999999999964       0.53451740854094676     
   2.2399999999999962       0.54376296173023353     
   2.2499999999999960       0.55336574522828907     
   2.2599999999999958       0.56333345581533911     
   2.2699999999999956       0.57366723588390278     
   2.2799999999999954       0.58436114354592905     
   2.2899999999999952       0.59540170720071317     
   2.2999999999999949       0.60676757646164725     
   2.3099999999999947       0.61842928072650027     
   2.3199999999999945       0.63034910570335556     
   2.3299999999999943       0.64248109697375777     
   2.3399999999999941       0.65477119814164475     
   2.3499999999999939       0.66715752923944560     
   2.3599999999999937       0.67957080879217779     
   2.3699999999999934       0.69193492034673720     
   2.3799999999999932       0.70416762129851018     
   2.3899999999999930       0.71618138864442282     
   2.3999999999999928       0.72788439279329753     
   2.4099999999999926       0.73918158701985437     
   2.4199999999999924       0.74997589663756070     
   2.4299999999999922       0.76016948849629906     
   2.4399999999999920       0.76966509847544007     
   2.4499999999999917       0.77836739194553772     
   2.4599999999999915       0.78618433035058866     
   2.4699999999999913       0.79302851577082567     
   2.4799999999999911       0.79881848508038622     
   2.4899999999999909       0.80347992585837646     
   2.4999999999999907       0.80694678770542516     
   2.5099999999999905       0.80916226501116950     
   2.5199999999999902       0.81007963040086783     
   2.5299999999999900       0.80966290188075307     
   2.5399999999999898       0.80788733108515431     
   2.5499999999999896       0.80473970470219658     
   2.5599999999999894       0.80021845589561791     
   2.5699999999999892       0.79433358739490545     
   2.5799999999999890       0.78710641234041123     
   2.5899999999999888       0.77856912326308447     
   2.5999999999999885       0.76876420310309934     
   2.6099999999999883       0.75774369537308195     
   2.6199999999999881       0.74556835294520263     
   2.6299999999999879       0.73230668672850951     
   2.6399999999999877       0.71803393663399417     
   2.6499999999999875       0.70283098767604935     
   2.6599999999999873       0.68678325387177597     
   2.6699999999999871       0.66997955198492054     
   2.6799999999999868       0.65251098592206824     
   2.6899999999999866       0.63446986098061819     
   2.6999999999999864       0.61594864525482818     
   2.7099999999999862       0.59703899320250553     
   2.7199999999999860       0.57783084405948681     
   2.7299999999999858       0.55841160522444544     
   2.7399999999999856       0.53886542811502713     
   2.7499999999999853       0.51927258159477607     
   2.7599999999999851       0.49970892550086721     
   2.7699999999999849       0.48024548460376743     
   2.7799999999999847       0.46094812117781342     
   2.7899999999999845       0.44187730260997982     
   2.7999999999999843       0.42308795879989730     
   2.8099999999999841       0.40462942290319148     
   2.8199999999999839       0.38654544792885082     
   2.8299999999999836       0.36887429103292624     
   2.8399999999999834       0.35164885690126169     
   2.8499999999999832       0.33489689149778040     
   2.8599999999999830       0.31864121744649299     
   2.8699999999999828       0.30290000262148431     
   2.8799999999999826       0.28768705395050120     
   2.8899999999999824       0.27301212897495730     
   2.8999999999999821       0.25888125833011894     
   2.9099999999999819       0.24529707308280180     
   2.9199999999999817       0.23225913158323325     
   2.9299999999999815       0.21976424119773993     
   2.9399999999999813       0.20780677112793794     
   2.9499999999999811       0.19637895314277121     
   2.9599999999999809       0.18547116776213390     
   2.9699999999999807       0.17507221406821075     
   2.9799999999999804       0.16516956179036593     
   2.9899999999999802       0.15574958491962110     
   2.9999999999999800       0.14679777642414879     
   3.0099999999999798       0.13829894405544735     
   3.0199999999999796       0.13023738752765876     
   3.0299999999999794       0.12259705761965982     
   3.0399999999999792       0.11536169786926655     
   3.0499999999999790       0.10851496975052657     
   3.0599999999999787       0.10204056233009447     
   3.0699999999999785        9.5922287368389619E-002
   3.0799999999999783        9.0144161005093634E-002
   3.0899999999999781        8.4690473097815674E-002
   3.0999999999999779        7.9545845272969665E-002
   3.1099999999999777        7.4695278782281382E-002
   3.1199999999999775        7.0124193130793058E-002
   3.1299999999999772        6.5818456498866404E-002
   3.1399999999999770        6.1764408846527397E-002
   3.1499999999999768        5.7948878550802975E-002
   3.1599999999999766        5.4359193402685933E-002
   3.1699999999999764        5.0983186625119609E-002
   3.1799999999999762        4.7809198700287873E-002
   3.1899999999999760        4.4826075499752899E-002
   3.1999999999999758        4.2023163324252544E-002
   3.2099999999999755        3.9390301372084366E-002
   3.2199999999999753        3.6917812005382598E-002
   3.2299999999999751        3.4596489309392880E-002
   3.2399999999999749        3.2417586190309836E-002
   3.2499999999999747        3.0372800399405413E-002
   3.2599999999999745        2.8454259724873889E-002
   3.2699999999999743        2.6654506562746812E-002
   3.2799999999999740        2.4966482104328731E-002
   3.2899999999999738        2.3383510305480963E-002
   3.2999999999999736        2.1899281767005230E-002
   3.3099999999999734        2.0507837689234042E-002
   3.3199999999999732        1.9203553949650433E-002
   3.3299999999999730        1.7981125466752998E-002
   3.3399999999999728        1.6835550838160108E-002
   3.3499999999999726        1.5762117393663139E-002
   3.3599999999999723        1.4756386634281117E-002
   3.3699999999999721        1.3814180158387956E-002
   3.3799999999999719        1.2931566032641683E-002
   3.3899999999999717        1.2104845704044589E-002
   3.3999999999999715        1.1330541391647181E-002
   3.4099999999999713        1.0605384012283069E-002
   3.4199999999999711        9.9263016219408619E-003
   3.4299999999999708        9.2904083763365852E-003
   3.4399999999999706        8.6949939932247679E-003
   3.4499999999999704        8.1375137206696098E-003
   3.4599999999999702        7.6155788082061665E-003
   3.4699999999999700        7.1269474291357727E-003
   3.4799999999999698        6.6695160878930950E-003
   3.4899999999999696        6.2413114619352143E-003
   3.4999999999999694        5.8404826987399749E-003
   3.5099999999999691        5.4652940836462313E-003
   3.5199999999999689        5.1141181490420079E-003
   3.5299999999999687        4.7854291509405698E-003
   3.5399999999999685        4.4777969086679456E-003
   3.5499999999999683        4.1898809815374242E-003
   3.5599999999999681        3.9204252054556091E-003
   3.5699999999999679        3.6682525082904305E-003
   3.5799999999999677        3.4322600696001641E-003
   3.5899999999999674        3.2114147145235841E-003
   3.5999999999999672        3.0047486205611327E-003
   3.6099999999999670        2.8113552565982849E-003
   3.6199999999999668        2.6303855729764144E-003
   3.6299999999999666        2.4610444099074980E-003
   3.6399999999999664        2.3025871294959878E-003
   3.6499999999999662        2.1543164673655368E-003
   3.6599999999999659        2.0155795407312258E-003
   3.6699999999999657        1.8857650566409033E-003
   3.6799999999999655        1.7643007210435371E-003
   3.6899999999999653        1.6506507373607226E-003
   3.6999999999999651        1.5443135401513703E-003
   3.7099999999999649        1.4448196005707929E-003
   3.7199999999999647        1.3517294161268410E-003
   3.7299999999999645        1.2646316030425638E-003
   3.7399999999999642        1.1831410978593434E-003
   3.7499999999999640        1.1068975036157374E-003
   3.7599999999999638        1.0355635113570196E-003
   3.7699999999999636        9.6882343263960367E-004
   3.7799999999999634        9.0638181597381461E-004
   3.7899999999999632        8.4796216611992311E-004
   3.7999999999999630        7.9330572788676129E-004
   3.8099999999999627        7.4217035795321124E-004
   3.8199999999999625        6.9432945340701250E-004
   3.8299999999999623        6.4957097066395430E-004
   3.8399999999999621        6.0769648816548776E-004
   3.8499999999999619        5.6852033396271066E-004
   3.8599999999999617        5.3186876771498697E-004
   3.8699999999999615        4.9757921959777893E-004
   3.8799999999999613        4.6549957666223275E-004
   3.8899999999999610        4.3548750768249882E-004
   3.8999999999999608        4.0740983274092810E-004
   3.9099999999999606        3.8114194599432339E-004
   3.9199999999999604        3.5656725499759136E-004
   3.9299999999999602        3.3357667394859748E-004
   3.9399999999999600        3.1206813532708871E-004
   3.9499999999999598        2.9194614717611679E-004
   3.9599999999999596        2.7312135540002671E-004
   3.9699999999999593        2.5551017330632608E-004
   3.9799999999999591        2.3903438570836705E-004
   3.9899999999999589        2.2362081262370688E-004
   3.9999999999999587        2.0920100414095297E-004
   4.0099999999999589        1.9571089937568822E-004
   4.0199999999999587        1.8309057523110649E-004
   4.0299999999999585        1.7128396615578382E-004
   4.0399999999999583        1.6023862052510327E-004
   4.0499999999999581        1.4990546140874775E-004
   4.0599999999999579        1.4023858094642445E-004
   4.0699999999999577        1.3119502529354863E-004
   4.0799999999999574        1.2273460846013776E-004
   4.0899999999999572        1.1481973741641515E-004
   4.0999999999999570        1.0741523728065143E-004
   4.1099999999999568        1.0048820638708389E-004
   4.1199999999999566        9.4007858003745685E-005
   4.1299999999999564        8.7945390504901052E-005
   4.1399999999999562        8.2273862340740688E-005
   4.1499999999999559        7.6968067034489531E-005
   4.1599999999999557        7.2004420515326984E-005
   4.1699999999999555        6.7360862020699456E-005
   4.1799999999999553        6.3016757191666200E-005
   4.1899999999999551        5.8952788037458985E-005
   4.1999999999999549        5.5150897067961830E-005
   4.2099999999999547        5.1594180986426734E-005
   4.2199999999999545        4.8266831888771419E-005
   4.2299999999999542        4.5154058506274974E-005
   4.2399999999999540        4.2242027925720641E-005
   4.2499999999999538        3.9517787709304720E-005
   4.2599999999999536        3.6969232533119202E-005
   4.2699999999999534        3.4585035106606209E-005
   4.2799999999999532        3.2354595787620399E-005
   4.2899999999999530        3.0267993705201874E-005
   4.2999999999999527        2.8315960881784424E-005
   4.3099999999999525        2.6489812330262599E-005
   4.3199999999999523        2.4781437418923523E-005
   4.3299999999999521        2.3183232134134263E-005
   4.3399999999999519        2.1688099025515946E-005
   4.3499999999999517        2.0289389638822521E-005
   4.3599999999999515        1.8980885299487467E-005
   4.3699999999999513        1.7756764463842127E-005
   4.3799999999999510        1.6611591096039788E-005
   4.3899999999999508        1.5540272068386046E-005
   4.3999999999999506        1.4538042906622933E-005
   4.4099999999999504        1.3600449861882687E-005
   4.4199999999999502        1.2723324115134813E-005
   4.4299999999999500        1.1902765247198414E-005
   4.4399999999999498        1.1135125448903231E-005
   4.4499999999999496        1.0416994498812238E-005
   4.4599999999999493        9.7451745981658718E-006
   4.4699999999999491        9.1166828654572024E-006
   4.4799999999999489        8.5287251845111726E-006
   4.4899999999999487        7.9786836219566696E-006
   4.4999999999999485        7.4641180171755788E-006
   4.5099999999999483        6.9827366504838682E-006
   4.5199999999999481        6.5324016434758162E-006
   4.5299999999999478        6.1111086734669983E-006
   4.5399999999999476        5.7169880151850546E-006
   4.5499999999999474        5.3482840084964482E-006
   4.5599999999999472        5.0033581834787505E-006
   4.5699999999999470        4.6806774180414292E-006
   4.5799999999999468        4.3788062897225756E-006
   4.5899999999999466        4.0964033201195888E-006
   4.5999999999999464        3.8322158212611589E-006
   4.6099999999999461        3.5850642976587089E-006
   4.6199999999999459        3.3538542338597970E-006
   4.6299999999999457        3.1375544930711866E-006
   4.6399999999999455        2.9352042252133823E-006
   4.6499999999999453        2.7459059314531925E-006
   4.6599999999999451        2.5688124430691397E-006
   4.6699999999999449        2.4031413132317818E-006
   4.6799999999999446        2.2481588626872503E-006
   4.6899999999999444        2.1031689130492315E-006
   4.6999999999999442        1.9675283299217090E-006
   4.7099999999999440        1.8406371268366867E-006
   4.7199999999999438        1.7219286514306621E-006
   4.7299999999999436        1.6108757807633962E-006
   4.7399999999999434        1.5069885912201366E-006
   4.7499999999999432        1.4097953613616147E-006
   4.7599999999999429        1.3188723971754342E-006
   4.7699999999999427        1.2338163998578697E-006
   4.7799999999999425        1.1542444658138650E-006
   4.7899999999999423        1.0798022008798419E-006
   4.7999999999999421        1.0101639396270170E-006
   4.8099999999999419        9.4501489955381375E-007
   4.8199999999999417        8.8406952032591912E-007
   4.8299999999999415        8.2705260369084505E-007
   4.8399999999999412        7.7371162187670961E-007
   4.8499999999999410        7.2381348286828177E-007
   4.8599999999999408        6.7713364747977293E-007
   4.8699999999999406        6.3346136522157904E-007
   4.8799999999999404        5.9260770628434266E-007
   4.8899999999999402        5.5438947015791507E-007
   4.8999999999999400        5.1863521647263184E-007
   4.9099999999999397        4.8518688236129035E-007
   4.9199999999999395        4.5389630101896007E-007
   4.9299999999999393        4.2462383105723807E-007
   4.9399999999999391        3.9723786307178192E-007
   4.9499999999999389        3.7161898640537093E-007
   4.9599999999999387        3.4765184751218642E-007
   4.9699999999999385        3.2523115338617196E-007
   4.9799999999999383        3.0425459902899182E-007
   4.9899999999999380        2.8463279092522011E-007
   4.9999999999999378        2.6627784326974901E-007
   5.0099999999999376        2.4910288453532112E-007
   5.0199999999999374        2.3303913571850085E-007
   5.0299999999999372        2.1800819588272898E-007
   5.0399999999999370        2.0395035969939500E-007
   5.0499999999999368        1.9079621766802109E-007
   5.0599999999999365        1.7849182117212177E-007
   5.0699999999999363        1.6697952085170260E-007
   5.0799999999999361        1.5621041206661642E-007
   5.0899999999999359        1.4613485002801402E-007
   5.0999999999999357        1.3671100262778730E-007
   5.1099999999999355        1.2789322736265998E-007
   5.1199999999999353        1.1964607933369107E-007
   5.1299999999999351        1.1192934379475035E-007
   5.1399999999999348        1.0471152330663996E-007
   5.1499999999999346        9.7959064461545716E-008
   5.1599999999999344        9.1638441264568492E-008
   5.1699999999999342        8.5728819900398847E-008
   5.1799999999999340        8.0201663524645882E-008
   5.1899999999999338        7.5031341061896150E-008
   5.1999999999999336        7.0189781687311566E-008
   5.2099999999999334        6.5662730685154281E-008
   5.2199999999999331        6.1427901355626132E-008
   5.2299999999999329        5.7465501574183236E-008
   5.2399999999999327        5.3761742644640512E-008
   5.2499999999999325        5.0292364137328487E-008
   5.2599999999999323        4.7047990835357937E-008
   5.2699999999999321        4.4015108171692661E-008
   5.2799999999999319        4.1177240984489264E-008
   5.2899999999999316        3.8520299035499041E-008
   5.2999999999999314        3.6038224070533334E-008
   5.3099999999999312        3.3712375307473206E-008
   5.3199999999999310        3.1538860112405623E-008
   5.3299999999999308        2.9505753867357401E-008
   5.3399999999999306        2.7601269018929820E-008
   5.3499999999999304        2.5819155422530042E-008
   5.3599999999999302        2.4155794573393847E-008
   5.3699999999999299        2.2596356084570685E-008
   5.3799999999999297        2.1140291697762968E-008
   5.3899999999999295        1.9777321569890393E-008
   5.3999999999999293        1.8503004808742272E-008
   5.4099999999999291        1.7309117539854362E-008
   5.4199999999999289        1.6193932749589189E-008
   5.4299999999999287        1.5149719995950369E-008
   5.4399999999999284        1.4170887044302214E-008
   5.4499999999999282        1.3256995288006641E-008
   5.4599999999999280        1.2403795725257119E-008
   5.4699999999999278        1.1603311197823345E-008
   5.4799999999999276        1.0853540562919030E-008
   5.4899999999999274        1.0154291930139995E-008
   5.4999999999999272        9.5003568456588861E-009
   5.5099999999999270        8.8862253135846863E-009
   5.5199999999999267        8.3140903671078444E-009
   5.5299999999999265        7.7765505192105531E-009
   5.5399999999999263        7.2769501455082664E-009
   5.5499999999999261        6.8071476102813869E-009
   5.5599999999999259        6.3687876884227735E-009
   5.5699999999999257        5.9578132685300595E-009
   5.5799999999999255        5.5736760923056356E-009
   5.5899999999999253        5.2124835258364265E-009
   5.5999999999999250        4.8771961639295578E-009
   5.6099999999999248        4.5622765977791113E-009
   5.6199999999999246        4.2680537823636552E-009
   5.6299999999999244        3.9929103557052278E-009
   5.6399999999999242        3.7372026856972762E-009
   5.6499999999999240        3.4957223185124497E-009
   5.6599999999999238        3.2675646279596854E-009
   5.6699999999999235        3.0571705062496674E-009
   5.6799999999999233        2.8610311002776601E-009
   5.6899999999999231        2.6793383004478226E-009
   5.6999999999999229        2.5035392773173568E-009
   5.7099999999999227        2.3418304924356104E-009
   5.7199999999999225        2.1901000085704718E-009
   5.7299999999999223        2.0491153873385993E-009
   5.7399999999999221        1.9199457324203462E-009
   5.7499999999999218        1.7943123435217139E-009
   5.7599999999999216        1.6786572556396856E-009
   5.7699999999999214        1.5713356938814161E-009
   5.7799999999999212        1.4684550243338346E-009
   5.7899999999999210        1.3737159905058454E-009
   5.7999999999999208        1.2861865532915018E-009
   5.8099999999999206        1.2030980082878459E-009
   5.8199999999999203        1.1250260267073737E-009
   5.8299999999999201        1.0543555321447118E-009
   5.8399999999999199        9.8330125677372009E-010
   5.8499999999999197        9.1871642931459321E-010
   5.8599999999999195        8.6079294017149672E-010
   5.8699999999999193        8.0380149013434693E-010
   5.8799999999999191        7.5533545662512113E-010
   5.8899999999999189        7.0536171279745183E-010
   5.8999999999999186        6.6040453239296603E-010
   5.9099999999999184        6.1838053388072423E-010
   5.9199999999999182        5.7953643349465338E-010
   5.9299999999999180        5.4104870100203285E-010
   5.9399999999999178        5.0516519542308678E-010
   5.9499999999999176        4.7350327873578110E-010
   5.9599999999999174        4.4447300187703110E-010
   5.9699999999999172        4.1522342169923440E-010
   5.9799999999999169        3.8745413892500045E-010
   5.9899999999999167        3.6341301257455308E-010
   5.9999999999999165        3.4066029322350216E-010
   6.0099999999999163        3.1790757387245144E-010
   6.0199999999999161        2.9531933201068544E-010
   6.0299999999999159        2.7607546576437517E-010
   6.0399999999999157        2.5943582643173926E-010
   6.0499999999999154        2.4222051588660691E-010
   6.0599999999999152        2.2870594885038051E-010
   6.0699999999999150        2.1277904530464501E-010
   6.0799999999999148        1.9910000077913387E-010
   6.0899999999999146        1.8522906584945712E-010
   6.0999999999999144        1.7431872572690516E-010
   6.1099999999999142        1.6412112139125355E-010
   6.1199999999999140        1.5227874216275487E-010
   6.1299999999999137        1.4339695774138085E-010
   6.1399999999999135        1.3451517332000688E-010
   6.1499999999999133        1.2453687230340147E-010
   6.1599999999999131        1.1507941666953103E-010
   6.1699999999999129        1.0841807835350057E-010
   6.1799999999999127        1.0101659133568890E-010
   6.1899999999999125        9.6959479933332878E-011
   6.1999999999999122        8.9914360808971355E-011
   6.2099999999999120        8.2896654599490632E-011
   6.2199999999999118        7.7167355389406797E-011
   6.2299999999999116        7.1794424072773179E-011
   6.2399999999999114        6.9765868371595175E-011
   6.2499999999999112        6.3844678757345846E-011
   6.2599999999999110        6.1624232652002348E-011
   6.2699999999999108        5.6991450037149837E-011
   6.2799999999999105        5.1810409124681648E-011
   6.2899999999999103        4.8109665615775811E-011
   6.2999999999999101        4.5149070808651146E-011
   6.3099999999999099        4.2928624703307648E-011
   6.3199999999999097        3.9968029896182984E-011
   6.3299999999999095        3.8131364599170455E-011
   6.3399999999999093        3.4430621090264631E-011
   6.3499999999999091        3.0537987177193306E-011
   6.3599999999999088        2.9962315964696848E-011
   6.3699999999999086        2.7385501965903156E-011
   6.3799999999999084        2.8673908965300000E-011
   6.3899999999999082        2.4973165456394166E-011
   6.3999999999999080        2.3876648861162814E-011
   6.4099999999999078        2.2752719351050671E-011
   6.4199999999999076        2.1656202755819312E-011
   6.4299999999999073        1.9051975842144841E-011
   6.4399999999999071        1.7215310545132316E-011
   6.4499999999999069        1.7407200949297804E-011
   6.4599999999999067        1.7023420140966827E-011
   6.4699999999999065        1.4802974035623329E-011
   6.4799999999999063        1.4254715738007649E-011
   6.4899999999999061        1.4062825333842161E-011
   6.4999999999999059        1.2774418334445314E-011
   6.5099999999999056        1.2774418334445314E-011
   6.5199999999999054        9.6219331231551628E-012
   6.5299999999999052        8.1416357195928306E-012
   6.5399999999999050        8.1416357195928306E-012
   6.5499999999999048        8.4980036130430219E-012
   6.5599999999999046        9.6219331231551628E-012
   6.5699999999999044        8.1416357195928306E-012
   6.5799999999999041        7.2095966136461762E-012
   6.5899999999999039        6.2775575076995211E-012
   6.5999999999999037        7.0451191243614724E-012
   6.6099999999999035        7.0451191243614724E-012
   6.6199999999999033        4.6327826148524858E-012
   6.6299999999999031        4.8246730190179740E-012
   6.6399999999999029        5.7292992100838432E-012
   6.6499999999999027        3.7007435089058322E-012
   6.6599999999999024        2.4123365095089870E-012
   6.6699999999999022        3.3169627005748570E-012
   6.6799999999999020        2.2204461053434996E-012
   6.6899999999999018        4.0845243172368079E-012
   6.6999999999999016        2.9605948071246657E-012
   6.7099999999999014        2.9605948071246657E-012
   6.7199999999999012        2.9605948071246657E-012
   6.7299999999999010        1.2884069993968454E-012
   6.7399999999999007        3.7007435089058322E-012
   6.7499999999999005        2.6042269136744744E-012
   6.7599999999999003        3.8926339130713197E-012
   6.7699999999999001        2.4123365095089870E-012
   6.7799999999998999        1.4802974035623329E-012
   6.7899999999998997        7.4014870178116663E-013
   6.7999999999998995        7.4014870178116663E-013
   6.8099999999998992        1.4802974035623329E-012
   6.8199999999998990        1.4802974035623329E-012
   6.8299999999998988        1.4802974035623329E-012
   6.8399999999998986        5.4825829761567880E-013
   6.8499999999998984        1.9189040416548768E-013
   6.8599999999998982        3.5636789345019128E-013
   6.8699999999998980        3.8378080833097520E-013
   6.8799999999998978        2.2204461053434992E-012
   6.8899999999998975        1.9189040416548768E-013
   6.8999999999998973        5.4825829761567880E-013
   6.9099999999998971        9.3203910594665415E-013
   6.9199999999998969        1.1239295101121418E-012
   6.9299999999998967        0.0000000000000000     
   6.9399999999998965        3.8378080833097520E-013
   6.9499999999998963        1.2884069993968452E-012
   6.9599999999998960        1.1239295101121418E-012
   6.9699999999998958        3.8378080833097520E-013
   6.9799999999998956        9.3203910594665415E-013
   6.9899999999998954        1.1239295101121418E-012
   6.9999999999998952        9.3203910594665415E-013
   7.0099999999998950        1.1239295101121418E-012
   7.0199999999998948       -7.4014870178116643E-013
   7.0299999999998946       -7.4014870178116643E-013
   7.0399999999998943       -7.4014870178116643E-013
   7.0499999999998941        0.0000000000000000     
   7.0599999999998939        1.2884069993968452E-012
   7.0699999999998937        0.0000000000000000     
   7.0799999999998935        0.0000000000000000     
   7.0899999999998933        0.0000000000000000     
   7.0999999999998931        1.2884069993968452E-012
   7.1099999999998929        1.1239295101121418E-012
   7.1199999999998926        0.0000000000000000     
   7.1299999999998924        0.0000000000000000     
   7.1399999999998922        0.0000000000000000     
   7.1499999999998920       -7.4014870178116643E-013
   7.1599999999998918       -7.4014870178116643E-013
   7.1699999999998916        0.0000000000000000     
   7.1799999999998914       -7.4014870178116643E-013
   7.1899999999998911        0.0000000000000000     
   7.1999999999998909        0.0000000000000000     
   7.2099999999998907        0.0000000000000000     
   7.2199999999998905        0.0000000000000000     
   7.2299999999998903       -7.4014870178116643E-013
   7.2399999999998901        0.0000000000000000     
   7.2499999999998899        0.0000000000000000     
   7.2599999999998897        1.1239295101121418E-012
   7.2699999999998894        0.0000000000000000     
   7.2799999999998892        0.0000000000000000     
   7.2899999999998890       -7.4014870178116643E-013
   7.2999999999998888       -7.4014870178116643E-013
   7.3099999999998886        0.0000000000000000     
   7.3199999999998884        0.0000000000000000     
   7.3299999999998882        0.0000000000000000     
   7.3399999999998879        0.0000000000000000     
   7.3499999999998877        0.0000000000000000     
   7.3599999999998875        0.0000000000000000     
   7.3699999999998873        0.0000000000000000     
   7.3799999999998871        0.0000000000000000     
   7.3899999999998869        0.0000000000000000     
   7.3999999999998867        0.0000000000000000     
   7.4099999999998865        0.0000000000000000     
   7.4199999999998862        0.0000000000000000     
   7.4299999999998860        0.0000000000000000     
   7.4399999999998858        0.0000000000000000     
   7.4499999999998856        0.0000000000000000     
   7.4599999999998854        0.0000000000000000     
   7.4699999999998852        0.0000000000000000     
   7.4799999999998850        0.0000000000000000     
   7.4899999999998847        0.0000000000000000     
   7.4999999999998845        0.0000000000000000     
   7.5099999999998843        0.0000000000000000     
   7.5199999999998841        0.0000000000000000     
   7.5299999999998839        0.0000000000000000     
   7.5399999999998837        0.0000000000000000     
   7.5499999999998835        0.0000000000000000     
   7.5599999999998833        0.0000000000000000     
   7.5699999999998830        0.0000000000000000     
   7.5799999999998828        0.0000000000000000     
   7.5899999999998826        0.0000000000000000     
   7.5999999999998824        0.0000000000000000     
   7.6099999999998822        0.0000000000000000     
   7.6199999999998820        0.0000000000000000     
   7.6299999999998818        0.0000000000000000     
   7.6399999999998816        0.0000000000000000     
   7.6499999999998813        0.0000000000000000     
   7.6599999999998811        0.0000000000000000     
   7.6699999999998809        0.0000000000000000     
   7.6799999999998807        0.0000000000000000     
   7.6899999999998805        0.0000000000000000     
   7.6999999999998803        0.0000000000000000     
   7.7099999999998801        0.0000000000000000     
   7.7199999999998798        0.0000000000000000     
   7.7299999999998796        0.0000000000000000     
   7.7399999999998794        0.0000000000000000     
   7.7499999999998792        0.0000000000000000     
   7.7599999999998790        0.0000000000000000     
   7.7699999999998788        0.0000000000000000     
   7.7799999999998786        0.0000000000000000     
   7.7899999999998784        0.0000000000000000     
   7.7999999999998781        0.0000000000000000     
   7.8099999999998779        0.0000000000000000     
   7.8199999999998777        0.0000000000000000     
   7.8299999999998775        0.0000000000000000     
   7.8399999999998773        0.0000000000000000     
   7.8499999999998771        0.0000000000000000     
   7.8599999999998769        0.0000000000000000     
   7.8699999999998766        0.0000000000000000     
   7.8799999999998764        0.0000000000000000     
   7.8899999999998762        0.0000000000000000     
   7.8999999999998760        0.0000000000000000     
   7.9099999999998758        0.0000000000000000     
   7.9199999999998756        0.0000000000000000     
   7.9299999999998754        0.0000000000000000     
   7.9399999999998752        0.0000000000000000     
   7.9499999999998749        0.0000000000000000     
   7.9599999999998747        0.0000000000000000     
   7.9699999999998745        0.0000000000000000     
   7.9799999999998743        0.0000000000000000     
   7.9899999999998741        0.0000000000000000     
   7.9999999999998739        0.0000000000000000     
   8.0099999999998737        0.0000000000000000     
   8.0199999999998735        0.0000000000000000     
   8.0299999999998732        0.0000000000000000     
   8.0399999999998730        0.0000000000000000     
   8.0499999999998728        0.0000000000000000     
   8.0599999999998726        0.0000000000000000     
   8.0699999999998724        0.0000000000000000     
   8.0799999999998722        0.0000000000000000     
   8.0899999999998720        0.0000000000000000     
   8.0999999999998717        0.0000000000000000     
   8.1099999999998715        0.0000000000000000     
   8.1199999999998713        0.0000000000000000     
   8.1299999999998711        0.0000000000000000     
   8.1399999999998709        0.0000000000000000     
   8.1499999999998707        0.0000000000000000     
   8.1599999999998705        0.0000000000000000     
   8.1699999999998703        0.0000000000000000     
   8.1799999999998700        0.0000000000000000     
   8.1899999999998698        0.0000000000000000     
   8.1999999999998696        0.0000000000000000     
   8.2099999999998694        0.0000000000000000     
   8.2199999999998692        0.0000000000000000     
   8.2299999999998690        0.0000000000000000     
   8.2399999999998688        0.0000000000000000     
   8.2499999999998685        0.0000000000000000     
   8.2599999999998683        0.0000000000000000     
   8.2699999999998681        0.0000000000000000     
   8.2799999999998679        0.0000000000000000     
   8.2899999999998677        0.0000000000000000     
   8.2999999999998675        0.0000000000000000     
   8.3099999999998673        0.0000000000000000     
   8.3199999999998671        0.0000000000000000     
   8.3299999999998668        0.0000000000000000     
   8.3399999999998666        0.0000000000000000     
   8.3499999999998664        0.0000000000000000     
   8.3599999999998662        0.0000000000000000     
   8.3699999999998660        0.0000000000000000     
   8.3799999999998658        0.0000000000000000     
   8.3899999999998656        0.0000000000000000     
   8.3999999999998654        0.0000000000000000     
   8.4099999999998651        0.0000000000000000     
   8.4199999999998649        0.0000000000000000     
   8.4299999999998647        0.0000000000000000     
   8.4399999999998645        0.0000000000000000     
   8.4499999999998643        0.0000000000000000     
   8.4599999999998641        0.0000000000000000     
   8.4699999999998639        0.0000000000000000     
   8.4799999999998636        0.0000000000000000     
   8.4899999999998634        0.0000000000000000     
   8.4999999999998632        0.0000000000000000     
   8.5099999999998630        0.0000000000000000     
   8.5199999999998628        0.0000000000000000     
   8.5299999999998626        0.0000000000000000     
   8.5399999999998624        0.0000000000000000     
   8.5499999999998622        0.0000000000000000     
   8.5599999999998619        0.0000000000000000     
   8.5699999999998617        0.0000000000000000     
   8.5799999999998615        0.0000000000000000     
   8.5899999999998613        0.0000000000000000     
   8.5999999999998611        0.0000000000000000     
   8.6099999999998609        0.0000000000000000     
   8.6199999999998607        0.0000000000000000     
   8.6299999999998604        0.0000000000000000     
   8.6399999999998602        0.0000000000000000     
   8.6499999999998600        0.0000000000000000     
   8.6599999999998598        0.0000000000000000     
   8.6699999999998596        0.0000000000000000     
   8.6799999999998594        0.0000000000000000     
   8.6899999999998592        0.0000000000000000     
   8.6999999999998590        0.0000000000000000     
   8.7099999999998587        0.0000000000000000     
   8.7199999999998585        0.0000000000000000     
   8.7299999999998583        0.0000000000000000     
   8.7399999999998581        0.0000000000000000     
   8.7499999999998579        0.0000000000000000     
   8.7599999999998577        0.0000000000000000     
   8.7699999999998575        0.0000000000000000     
   8.7799999999998573        0.0000000000000000     
   8.7899999999998570        0.0000000000000000     
   8.7999999999998568        0.0000000000000000     
   8.8099999999998566        0.0000000000000000     
   8.8199999999998564        0.0000000000000000     
   8.8299999999998562        0.0000000000000000     
   8.8399999999998560        0.0000000000000000     
   8.8499999999998558        0.0000000000000000     
   8.8599999999998555        0.0000000000000000     
   8.8699999999998553        0.0000000000000000     
   8.8799999999998551        0.0000000000000000     
   8.8899999999998549        0.0000000000000000     
   8.8999999999998547        0.0000000000000000     
   8.9099999999998545        0.0000000000000000     
   8.9199999999998543        0.0000000000000000     
   8.9299999999998541        0.0000000000000000     
   8.9399999999998538        0.0000000000000000     
   8.9499999999998536        0.0000000000000000     
   8.9599999999998534        0.0000000000000000     
   8.9699999999998532        0.0000000000000000     
   8.9799999999998530        0.0000000000000000     
   8.9899999999998528        0.0000000000000000     
   8.9999999999998526        0.0000000000000000     
   9.0099999999998523        0.0000000000000000     
   9.0199999999998521        0.0000000000000000     
   9.0299999999998519        0.0000000000000000     
   9.0399999999998517        0.0000000000000000     
   9.0499999999998515        0.0000000000000000     
   9.0599999999998513        0.0000000000000000     
   9.0699999999998511        0.0000000000000000     
   9.0799999999998509        0.0000000000000000     
   9.0899999999998506        0.0000000000000000     
   9.0999999999998504        0.0000000000000000     
   9.1099999999998502        0.0000000000000000     
   9.1199999999998500        0.0000000000000000     
   9.1299999999998498        0.0000000000000000     
   9.1399999999998496        0.0000000000000000     
   9.1499999999998494        0.0000000000000000     
   9.1599999999998492        0.0000000000000000     
   9.1699999999998489        0.0000000000000000     
   9.1799999999998487        0.0000000000000000     
   9.1899999999998485        0.0000000000000000     
   9.1999999999998483        0.0000000000000000     
   9.2099999999998481        0.0000000000000000     
   9.2199999999998479        0.0000000000000000     
   9.2299999999998477        0.0000000000000000     
   9.2399999999998474        0.0000000000000000     
   9.2499999999998472        0.0000000000000000     
   9.2599999999998470        0.0000000000000000     
   9.2699999999998468        0.0000000000000000     
   9.2799999999998466        0.0000000000000000     
   9.2899999999998464        0.0000000000000000     
   9.2999999999998462        0.0000000000000000     
   9.3099999999998460        0.0000000000000000     
   9.3199999999998457        0.0000000000000000     
   9.3299999999998455        0.0000000000000000     
   9.3399999999998453        0.0000000000000000     
   9.3499999999998451        0.0000000000000000     
   9.3599999999998449        0.0000000000000000     
   9.3699999999998447        0.0000000000000000     
   9.3799999999998445        0.0000000000000000     
   9.3899999999998442        0.0000000000000000     
   9.3999999999998440        0.0000000000000000     
   9.4099999999998438        0.0000000000000000     
   9.4199999999998436        0.0000000000000000     
   9.4299999999998434        0.0000000000000000     
   9.4399999999998432        0.0000000000000000     
   9.4499999999998430        0.0000000000000000     
   9.4599999999998428        0.0000000000000000     
   9.4699999999998425        0.0000000000000000     
   9.4799999999998423        0.0000000000000000     
   9.4899999999998421        0.0000000000000000     
   9.4999999999998419        0.0000000000000000     
   9.5099999999998417        0.0000000000000000     
   9.5199999999998415        0.0000000000000000     
   9.5299999999998413        0.0000000000000000     
   9.5399999999998411        0.0000000000000000     
   9.5499999999998408        0.0000000000000000     
   9.5599999999998406        0.0000000000000000     
   9.5699999999998404        0.0000000000000000     
   9.5799999999998402        0.0000000000000000     
   9.5899999999998400        0.0000000000000000     
   9.5999999999998398        0.0000000000000000     
   9.6099999999998396        0.0000000000000000     
   9.6199999999998393        0.0000000000000000     
   9.6299999999998391        0.0000000000000000     
   9.6399999999998389        0.0000000000000000     
   9.6499999999998387        0.0000000000000000     
   9.6599999999998385        0.0000000000000000     
   9.6699999999998383        0.0000000000000000     
   9.6799999999998381        0.0000000000000000     
   9.6899999999998379        0.0000000000000000     
   9.6999999999998376        0.0000000000000000     
   9.7099999999998374        0.0000000000000000     
   9.7199999999998372        0.0000000000000000     
   9.7299999999998370        0.0000000000000000     
   9.7399999999998368        0.0000000000000000     
   9.7499999999998366        0.0000000000000000     
   9.7599999999998364        0.0000000000000000     
   9.7699999999998361        0.0000000000000000     
   9.7799999999998359        0.0000000000000000     
   9.7899999999998357        0.0000000000000000     
   9.7999999999998355        0.0000000000000000     
   9.8099999999998353        0.0000000000000000     
   9.8199999999998351        0.0000000000000000     
   9.8299999999998349        0.0000000000000000     
   9.8399999999998347        0.0000000000000000     
   9.8499999999998344        0.0000000000000000     
   9.8599999999998342        0.0000000000000000     
   9.8699999999998340        0.0000000000000000     
   9.8799999999998338        0.0000000000000000     
   9.8899999999998336        0.0000000000000000     
   9.8999999999998334        0.0000000000000000     
   9.9099999999998332        0.0000000000000000     
   9.9199999999998330        0.0000000000000000     
   9.9299999999998327        0.0000000000000000     
   9.9399999999998325        0.0000000000000000     
   9.9499999999998323        0.0000000000000000     
   9.9599999999998321        0.0000000000000000     
   9.9699999999998319        0.0000000000000000     
   9.9799999999998317        0.0000000000000000     
   9.9899999999998315        0.0000000000000000     
   9.9999999999998312        0.0000000000000000     
