   0.0000000000000000       0.51999744558607697     
   1.0000000000000000E-002  0.51989768836010630     
   2.0000000000000000E-002  0.51959853738386363     
   2.9999999999999999E-002  0.51910035418042577     
   4.0000000000000001E-002  0.51840373936335082     
   5.0000000000000003E-002  0.51750952978729492     
   6.0000000000000005E-002  0.51641879463835971     
   7.0000000000000007E-002  0.51513283054060321     
   8.0000000000000002E-002  0.51365315577030568     
   8.9999999999999997E-002  0.51198150369338413     
   9.9999999999999992E-002  0.51011981554514707     
  0.10999999999999999       0.50807023269006890     
  0.11999999999999998       0.50583508850213366     
  0.12999999999999998       0.50341690000798489     
  0.13999999999999999       0.50081835944308362     
  0.14999999999999999       0.49804232585312380     
  0.16000000000000000       0.49509181688382881     
  0.17000000000000001       0.49197000087525578     
  0.18000000000000002       0.48868018937551805     
  0.19000000000000003       0.48522583016307919     
  0.20000000000000004       0.48161050086280094     
  0.21000000000000005       0.47783790320004316     
  0.22000000000000006       0.47391185793929375     
  0.23000000000000007       0.46983630051599429     
  0.24000000000000007       0.46561527735456887     
  0.25000000000000006       0.46125294284457324     
  0.26000000000000006       0.45675355692679037     
  0.27000000000000007       0.45212148321936574     
  0.28000000000000008       0.44736118760168742     
  0.29000000000000009       0.44247723715680198     
  0.30000000000000010       0.43747429936188792     
  0.31000000000000011       0.43235714140513576     
  0.32000000000000012       0.42713062950851749     
  0.33000000000000013       0.42179972812553018     
  0.34000000000000014       0.41636949888847158     
  0.35000000000000014       0.41084509918017159     
  0.36000000000000015       0.40523178021978756     
  0.37000000000000016       0.39953488454890540     
  0.38000000000000017       0.39375984282959775     
  0.39000000000000018       0.38791216987028293     
  0.40000000000000019       0.38199745981763750     
  0.41000000000000020       0.37602138046745093     
  0.42000000000000021       0.36998966666467475     
  0.43000000000000022       0.36390811278345436     
  0.44000000000000022       0.35778256429456823     
  0.45000000000000023       0.35161890845055493     
  0.46000000000000024       0.34542306412860668     
  0.47000000000000025       0.33920097089394891     
  0.48000000000000026       0.33295857736005396     
  0.49000000000000027       0.32670182893451138     
  0.50000000000000022       0.32043665504624752     
  0.51000000000000023       0.31416895597166528     
  0.52000000000000024       0.30790458936579312     
  0.53000000000000025       0.30164935662990139     
  0.54000000000000026       0.29540898923059927     
  0.55000000000000027       0.28918913509567989     
  0.56000000000000028       0.28299534521604269     
  0.57000000000000028       0.27683306056639506     
  0.58000000000000029       0.27070759945493028     
  0.59000000000000030       0.26462414541883761     
  0.60000000000000031       0.25858773575568533     
  0.61000000000000032       0.25260325078116047     
  0.62000000000000033       0.24667540389975048     
  0.63000000000000034       0.24080873254375240     
  0.64000000000000035       0.23500759004550281     
  0.65000000000000036       0.22927613849140999     
  0.66000000000000036       0.22361834258088706     
  0.67000000000000037       0.21803796452068649     
  0.68000000000000038       0.21253855996327892     
  0.69000000000000039       0.20712347498995251     
  0.70000000000000040       0.20179584412884202     
  0.71000000000000041       0.19655858938822932     
  0.72000000000000042       0.19141442027922762     
  0.73000000000000043       0.18636583479459426     
  0.74000000000000044       0.18141512129308016     
  0.75000000000000044       0.17656436125817335     
  0.76000000000000045       0.17181543285569945     
  0.77000000000000046       0.16717001525934222     
  0.78000000000000047       0.16262959365986854     
  0.79000000000000048       0.15819546491708061     
  0.80000000000000049       0.15386874377448601     
  0.81000000000000050       0.14965036958139280     
  0.82000000000000051       0.14554111345953280     
  0.83000000000000052       0.14154158584207946     
  0.84000000000000052       0.13765224433130632     
  0.85000000000000053       0.13387340181259746     
  0.86000000000000054       0.13020523476229423     
  0.87000000000000055       0.12664779169708909     
  0.88000000000000056       0.12320100171322430     
  0.89000000000000057       0.11986468306314270     
  0.90000000000000058       0.11663855172393589     
  0.91000000000000059       0.11352222991492736     
  0.92000000000000060       0.11051525451868056     
  0.93000000000000060       0.10761708538907820     
  0.94000000000000061       0.10482711348015698     
  0.95000000000000062       0.10214466880694764     
  0.96000000000000063        9.9569028168961154E-002
  0.97000000000000064        9.7099422655276074E-002
  0.98000000000000065        9.4735044884933436E-002
  0.99000000000000066        9.2475055964835129E-002
   1.0000000000000007        9.0318592178384921E-002
   1.0100000000000007        8.8264771356058577E-002
   1.0200000000000007        8.6312698949611896E-002
   1.0300000000000007        8.4461473788053021E-002
   1.0400000000000007        8.2710193512986030E-002
   1.0500000000000007        8.1057959691297504E-002
   1.0600000000000007        7.9503882606091439E-002
   1.0700000000000007        7.8047085723685267E-002
   1.0800000000000007        7.6686709833302544E-002
   1.0900000000000007        7.5421916878685949E-002
   1.1000000000000008        7.4251893459288260E-002
   1.1100000000000008        7.3175854032902818E-002
   1.1200000000000008        7.2193043803442603E-002
   1.1300000000000008        7.1302741314311857E-002
   1.1400000000000008        7.0504260739015293E-002
   1.1500000000000008        6.9796953895239933E-002
   1.1600000000000008        6.9180211967044075E-002
   1.1700000000000008        6.8653466959516754E-002
   1.1800000000000008        6.8216192887531821E-002
   1.1900000000000008        6.7867906701406869E-002
   1.2000000000000008        6.7608168961932461E-002
   1.2100000000000009        6.7436584273352307E-002
   1.2200000000000009        6.7352801480119365E-002
   1.2300000000000009        6.7356513632657308E-002
   1.2400000000000009        6.7447457733818217E-002
   1.2500000000000009        6.7625414269697079E-002
   1.2600000000000009        6.7890206538618256E-002
   1.2700000000000009        6.8241699781515744E-002
   1.2800000000000009        6.8679800119161832E-002
   1.2900000000000009        6.9204453309080399E-002
   1.3000000000000009        6.9815643333425562E-002
   1.3100000000000009        7.0513390814713875E-002
   1.3200000000000010        7.1297751276570828E-002
   1.3300000000000010        7.2168813256228440E-002
   1.3400000000000010        7.3126696278025136E-002
   1.3500000000000010        7.4171548690383338E-002
   1.3600000000000010        7.5303545386699436E-002
   1.3700000000000010        7.6522885407796531E-002
   1.3800000000000010        7.7829789441366454E-002
   1.3900000000000010        7.9224497223465210E-002
   1.4000000000000010        8.0707264860469946E-002
   1.4100000000000010        8.2278362063239172E-002
   1.4200000000000010        8.3938069325693448E-002
   1.4300000000000010        8.5686675029709822E-002
   1.4400000000000011        8.7524472513653487E-002
   1.4500000000000011        8.9451757088817571E-002
   1.4600000000000011        9.1468823022515508E-002
   1.4700000000000011        9.3575960500435387E-002
   1.4800000000000011        9.5773452564706221E-002
   1.4900000000000011        9.8061572032953973E-002
   1.5000000000000011       0.10044057842209929     
   1.5100000000000011       0.10291071485571493     
   1.5200000000000011       0.10547220497951741     
   1.5300000000000011       0.10812524987875775     
   1.5400000000000011       0.11087002499685186     
   1.5500000000000012       0.11370667707060320     
   1.5600000000000012       0.11663532105822208     
   1.5700000000000012       0.11965603708994783     
   1.5800000000000012       0.12276886741144656     
   1.5900000000000012       0.12597381334029945     
   1.6000000000000012       0.12927083221866664     
   1.6100000000000012       0.13265983437276987     
   1.6200000000000012       0.13614068006369931     
   1.6300000000000012       0.13971317644474437     
   1.6400000000000012       0.14337707450069392     
   1.6500000000000012       0.14713206600214476     
   1.6600000000000013       0.15097778044115592     
   1.6700000000000013       0.15491378197569561     
   1.6800000000000013       0.15893956638089973     
   1.6900000000000013       0.16305455800486823     
   1.7000000000000013       0.16725810675734251     
   1.7100000000000013       0.17154948511928519     
   1.7200000000000013       0.17592788521169947     
   1.7300000000000013       0.18039241591702651     
   1.7400000000000013       0.18494210010202494     
   1.7500000000000013       0.18957587192124500     
   1.7600000000000013       0.19429257427347985     
   1.7700000000000014       0.19909095640245048     
   1.7800000000000014       0.20396967168129340     
   1.7900000000000014       0.20892727560123470     
   1.8000000000000014       0.21396222400881565     
   1.8100000000000014       0.21907287160070466     
   1.8200000000000014       0.22425747070116342     
   1.8300000000000014       0.22951417036478111     
   1.8400000000000014       0.23484101579665015     
   1.8500000000000014       0.24023594812404389     
   1.8600000000000014       0.24569680452488762     
   1.8700000000000014       0.25122131870507158     
   1.8800000000000014       0.25680712173483350     
   1.8900000000000015       0.26245174322592341     
   1.9000000000000015       0.26815261282717012     
   1.9100000000000015       0.27390706201317411     
   1.9200000000000015       0.27971232612829661     
   1.9300000000000015       0.28556554663037920     
   1.9400000000000015       0.29146377349761160     
   1.9500000000000015       0.29740396771064770     
   1.9600000000000015       0.30338300375153909     
   1.9700000000000015       0.30939767204807689     
   1.9800000000000015       0.31544468126268727     
   1.9900000000000015       0.32152066034794818     
   2.0000000000000013       0.32762216028138785     
   2.0100000000000011       0.33374565538599249     
   2.0200000000000009       0.33988754414286243     
   2.0300000000000007       0.34604414942430367     
   2.0400000000000005       0.35221171805672924     
   2.0500000000000003       0.35838641964790729     
   2.0600000000000001       0.36456434462340104     
   2.0699999999999998       0.37074150142198165     
   2.0799999999999996       0.37691381281563557     
   2.0899999999999994       0.38307711135473038     
   2.0999999999999992       0.38922713392482527     
   2.1099999999999990       0.39535951545903825     
   2.1199999999999988       0.40146978184509197     
   2.1299999999999986       0.40755334209821342     
   2.1399999999999983       0.41360547989979518     
   2.1499999999999981       0.41962134461925549     
   2.1599999999999979       0.42559594195278666     
   2.1699999999999977       0.43152412435681087     
   2.1799999999999975       0.43740058145207578     
   2.1899999999999973       0.44321983059896980     
   2.1999999999999971       0.44897620788770698     
   2.2099999999999969       0.45466385974706819     
   2.2199999999999966       0.46027673545167147     
   2.2299999999999964       0.46580858076466891     
   2.2399999999999962       0.47125293298305543     
   2.2499999999999960       0.47660311763149227     
   2.2599999999999958       0.48185224709230579     
   2.2699999999999956       0.48699322137075984     
   2.2799999999999954       0.49201873127144596     
   2.2899999999999952       0.49692126416009225     
   2.2999999999999949       0.50169311252592153     
   2.3099999999999947       0.50632638548986464     
   2.3199999999999945       0.51081302338853429     
   2.3299999999999943       0.51514481553143343     
   2.3399999999999941       0.51931342116994428     
   2.3499999999999939       0.52331039370053267     
   2.3599999999999937       0.52712720805262148     
   2.3699999999999934       0.53075529119191422     
   2.3799999999999932       0.53418605559411425     
   2.3899999999999930       0.53741093552760255     
   2.3999999999999928       0.54042142590503583     
   2.4099999999999926       0.54320912345117123     
   2.4199999999999924       0.54576576987034020     
   2.4299999999999922       0.54808329666069600     
   2.4399999999999920       0.55015387119417558     
   2.4499999999999917       0.55196994366528074     
   2.4599999999999915       0.55352429443518325     
   2.4699999999999913       0.55481008135200915     
   2.4799999999999911       0.55582088656143291     
   2.4899999999999909       0.55655076232803757     
   2.4999999999999907       0.55699427540559654     
   2.5099999999999905       0.55714654949027775     
   2.5199999999999902       0.55700330528656372     
   2.5299999999999900       0.55656089779344942     
   2.5399999999999898       0.55581635036500254     
   2.5499999999999896       0.55476738519601976     
   2.5599999999999894       0.55341244990495964     
   2.5699999999999892       0.55175073990508927     
   2.5799999999999890       0.54978221632638924     
   2.5899999999999888       0.54750761929542580     
   2.5999999999999885       0.54492847640953113     
   2.6099999999999883       0.54204710633218722     
   2.6199999999999881       0.53886661744507691     
   2.6299999999999879       0.53539090158024438     
   2.6399999999999877       0.53162462288899903     
   2.6499999999999875       0.52757320195732305     
   2.6599999999999873       0.52324279532016060     
   2.6699999999999871       0.51864027058540219     
   2.6799999999999868       0.51377317740233364     
   2.6899999999999866       0.50864971455536523     
   2.6999999999999864       0.50327869349484833     
   2.7099999999999862       0.49766949863604854     
   2.7199999999999860       0.49183204480141707     
   2.7299999999999858       0.48577673218174694     
   2.7399999999999856       0.47951439919624006     
   2.7499999999999853       0.47305627367786229     
   2.7599999999999851       0.46641392276651178     
   2.7699999999999849       0.45959920192813719     
   2.7799999999999847       0.45262420349903737     
   2.7899999999999845       0.44550120514749969     
   2.7999999999999843       0.43824261859732511     
   2.8099999999999841       0.43086093904289924     
   2.8199999999999839       0.42336869552028938     
   2.8299999999999836       0.41577840260854093     
   2.8399999999999834       0.40810251371258566     
   2.8499999999999832       0.40035337622933886     
   2.8599999999999830       0.39254318882475248     
   2.8699999999999828       0.38468396100354996     
   2.8799999999999826       0.37678747519439493     
   2.8899999999999824       0.36886525147533739     
   2.8999999999999821       0.36092851505184348     
   2.9099999999999819       0.35298816660956284     
   2.9199999999999817       0.34505475554866200     
   2.9299999999999815       0.33713845620150162     
   2.9399999999999813       0.32924904697382196     
   2.9499999999999811       0.32139589243717226     
   2.9599999999999809       0.31358792831535226     
   2.9699999999999807       0.30583364928854301     
   2.9799999999999804       0.29814109958053381     
   2.9899999999999802       0.29051786614828595     
   2.9999999999999800       0.28297107446481096     
   3.0099999999999798       0.27550738666575714     
   3.0199999999999796       0.26813300199686962     
   3.0299999999999794       0.26085365939562982     
   3.0399999999999792       0.25367464203853662     
   3.0499999999999790       0.24660078370389099     
   3.0599999999999787       0.23963647680405412     
   3.0699999999999785       0.23278568193599694     
   3.0799999999999783       0.22605193874353116     
   3.0899999999999781       0.21943837798016996     
   3.0999999999999779       0.21294773460301725     
   3.1099999999999777       0.20658236175294206     
   3.1199999999999775       0.20034424544346061     
   3.1299999999999772       0.19423501988455605     
   3.1399999999999770       0.18825598325173748     
   3.1499999999999768       0.18240811379545974     
   3.1599999999999766       0.17669208619218615     
   3.1699999999999764       0.17110828800888717     
   3.1799999999999762       0.16565683618522001     
   3.1899999999999760       0.16033759344775109     
   3.1999999999999758       0.15515018457982321     
   3.2099999999999755       0.15009401246139967     
   3.2199999999999753       0.14516827380679187     
   3.2299999999999751       0.14037197456868852     
   3.2399999999999749       0.13570394494231314     
   3.2499999999999747       0.13116285390764640     
   3.2599999999999745       0.12674722331799254     
   3.2699999999999743       0.12245544146133974     
   3.2799999999999740       0.11828577609095256     
   3.2899999999999738       0.11423638692938889     
   3.2999999999999736       0.11030533756406069     
   3.3099999999999734       0.10649060681506790     
   3.3199999999999732       0.10279009948912048     
   3.3299999999999730        9.9201656609517713E-002
   3.3399999999999728        9.5723064994439597E-002
   3.3499999999999726        9.2352066351483020E-002
   3.3599999999999723        8.9086365755051022E-002
   3.3699999999999721        8.5923639616931766E-002
   3.3799999999999719        8.2861543083755831E-002
   3.3899999999999717        7.9897716965226753E-002
   3.3999999999999715        7.7029794116258793E-002
   3.4099999999999713        7.4255405363375063E-002
   3.4199999999999711        7.1572184952229084E-002
   3.4299999999999708        6.8977775566416530E-002
   3.4399999999999706        6.6469832882980487E-002
   3.4499999999999704        6.4046029768396781E-002
   3.4599999999999702        6.1704060061446679E-002
   3.4699999999999700        5.9441641975543247E-002
   3.4799999999999698        5.7256521182355406E-002
   3.4899999999999696        5.5146473571575746E-002
   3.4999999999999694        5.3109307658158106E-002
   3.5099999999999691        5.1142866758574275E-002
   3.5199999999999689        4.9245030842693265E-002
   3.5299999999999687        4.7413718172799560E-002
   3.5399999999999685        4.5646886689535371E-002
   3.5499999999999683        4.3942535165024575E-002
   3.5599999999999681        4.2298704181294923E-002
   3.5699999999999679        4.0713476898853636E-002
   3.5799999999999677        3.9184979655522499E-002
   3.5899999999999674        3.7711382404332021E-002
   3.5999999999999672        3.6290899004728601E-002
   3.6099999999999670        3.4921787389519260E-002
   3.6199999999999668        3.3602349581675711E-002
   3.6299999999999666        3.2330931632353857E-002
   3.6399999999999664        3.1105923427248907E-002
   3.6499999999999662        2.9925758424116673E-002
   3.6599999999999659        2.8788913292184144E-002
   3.6699999999999657        2.7693907480012270E-002
   3.6799999999999655        2.6639302731767688E-002
   3.6899999999999653        2.5623702517774221E-002
   3.6999999999999651        2.4645751444723984E-002
   3.7099999999999649        2.3704134588447147E-002
   3.7199999999999647        2.2797576817004693E-002
   3.7299999999999645        2.1924842061148597E-002
   3.7399999999999642        2.1084732563728788E-002
   3.7499999999999640        2.0276088102728875E-002
   3.7599999999999638        1.9497785191549218E-002
   3.7699999999999636        1.8748736274547467E-002
   3.7799999999999634        1.8027888905309160E-002
   3.7899999999999632        1.7334224907154448E-002
   3.7999999999999630        1.6666759543678255E-002
   3.8099999999999627        1.6024540664508889E-002
   3.8199999999999625        1.5406647888759712E-002
   3.8299999999999623        1.4812191753830565E-002
   3.8399999999999621        1.4240312867663456E-002
   3.8499999999999619        1.3690181107901692E-002
   3.8599999999999617        1.3160994781930663E-002
   3.8699999999999615        1.2651979815921643E-002
   3.8799999999999613        1.2162388966299294E-002
   3.8899999999999610        1.1691501005769959E-002
   3.8999999999999608        1.1238619965327172E-002
   3.9099999999999606        1.0803074361207452E-002
   3.9199999999999604        1.0384216436320114E-002
   3.9299999999999602        9.9814214317490678E-003
   3.9399999999999600        9.5940868609136615E-003
   3.9499999999999598        9.2216318051115721E-003
   3.9599999999999596        8.8634962076911041E-003
   3.9699999999999593        8.5191402138111022E-003
   3.9799999999999591        8.1880435079804779E-003
   3.9899999999999589        7.8697046646462598E-003
   3.9999999999999587        7.5636405205200307E-003
   4.0099999999999589        7.2693855653259577E-003
   4.0199999999999587        6.9864913483933862E-003
   4.0299999999999585        6.7145258980239059E-003
   4.0399999999999583        6.4530731577447454E-003
   4.0499999999999581        6.2017324379408300E-003
   4.0599999999999579        5.9601178885673577E-003
   4.0699999999999577        5.7278579812924425E-003
   4.0799999999999574        5.5045950055654675E-003
   4.0899999999999572        5.2899845854096662E-003
   4.0999999999999570        5.0836952166646871E-003
   4.1099999999999568        4.8854077901389478E-003
   4.1199999999999566        4.6948151780858045E-003
   4.1299999999999564        4.5116217822468484E-003
   4.1399999999999562        4.3355431307175460E-003
   4.1499999999999559        4.1663054769237274E-003
   4.1599999999999557        4.0036454072879509E-003
   4.1699999999999555        3.8473094680300693E-003
   4.1799999999999553        3.6970538065240650E-003
   4.1899999999999551        3.5526438175344011E-003
   4.1999999999999549        3.4138538045568414E-003
   4.2099999999999547        3.2804666480673807E-003
   4.2199999999999545        3.1522734978670893E-003
   4.2299999999999542        3.0290734621922426E-003
   4.2399999999999540        2.9106733202350918E-003
   4.2499999999999538        2.7968872266874610E-003
   4.2599999999999536        2.6875364419702524E-003
   4.2699999999999534        2.5824490678907123E-003
   4.2799999999999532        2.4814597966223602E-003
   4.2899999999999530        2.3844096647837442E-003
   4.2999999999999527        2.2911457939477731E-003
   4.3099999999999525        2.2015211943378437E-003
   4.3199999999999523        2.1153945181938377E-003
   4.3299999999999521        2.0326298651678499E-003
   4.3399999999999519        1.9530965522201692E-003
   4.3499999999999517        1.8766689569818884E-003
   4.3599999999999515        1.8032262724093149E-003
   4.3699999999999513        1.7326523734749679E-003
   4.3799999999999510        1.6648356179853367E-003
   4.3899999999999508        1.5996686647784266E-003
   4.3999999999999506        1.5370483343290940E-003
   4.4099999999999504        1.4768754262886779E-003
   4.4199999999999502        1.4190545916311682E-003
   4.4299999999999500        1.3634941660375095E-003
   4.4399999999999498        1.3101060373541544E-003
   4.4499999999999496        1.2588055095975974E-003
   4.4599999999999493        1.2095111701662129E-003
   4.4699999999999491        1.1621447644809919E-003
   4.4799999999999489        1.1166310720243492E-003
   4.4899999999999487        1.0728978001424833E-003
   4.4999999999999485        1.0308754616467153E-003
   4.5099999999999483        9.9049726214640735E-004
   4.5199999999999481        9.5169901164231393E-004
   4.5299999999999478        9.1441900892631832E-004
   4.5399999999999476        8.7859796597661245E-004
   4.5499999999999474        8.4417888399649927E-004
   4.5599999999999472        8.1110699296891046E-004
   4.5699999999999470        7.7932965617722989E-004
   4.5799999999999468        7.4879628012644844E-004
   4.5899999999999466        7.1945824729929028E-004
   4.5999999999999464        6.9126883219045043E-004
   4.6099999999999461        6.6418312975888890E-004
   4.6199999999999459        6.3815798500405053E-004
   4.6299999999999457        6.1315193208178354E-004
   4.6399999999999455        5.8912511351847708E-004
   4.6499999999999453        5.6603922971647366E-004
   4.6599999999999451        5.4385747875530712E-004
   4.6699999999999449        5.2254448813354466E-004
   4.6799999999999446        5.0206627408802161E-004
   4.6899999999999444        4.8239017388394101E-004
   4.6999999999999442        4.6348480091251996E-004
   4.7099999999999440        4.4531999622495524E-004
   4.7199999999999438        4.2786677266490336E-004
   4.7299999999999436        4.1109728109576843E-004
   4.7399999999999434        3.9498476357944568E-004
   4.7499999999999432        3.7950350406048519E-004
   4.7599999999999429        3.6462878625985570E-004
   4.7699999999999427        3.5033686442536481E-004
   4.7799999999999425        3.3660492385706101E-004
   4.7899999999999423        3.2341104071990012E-004
   4.7999999999999421        3.1073414539267935E-004
   4.8099999999999419        2.9855399050457730E-004
   4.8199999999999417        2.8685112826467359E-004
   4.8299999999999415        2.7560686660128576E-004
   4.8399999999999412        2.6480323834985215E-004
   4.8499999999999410        2.5442299470124555E-004
   4.8599999999999408        2.4444954264550187E-004
   4.8699999999999406        2.3486695607404965E-004
   4.8799999999999404        2.2565992350328216E-004
   4.8899999999999402        2.1681373080442113E-004
   4.8999999999999400        2.0831424615382584E-004
   4.9099999999999397        2.0014788088735126E-004
   4.9199999999999395        1.9230159155631606E-004
   4.9299999999999393        1.8476283469619383E-004
   4.9399999999999391        1.7751956120696505E-004
   4.9499999999999389        1.7056019579343053E-004
   4.9599999999999387        1.6387361086811774E-004
   4.9699999999999385        1.5744912213780003E-004
   4.9799999999999383        1.5127645554352209E-004
   4.9899999999999380        1.4534574599960593E-004
   4.9999999999999378        1.3964751557297013E-004
   5.0099999999999376        1.3417264642658324E-004
   5.0199999999999374        1.2891239071552622E-004
   5.0299999999999372        1.2385833360696946E-004
   5.0399999999999370        1.1900239889982146E-004
   5.0499999999999368        1.1433682205041962E-004
   5.0599999999999365        1.0985413923477762E-004
   5.0699999999999363        1.0554718562157196E-004
   5.0799999999999361        1.0140907201633805E-004
   5.0899999999999359        9.7433182750676002E-005
   5.0999999999999357        9.3613155506345376E-005
   5.1099999999999355        8.9942888058842027E-005
   5.1199999999999353        8.6416502284241008E-005
   5.1299999999999351        8.3028364444753420E-005
   5.1399999999999348        7.9773055445714070E-005
   5.1499999999999346        7.6645365736778979E-005
   5.1599999999999344        7.3640296161725914E-005
   5.1699999999999342        7.0753036384490288E-005
   5.1799999999999340        6.7978973277517288E-005
   5.1899999999999338        6.5313666469441595E-005
   5.1999999999999336        6.2752854046973792E-005
   5.2099999999999334        6.0292440520630666E-005
   5.2199999999999331        5.7928488134841235E-005
   5.2299999999999329        5.5657212865661207E-005
   5.2399999999999327        5.3474987792561448E-005
   5.2499999999999325        5.1378320619837810E-005
   5.2599999999999323        4.9363855458450600E-005
   5.2699999999999321        4.7428368768913105E-005
   5.2799999999999319        4.5568765276767461E-005
   5.2899999999999316        4.3782073038259734E-005
   5.2999999999999314        4.2065429569405164E-005
   5.3099999999999312        4.0416093633541527E-005
   5.3199999999999310        3.8831421912938487E-005
   5.3299999999999308        3.7308882194409798E-005
   5.3399999999999306        3.5846036263654313E-005
   5.3499999999999304        3.4440544647690225E-005
   5.3599999999999302        3.3090159076303626E-005
   5.3699999999999299        3.1792720508318498E-005
   5.3799999999999297        3.0546149345186156E-005
   5.3899999999999295        2.9348456039783293E-005
   5.3999999999999293        2.8197721249461615E-005
   5.4099999999999291        2.7092105540219702E-005
   5.4199999999999289        2.6029838284472495E-005
   5.4299999999999287        2.5009220868362347E-005
   5.4399999999999284        2.4028619811117294E-005
   5.4499999999999282        2.3086468492064833E-005
   5.4599999999999280        2.2181254348800597E-005
   5.4699999999999278        2.1311537353492990E-005
   5.4799999999999276        2.0475916514301179E-005
   5.4899999999999274        1.9673062195201798E-005
   5.4999999999999272        1.8901687771034905E-005
   5.5099999999999270        1.8160555877648628E-005
   5.5199999999999267        1.7448484168611219E-005
   5.5299999999999265        1.6764328099900609E-005
   5.5399999999999263        1.6107002010435841E-005
   5.5499999999999261        1.5475448145483325E-005
   5.5599999999999259        1.4868657819427120E-005
   5.5699999999999257        1.4285657654485621E-005
   5.5799999999999255        1.3725518051302302E-005
   5.5899999999999253        1.3187341456218161E-005
   5.5999999999999250        1.2670262361271655E-005
   5.6099999999999248        1.2173464300205967E-005
   5.6199999999999246        1.1696140154568277E-005
   5.6299999999999244        1.1237531354177991E-005
   5.6399999999999242        1.0796908989628430E-005
   5.6499999999999240        1.0373559228616110E-005
   5.6599999999999238        9.9668116608946916E-006
   5.6699999999999235        9.5760104324756666E-006
   5.6799999999999233        9.2005339829270133E-006
   5.6899999999999231        8.8397793103601128E-006
   5.6999999999999229        8.4931697292846124E-006
   5.7099999999999227        8.1601519100136360E-006
   5.7199999999999225        7.8401909717520377E-006
   5.7299999999999223        7.5327733609524412E-006
   5.7399999999999221        7.2374117034011753E-006
   5.7499999999999218        6.9536307413929625E-006
   5.7599999999999216        6.6809770104898386E-006
   5.7699999999999214        6.4190140970868976E-006
   5.7799999999999212        6.1673227480639571E-006
   5.7899999999999210        5.9255007337209752E-006
   5.7999999999999208        5.6931584891245745E-006
   5.8099999999999206        5.4699295036027994E-006
   5.8199999999999203        5.2554509124013731E-006
   5.8299999999999201        5.0493826034853744E-006
   5.8399999999999199        4.8513960330699541E-006
   5.8499999999999197        4.6611696476635589E-006
   5.8599999999999195        4.4784037144548862E-006
   5.8699999999999193        4.3028042025189198E-006
   5.8799999999999191        4.1340896360456695E-006
   5.8899999999999189        3.9719902445397887E-006
   5.8999999999999186        3.8162461261552931E-006
   5.9099999999999184        3.6666117160006835E-006
   5.9199999999999182        3.5228396125191601E-006
   5.9299999999999180        3.3847093062234202E-006
   5.9399999999999178        3.2519903915638901E-006
   5.9499999999999176        3.1244821237649016E-006
   5.9599999999999174        3.0019669539339585E-006
   5.9699999999999172        2.8842592692244019E-006
   5.9799999999999169        2.7711652877409423E-006
   5.9899999999999167        2.6625084154859149E-006
   5.9999999999999165        2.5581097283638949E-006
   6.0099999999999163        2.4578063388346590E-006
   6.0199999999999161        2.3614340709509873E-006
   6.0299999999999159        2.2688396865186958E-006
   6.0399999999999157        2.1798758959461307E-006
   6.0499999999999154        2.0944034690386107E-006
   6.0599999999999152        2.0122818323686304E-006
   6.0699999999999150        1.9333789105122914E-006
   6.0799999999999148        1.8575701117714608E-006
   6.0899999999999146        1.7847355320564518E-006
   6.0999999999999144        1.7147519503148735E-006
   6.1099999999999142        1.6475176372196035E-006
   6.1199999999999140        1.5829175681798032E-006
   6.1299999999999137        1.5208484239192858E-006
   6.1399999999999135        1.4612177406761583E-006
   6.1499999999999133        1.4039222540000666E-006
   6.1599999999999131        1.3488725155497520E-006
   6.1699999999999129        1.2959830792695328E-006
   6.1799999999999127        1.2451672929354709E-006
   6.1899999999999125        1.1963441787970079E-006
   6.1999999999999122        1.1494340749235000E-006
   6.2099999999999120        1.1043637065934713E-006
   6.2199999999999118        1.0610628145060826E-006
   6.2299999999999116        1.0194574660299005E-006
   6.2399999999999114        9.7948356976993316E-007
   6.2499999999999112        9.4107604746625311E-007
   6.2599999999999110        9.0417829144963302E-007
   6.2699999999999108        8.6872382540148638E-007
   6.2799999999999105        8.3466163388721945E-007
   6.2899999999999103        8.0193349187562544E-007
   6.2999999999999101        7.7048882253875062E-007
   6.3099999999999099        7.4027973551429638E-007
   6.3199999999999097        7.1125047293339694E-007
   6.3299999999999095        6.8336164243736777E-007
   6.3399999999999093        6.5657078142105868E-007
   6.3499999999999091        6.3082385902923969E-007
   6.3599999999999088        6.0608913110647879E-007
   6.3699999999999086        5.8232298370519957E-007
   6.3799999999999084        5.5949005416520809E-007
   6.3899999999999082        5.3755248525105247E-007
   6.3999999999999080        5.1647414674092002E-007
   6.4099999999999078        4.9622493925427204E-007
   6.4199999999999076        4.7676440132874378E-007
   6.4299999999999073        4.5807375511764270E-007
   6.4399999999999071        4.4010916737007381E-007
   6.4499999999999069        4.2285476600832134E-007
   6.4599999999999067        4.0627403702976440E-007
   6.4699999999999065        3.9034291189513734E-007
   6.4799999999999063        3.7503592400651568E-007
   6.4899999999999061        3.6033407621388774E-007
   6.4999999999999059        3.4620304754782227E-007
   6.5099999999999056        3.3262880259590031E-007
   6.5199999999999054        3.1958497013400652E-007
   6.5299999999999052        3.0705370435455389E-007
   6.5399999999999050        2.9501356835810522E-007
   6.5499999999999048        2.8344644220792448E-007
   6.5599999999999046        2.7233363029606310E-007
   6.5699999999999044        2.6165358607142457E-007
   6.5799999999999041        2.5139602969092862E-007
   6.5899999999999039        2.4153944201639397E-007
   6.5999999999999037        2.3206564828525449E-007
   6.6099999999999035        2.2296609566806755E-007
   6.6199999999999033        2.1422458313213846E-007
   6.6299999999999031        2.0582381312817767E-007
   6.6399999999999029        1.9775493128467830E-007
   6.6499999999999027        1.9000255895639276E-007
   6.6599999999999024        1.8254950824569026E-007
   6.6699999999999022        1.7539172204116875E-007
   6.6799999999999020        1.6851362980717589E-007
   6.6899999999999018        1.6190851537956588E-007
   6.6999999999999016        1.5555883449281507E-007
   6.7099999999999014        1.4945896749937272E-007
   6.7199999999999012        1.4360140326056173E-007
   6.7299999999999010        1.3796837820753920E-007
   6.7399999999999007        1.3255920701743321E-007
   6.7499999999999005        1.2735999134239903E-007
   6.7599999999999003        1.2236741421973622E-007
   6.7699999999999001        1.1756856416653596E-007
   6.7799999999998999        1.1296028869758691E-007
   6.7899999999998997        1.0852937478791653E-007
   6.7999999999998995        1.0427445179178072E-007
   6.8099999999998992        1.0018614449229036E-007
   6.8199999999998990        9.6256804686193663E-008
   6.8299999999998988        9.2482320436258526E-008
   6.8399999999998986        8.8858552392337963E-008
   6.8499999999998984        8.5372918026501649E-008
   6.8599999999998982        8.2025746293728171E-008
   6.8699999999998980        7.8807415260894349E-008
   6.8799999999998978        7.5719734180382383E-008
   6.8899999999998975        7.2749407788475051E-008
   6.8999999999998973        6.9898437227958621E-008
   6.9099999999998971        6.7157831062752258E-008
   6.9199999999998969        6.4521339148263083E-008
   6.9299999999998967        6.1993950634999461E-008
   6.9399999999998965        5.9560561006862008E-008
   6.9499999999998963        5.7226981801805508E-008
   6.9599999999998960        5.4983728151281213E-008
   6.9699999999998958        5.2826633292227207E-008
   6.9799999999998956        5.0755231205090537E-008
   6.9899999999998954        4.8766616120893816E-008
   6.9999999999998952        4.6852235210194284E-008
   7.0099999999998950        4.5017598468882920E-008
   7.0199999999998948        4.3249273568668179E-008
   7.0299999999998946        4.1556855029758355E-008
   7.0399999999998943        3.9924361122777889E-008
   7.0499999999998941        3.8360426915914293E-008
   7.0599999999998939        3.6856444753894976E-008
   7.0699999999998937        3.5408549415721727E-008
   7.0799999999998935        3.4022113832711206E-008
   7.0899999999998933        3.2689791343675340E-008
   7.0999999999998931        3.1404207874511203E-008
   7.1099999999998929        3.0172901976811041E-008
   7.1199999999998926        2.8991926190831992E-008
   7.1299999999998924        2.7854756242832420E-008
   7.1399999999998922        2.6763502927258188E-008
   7.1499999999998920        2.5716165101322935E-008
   7.1599999999998918        2.4705039735945239E-008
   7.1699999999998916        2.3735636827016068E-008
   7.1799999999998914        2.2804529760175353E-008
   7.1899999999998911        2.1912294206635606E-008
   7.1999999999998909        2.1052871912208141E-008
   7.2099999999998907        2.0226043573573941E-008
   7.2199999999998905        1.9434824611369868E-008
   7.2299999999998903        1.8672471448535271E-008
   7.2399999999998901        1.7940025775835605E-008
   7.2499999999998899        1.7236582967079807E-008
   7.2599999999998897        1.6561951131863714E-008
   7.2699999999998894        1.5912456939593297E-008
   7.2799999999998892        1.5288950190629863E-008
   7.2899999999998890        1.4686935166932976E-008
   7.2999999999998888        1.4111647735244842E-008
   7.3099999999998886        1.3559140435822639E-008
   7.3199999999998884        1.3025877002646750E-008
   7.3299999999998882        1.2516462805417143E-008
   7.3399999999998879        1.2026676255242177E-008
   7.3499999999998877        1.1553748647718893E-008
   7.3599999999998875        1.1099982667697275E-008
   7.3699999999998873        1.0664802643964826E-008
   7.3799999999998871        1.0248098924862025E-008
   7.3899999999998869        9.8445259919871321E-009
   7.3999999999998867        9.4609644869752006E-009
   7.4099999999998865        9.0888341674685627E-009
   7.4199999999998862        8.7322743836142004E-009
   7.4299999999998860        8.3886534955835754E-009
   7.4399999999998858        8.0600274719927360E-009
   7.4499999999998856        7.7439839763321769E-009
   7.4599999999998854        7.4414550477078483E-009
   7.4699999999998852        7.1479723809941763E-009
   7.4799999999998850        6.8685799525292282E-009
   7.4899999999998847        6.5993577154850485E-009
   7.4999999999998845        6.3404975602658017E-009
   7.5099999999998843        6.0932604809560158E-009
   7.5199999999998841        5.8508754875801244E-009
   7.5299999999998839        5.6253220239410347E-009
   7.5399999999998837        5.4030855230025177E-009
   7.5499999999998835        5.1924995108883313E-009
   7.5599999999998833        4.9873138430056670E-009
   7.5699999999998830        4.7889539909283145E-009
   7.5799999999998828        4.6040812929723063E-009
   7.5899999999998826        4.4249927200561438E-009
   7.5999999999998824        4.2480971803304447E-009
   7.6099999999998822        4.0828521294290795E-009
   7.6199999999998820        3.9231719002485148E-009
   7.6299999999998818        3.7692209702780306E-009
   7.6399999999998816        3.6222877465170270E-009
   7.6499999999998813        3.4822077514762227E-009
   7.6599999999998811        3.3439918346473110E-009
   7.6699999999998809        3.2120534753260979E-009
   7.6799999999998807        3.0851316794280676E-009
   7.6899999999998805        2.9661322159305848E-009
   7.6999999999998803        2.8495725018574929E-009
   7.7099999999998801        2.7363297504849720E-009
   7.7199999999998798        2.6304884861302661E-009
   7.7299999999998796        2.5268676678809028E-009
   7.7399999999998794        2.4282360001398434E-009
   7.7499999999998792        2.3336888567160180E-009
   7.7599999999998790        2.2419104176951530E-009
   7.7699999999998788        2.1545728708849758E-009
   7.7799999999998786        2.0683318406700287E-009
   7.7899999999998784        1.9862027476872006E-009
   7.7999999999998781        1.9103237992971906E-009
   7.8099999999998779        1.8344448509071806E-009
   7.8199999999998777        1.7630342076427385E-009
   7.8299999999998775        1.6956806757806532E-009
   7.8399999999998773        1.6277788856209507E-009
   7.8499999999998771        1.5624539094600425E-009
   7.8599999999998769        1.5006377864038749E-009
   7.8699999999998766        1.4416177806655469E-009
   7.8799999999998764        1.3879707062438530E-009
   7.8899999999998762        1.3333641798013315E-009
   7.8999999999998760        1.2823213322933112E-009
   7.9099999999998758        1.2291951032543522E-009
   7.9199999999998756        1.1825657350421390E-009
   7.9299999999998754        1.1329757720228006E-009
   7.9399999999998752        1.0894988890218769E-009
   7.9499999999998749        1.0482424521262972E-009
   7.9599999999998747        1.0056701953164401E-009
   7.9699999999998745        9.6515390712264083E-010
   7.9799999999998743        9.3036691813892654E-010
   7.9899999999998741        8.9094714654035900E-010
   7.9999999999998739        8.5747597747092206E-010
   8.0099999999998737        8.2636231908123201E-010
   8.0199999999998735        7.9083518139573614E-010
   8.0299999999998732        7.6364156983399853E-010
   8.0399999999998730        7.3126691735979265E-010
   8.0499999999998728        7.0294937628794270E-010
   8.0599999999998726        6.7389168651431179E-010
   8.0699999999998724        6.4634170705912408E-010
   8.0799999999998722        6.2320520689974239E-010
   8.0899999999998720        5.9804015103918285E-010
   8.0999999999998717        5.7471176047563522E-010
   8.1099999999998715        5.5308297063469694E-010
   8.1199999999998713        5.3033025128364642E-010
   8.1299999999998711        5.0960608763377357E-010
   8.1399999999998709        4.8997844057913228E-010
   8.1499999999998707        4.7202298133221876E-010
   8.1599999999998705        4.5187448889484271E-010
   8.1699999999998703        4.3501554624316051E-010
   8.1799999999998700        4.1799212610219379E-010
   8.1899999999998698        4.0228452587550438E-010
   8.1999999999998696        3.8523369281965685E-010
   8.2099999999998694        3.6933420218880215E-010
   8.2199999999998692        3.5546326725912532E-010
   8.2299999999998690        3.4194870022289890E-010
   8.2399999999998688        3.2788587488905685E-010
   8.2499999999998685        3.1697553476650479E-010
   8.2599999999998683        3.0400922602789405E-010
   8.2699999999998681        2.9235873720356088E-010
   8.2799999999998679        2.7903606057149984E-010
   8.2899999999998677        2.6757746215133209E-010
   8.2999999999998675        2.5924393602757388E-010
   8.3099999999998673        2.4759344720324071E-010
   8.3199999999998671        2.3739584286758900E-010
   8.3299999999998668        2.3057002706227383E-010
   8.3399999999998666        2.2111257142840345E-010
   8.3499999999998664        2.1055859919930148E-010
   8.3599999999998662        2.0315711218148977E-010
   8.3699999999998660        1.9446721816428136E-010
   8.3799999999998658        1.8799777025241640E-010
   8.3899999999998656        1.8059628323460466E-010
   8.3999999999998654        1.7338668662095848E-010
   8.4099999999998651        1.6431301179541898E-010
   8.4199999999998649        1.5987211958473204E-010
   8.4299999999998647        1.5153859346097365E-010
   8.4399999999998645        1.4728959165445216E-010
   8.4499999999998643        1.4304058984793062E-010
   8.4599999999998641        1.3525532202178800E-010
   8.4699999999998639        1.2840209330159205E-010
   8.4799999999998636        1.2675731840874499E-010
   8.4899999999998634        1.1897205058260239E-010
   8.4999999999998632        1.1472304877608085E-010
   8.5099999999998630        1.1137867316062520E-010
   8.5199999999998628        1.0767792965171936E-010
   8.5299999999998626        1.0416907654697902E-010
   8.5399999999998624        1.0046833303807318E-010
   8.5499999999998622        9.6219331231551686E-011
   8.5599999999998619        9.0490032021467788E-011
   8.5699999999998617        8.5308991108999676E-011
   8.5799999999998615        8.5500881513165171E-011
   8.5899999999998613        7.9195911090584853E-011
   8.5999999999998611        7.7331832878691544E-011
   8.6099999999998609        7.4946909284063338E-011
   8.6199999999998607        7.1602533668607710E-011
   8.6299999999998604        6.8477461372198324E-011
   8.6399999999998602        6.5681344054358381E-011
   8.6499999999998600        6.4776717863292468E-011
   8.6599999999998598        6.1980600545452511E-011
   8.6699999999998596        5.9020005738327834E-011
   8.6799999999998594        5.6799559632984355E-011
   8.6899999999998592        5.5703043037753006E-011
   8.6999999999998590        5.0878370018735013E-011
   8.7099999999998587        4.9398072615172674E-011
   8.7199999999998585        4.8301556019941319E-011
   8.7299999999998583        4.5340961212816635E-011
   8.7399999999998581        4.4408922106869980E-011
   8.7499999999998579        4.3476883000923326E-011
   8.7599999999998577        4.1448327299745316E-011
   8.7699999999998575        3.9584249087852014E-011
   8.7799999999998573        3.6267286387277153E-011
   8.7899999999998570        3.5910918493826963E-011
   8.7999999999998568        3.5170769792045797E-011
   8.8099999999998566        3.1086245474808990E-011
   8.8199999999998564        3.2374652474205834E-011
   8.8299999999998562        3.1086245474808990E-011
   8.8399999999998560        3.0346096773027824E-011
   8.8499999999998558        2.6837243668287472E-011
   8.8599999999998555        2.8673908965300000E-011
   8.8699999999998553        2.4781275052228685E-011
   8.8799999999998551        2.4424907158778492E-011
   8.8899999999998549        2.6097094966506312E-011
   8.8999999999998547        2.3876648861162814E-011
   8.9099999999998545        2.0367795756422465E-011
   8.9199999999998543        2.1107944458203634E-011
   8.9299999999998541        2.0532273245707170E-011
   8.9399999999998538        1.9051975842144841E-011
   8.9499999999998536        2.0175905352256977E-011
   8.9599999999998534        1.8119936736198186E-011
   8.9699999999998532        1.4802974035623329E-011
   8.9799999999998530        1.8695607948694648E-011
   8.9899999999998528        1.6283271439185661E-011
   8.9999999999998526        1.5159341929073519E-011
   9.0099999999998523        1.3322676632060995E-011
   9.0199999999998521        1.4802974035623329E-011
   9.0299999999998519        1.4419193227292352E-011
   9.0399999999998517        1.3870934929676675E-011
   9.0499999999998515        1.2582527930279829E-011
   9.0599999999998513        1.2774418334445317E-011
   9.0699999999998511        1.1842379228498663E-011
   9.0799999999998509        1.2582527930279829E-011
   9.0899999999998506        8.5254165279238054E-012
   9.0999999999998504        1.1458598420167686E-011
   9.1099999999998502        1.0170191420770841E-011
   9.1199999999998500        9.2655652297049716E-012
   9.1299999999998498        1.0005713931486138E-011
   9.1399999999998496        7.7852678261426393E-012
   9.1499999999998494        8.8817844213739967E-012
   9.1599999999998492        8.5254165279238054E-012
   9.1699999999998489        8.6898940172085085E-012
   9.1799999999998487        7.9497453154273424E-012
   9.1899999999998485        8.3335261237583188E-012
   9.1999999999998483        6.1130800184148180E-012
   9.2099999999998481        7.0451191243614724E-012
   9.2199999999998479        7.0177062094806888E-012
   9.2299999999998477        5.3729313166336519E-012
   9.2399999999998474        5.9211896142493314E-012
   9.2499999999998472        5.7292992100838440E-012
   9.2599999999998470        5.1810409124681653E-012
   9.2699999999998468        5.3729313166336519E-012
   9.2799999999998466        5.3729313166336519E-012
   9.2899999999998464        5.7292992100838432E-012
   9.2999999999998462        4.4408922106869984E-012
   9.3099999999998460        2.6042269136744748E-012
   9.3199999999998457        4.2490018065215101E-012
   9.3299999999998455        3.3443756154556410E-012
   9.3399999999998453        4.2490018065215109E-012
   9.3499999999998451        2.9605948071246657E-012
   9.3599999999998449        4.9891505083026771E-012
   9.3699999999998447        2.2204461053434996E-012
   9.3799999999998445        2.2204461053434996E-012
   9.3899999999998442        4.2490018065215101E-012
   9.3999999999998440        3.1524852112901527E-012
   9.4099999999998438        2.0285557011780113E-012
   9.4199999999998436        2.9605948071246653E-012
   9.4299999999998434        2.7687044029591779E-012
   9.4399999999998432        3.7007435089058322E-012
   9.4499999999998430        2.6042269136744744E-012
   9.4599999999998428        2.9605948071246653E-012
   9.4699999999998425        7.4014870178116663E-013
   9.4799999999998423        3.8926339130713197E-012
   9.4899999999998421        2.6042269136744744E-012
   9.4999999999998419        1.6721878077278205E-012
   9.5099999999998417        1.9945520171513976E-029
   9.5199999999998415        1.6721878077278207E-012
   9.5299999999998413        1.4802974035623329E-012
   9.5399999999998411        2.0285557011780118E-012
   9.5499999999998408        2.0285557011780118E-012
   9.5599999999998406        2.4123365095089866E-012
   9.5699999999998404        1.4802974035623329E-012
   9.5799999999998402        1.4802974035623329E-012
   9.5899999999998400        5.4825829761567880E-013
   9.5999999999998398        1.4802974035623329E-012
   9.6099999999998396        1.2884069993968454E-012
   9.6199999999998393        1.4802974035623329E-012
   9.6299999999998391        1.4802974035623329E-012
   9.6399999999998389        5.4825829761567880E-013
   9.6499999999998387        1.4802974035623329E-012
   9.6599999999998385        2.2204461053434992E-012
   9.6699999999998383        1.2884069993968454E-012
   9.6799999999998381        1.0965165952313578E-012
   9.6899999999998379        1.2884069993968452E-012
   9.6999999999998376        3.5636789345019128E-013
   9.7099999999998374        1.1239295101121418E-012
   9.7199999999998372        1.0965165952313578E-012
   9.7299999999998370        3.8378080833097520E-013
   9.7399999999998368        1.1239295101121418E-012
   9.7499999999998366        1.9189040416548768E-013
   9.7599999999998364       -3.5636789345019143E-013
   9.7699999999998361        9.3203910594665415E-013
   9.7799999999998359        1.0965165952313576E-012
   9.7899999999998357        1.2884069993968452E-012
   9.7999999999998355        0.0000000000000000     
   9.8099999999998353        3.8378080833097535E-013
   9.8199999999998351        1.0965165952313578E-012
   9.8299999999998349        0.0000000000000000     
   9.8399999999998347        3.5636789345019128E-013
   9.8499999999998344        0.0000000000000000     
   9.8599999999998342        9.3203910594665415E-013
   9.8699999999998340       -7.4014870178116643E-013
   9.8799999999998338       -7.4014870178116643E-013
   9.8899999999998336        1.1239295101121418E-012
   9.8999999999998334        1.1239295101121418E-012
   9.9099999999998332        0.0000000000000000     
   9.9199999999998330        1.2884069993968452E-012
   9.9299999999998327        1.0965165952313578E-012
   9.9399999999998325        1.2884069993968452E-012
   9.9499999999998323        0.0000000000000000     
   9.9599999999998321        1.2884069993968452E-012
   9.9699999999998319       -7.4014870178116643E-013
   9.9799999999998317        1.2884069993968452E-012
   9.9899999999998315        1.1239295101121418E-012
   9.9999999999998312        1.0965165952313578E-012
