   0.0000000000000000       -7.5461901969459951E-005
  0.10000000149011612        4.2819184359045949E-002
  0.20000000298023224        8.2221534094264248E-002
  0.30000000447034836       0.11601259249125628     
  0.40000000596046448       0.15259065671640148     
  0.50000000745058060       0.18348145086463080     
  0.60000000894069672       0.21233941453217392     
  0.70000001043081284       0.23149066732060089     
  0.80000001192092896       0.25369130884700486     
  0.90000001341104507       0.27837740011175693     
   1.0000000149011612       0.28738572061817724     
   1.1000000163912773       0.30434012000623156     
   1.2000000178813934       0.31320710993177969     
   1.3000000193715096       0.32494329875611816     
   1.4000000208616257       0.33393146527537426     
   1.5000000223517418       0.34386585004357534     
   1.6000000238418579       0.35657877474441196     
   1.7000000253319740       0.37021989929419002     
   1.8000000268220901       0.38154862703058917     
   1.9000000283122063       0.39577256159431357     
   2.0000000298023224       0.41883941585860490     
   2.1000000312924385       0.43522387057617118     
   2.2000000327825546       0.46488803084321262     
   2.3000000342726707       0.48908659261827980     
   2.4000000357627869       0.51969760195656989     
   2.5000000372529030       0.55408397136720633     
   2.6000000387430191       0.58613662127180888     
   2.7000000402331352       0.62740390324289730     
   2.8000000417232513       0.65963695249677201     
   2.9000000432133675       0.69430359999227698     
   3.0000000447034836       0.73124858231263890     
   3.1000000461935997       0.76027707322293758     
   3.2000000476837158       0.79463807175337464     
   3.3000000491738319       0.82462989278943033     
   3.4000000506639481       0.84995567803726357     
   3.5000000521540642       0.87704711428501136     
   3.6000000536441803       0.89441799253431464     
   3.7000000551342964       0.91503743674542104     
   3.8000000566244125       0.92968834191796290     
   3.9000000581145287       0.94265031401743515     
   4.0000000596046448       0.95353706135751548     
   4.1000000610947609       0.96655304113654006     
   4.2000000625848770       0.97108638232378208     
   4.3000000640749931       0.97688535454031955     
   4.4000000655651093       0.98243264225506244     
   4.5000000670552254       0.98935747751688397     
   4.6000000685453415       0.98997506613856812     
   4.7000000700354576       0.99210935852032456     
   4.8000000715255737       0.99439118392859960     
   4.9000000730156898       0.99664331217555302     
   5.0000000745058060       0.99664641106812402     
   5.1000000759959221       0.99829069662327008     
   5.2000000774860382       0.99793827135887037     
   5.3000000789761543       0.99900720847106284     
   5.4000000804662704       0.99925213546810776     
   5.5000000819563866       0.99947006859433296     
   5.6000000834465027       0.99964007102367758     
   5.7000000849366188       0.99971775302720134     
   5.8000000864267349       0.99976662589340026     
   5.9000000879168510       0.99980599942148463     
   6.0000000894069672       0.99993254147881760     
   6.1000000908970833       0.99994908073125810     
   6.2000000923871994       0.99999926190870303     
   6.3000000938773155       0.99999996923811452     
   6.4000000953674316       0.99999999957576557     
   6.5000000968575478       0.99999999999932188     
   6.6000000983476639       0.99999971438341329     
   6.7000000998377800       0.99999999995119859     
   6.8000001013278961       0.99999999996798938     
   6.9000001028180122       0.99999999992079491     
   7.0000001043081284       0.99993333333484347     
   7.1000001057982445       0.99999999999999989     
   7.2000001072883606        1.0000000000000000     
   7.3000001087784767        1.0000000000000000     
   7.4000001102685928       0.99999994592412367     
   7.5000001117587090        1.0000000000000000     
   7.6000001132488251       0.99999999999993405     
   7.7000001147389412        1.0000000000000000     
   7.8000001162290573        1.0000000000000000     
   7.9000001177191734        1.0000000000000000     
   8.0000001192092896        1.0000000000000000     
   8.1000001206994057        1.0000000000000000     
   8.2000001221895218        1.0000000000000000     
   8.3000001236796379        1.0000000000000000     
   8.4000001251697540        1.0000000000000000     
   8.5000001266598701        1.0000000000000000     
   8.6000001281499863        1.0000000000000000     
   8.7000001296401024        1.0000000000000000     
   8.8000001311302185        1.0000000000000000     
   8.9000001326203346        1.0000000000000000     
   9.0000001341104507        1.0000000000000000     
   9.1000001356005669        1.0000000000000000     
   9.2000001370906830        1.0000000000000000     
   9.3000001385807991        1.0000000000000000     
   9.4000001400709152        1.0000000000000000     
   9.5000001415610313        1.0000000000000000     
   9.6000001430511475        1.0000000000000000     
   9.7000001445412636        1.0000000000000000     
   9.8000001460313797        1.0000000000000000     
   9.9000001475214958        1.0000000000000000     
