  0.000000000000000E+000  1.184237892933500E-016
  1.000000000000000E-002  7.604425966348472E-004
  2.000000000000000E-002  1.489022177060795E-003
  3.000000000000000E-002  2.158803402934388E-003
  4.000000000000000E-002  2.751039883808674E-003
  5.000000000000000E-002  3.256291643667482E-003
  6.000000000000000E-002  3.673827870100643E-003
  7.000000000000001E-002  4.009876469708976E-003
  8.000000000000000E-002  4.275279067490294E-003
  9.000000000000000E-002  4.483159788160503E-003
  0.100000000000000       4.647060295995186E-003
  0.110000000000000       4.779702366881171E-003
  0.120000000000000       4.892343365129263E-003
  0.130000000000000       4.994611795434870E-003
  0.140000000000000       5.094678068959826E-003
  0.150000000000000       5.199613118890918E-003
  0.160000000000000       5.315817673759327E-003
  0.170000000000000       5.449451261868524E-003
  0.180000000000000       5.606831126143142E-003
  0.190000000000000       5.794797663796101E-003
  0.200000000000000       6.021055811062703E-003
  0.210000000000000       6.294505674290503E-003
  0.220000000000000       6.625574813207621E-003
  0.230000000000000       7.026561402792303E-003
  0.240000000000000       7.511993162861284E-003
  0.250000000000000       8.099001758639772E-003
  0.260000000000000       8.807706263338426E-003
  0.270000000000000       9.661592048538555E-003
  0.280000000000000       1.068786301617479E-002
  0.290000000000000       1.191773550158557E-002
  0.300000000000000       1.338663187447471E-002
  0.310000000000000       1.513422166277440E-002
  0.320000000000000       1.720424919191558E-002
  0.330000000000000       1.964408097223940E-002
  0.340000000000000       2.250390543859837E-002
  0.350000000000000       2.583552442709323E-002
  0.360000000000000       2.969069228547426E-002
  0.370000000000000       3.411898688693036E-002
  0.380000000000000       3.916523863390829E-002
  0.390000000000000       4.486659921176901E-002
  0.400000000000000       5.124939958597766E-002
  0.410000000000000       5.832602104571077E-002
  0.420000000000000       6.609207325408288E-002
  0.430000000000000       7.452422270113986E-002
  0.440000000000000       8.357902311801253E-002
  0.450000000000000       9.319304716734188E-002
  0.460000000000000       0.103284496588550     
  0.470000000000000       0.113756283928961     
  0.480000000000000       0.124500361439858     
  0.490000000000000       0.135402865758777     
  0.500000000000000       0.146349499181006     
  0.510000000000000       0.157230519310422     
  0.520000000000000       0.167944778397310     
  0.530000000000000       0.178402434683362     
  0.540000000000000       0.188526215083449     
  0.550000000000000       0.198251382905758     
  0.560000000000000       0.207524788352389     
  0.570000000000000       0.216303496936908     
  0.580000000000000       0.224553475917365     
  0.590000000000000       0.232248685164856     
  0.600000000000000       0.239370714565527     
  0.610000000000000       0.245908899914276     
  0.620000000000000       0.251860692869280     
  0.630000000000000       0.257231993877596     
  0.640000000000000       0.262037184154640     
  0.650000000000000       0.266298689661349     
  0.660000000000000       0.270046036813540     
  0.670000000000000       0.273314476515987     
  0.680000000000000       0.276143332232033     
  0.690000000000000       0.278574258616197     
  0.700000000000000       0.280649584666866     
  0.710000000000000       0.282410873738561     
  0.720000000000000       0.283897778941984     
  0.730000000000000       0.285147220591761     
  0.740000000000000       0.286192871315545     
  0.750000000000000       0.287064907691955     
  0.760000000000000       0.287789974227604     
  0.770000000000000       0.288391303197478     
  0.780000000000000       0.288888938699325     
  0.790000000000000       0.289300021854345     
  0.800000000000000       0.289639103871806     
  0.810000000000000       0.289918463037804     
  0.820000000000001       0.290148409720381     
  0.830000000000001       0.290337569898392     
  0.840000000000001       0.290493142563687     
  0.850000000000001       0.290621129839727     
  0.860000000000001       0.290726541089335     
  0.870000000000001       0.290813573916559     
  0.880000000000001       0.290885775986734     
  0.890000000000001       0.290946192023366     
  0.900000000000001       0.290997499946843     
  0.910000000000001       0.291042138203004     
  0.920000000000001       0.291082421560905     
  0.930000000000001       0.291120633202679     
  0.940000000000001       0.291159065732520     
  0.950000000000001       0.291199966344311     
  0.960000000000001       0.291245336171860     
  0.970000000000001       0.291296567469300     
  0.980000000000001       0.291353994162597     
  0.990000000000001       0.291416550425669     
   1.00000000000000       0.291481779547508     
   1.01000000000000       0.291546317185872     
   1.02000000000000       0.291606717824818     
   1.03000000000000       0.291660279058012     
   1.04000000000000       0.291705527061812     
   1.05000000000000       0.291742246961819     
   1.06000000000000       0.291771180722300     
   1.07000000000000       0.291793610461972     
   1.08000000000000       0.291810995669271     
   1.09000000000000       0.291824734840763     
   1.10000000000000       0.291836049435620     
   1.11000000000000       0.291845956180277     
   1.12000000000000       0.291855289935399     
   1.13000000000000       0.291864748427579     
   1.14000000000000       0.291874941820031     
   1.15000000000000       0.291886439315441     
   1.16000000000000       0.291899810624034     
   1.17000000000000       0.291915662939177     
   1.18000000000000       0.291934675162824     
   1.19000000000000       0.291957631373497     
   1.20000000000000       0.291985455434675     
   1.21000000000000       0.292019248447236     
   1.22000000000000       0.292060330550085     
   1.23000000000000       0.292110288385055     
   1.24000000000000       0.292171029342827     
   1.25000000000000       0.292244843452526     
   1.26000000000000       0.292334473410231     
   1.27000000000000       0.292443192690361     
   1.28000000000000       0.292574890866973     
   1.29000000000000       0.292734164102761     
   1.30000000000000       0.292926407161291     
   1.31000000000000       0.293157901209783     
   1.32000000000000       0.293435889113069     
   1.33000000000000       0.293768626985914     
   1.34000000000000       0.294165397735510     
   1.35000000000000       0.294636469647293     
   1.36000000000000       0.295192981409212     
   1.37000000000000       0.295846735158240     
   1.38000000000000       0.296609882040631     
   1.39000000000000       0.297494491127578     
   1.40000000000000       0.298512002652650     
   1.41000000000000       0.299672580137054     
   1.42000000000000       0.300984391945815     
   1.43000000000000       0.302452869240530     
   1.44000000000000       0.304080001515319     
   1.45000000000000       0.305863739837811     
   1.46000000000000       0.307797578485330     
   1.47000000000000       0.309870375437176     
   1.48000000000000       0.312066450288306     
   1.49000000000000       0.314365966396023     
   1.50000000000000       0.316745567828404     
   1.51000000000000       0.319179209617263     
   1.52000000000000       0.321639101518840     
   1.53000000000000       0.324096687093212     
   1.54000000000000       0.326523599831946     
   1.55000000000000       0.328892566071920     
   1.56000000000000       0.331178246111724     
   1.57000000000000       0.333358009547666     
   1.58000000000000       0.335412627615793     
   1.59000000000000       0.337326843905845     
   1.60000000000000       0.339089769486750     
   1.61000000000000       0.340695050229726     
   1.62000000000000       0.342140775345013     
   1.63000000000000       0.343429130538876     
   1.64000000000000       0.344565835644187     
   1.65000000000000       0.345559434414296     
   1.66000000000000       0.346420517016361     
   1.67000000000000       0.347160952782372     
   1.68000000000000       0.347793195612395     
   1.69000000000000       0.348329702899574     
   1.70000000000000       0.348782486688273     
   1.71000000000000       0.349162797123634     
   1.72000000000000       0.349480925154902     
   1.73000000000000       0.349746104151711     
   1.74000000000000       0.349966487644879     
   1.75000000000000       0.350149181373314     
   1.76000000000000       0.350300310768453     
   1.77000000000000       0.350425108778702     
   1.78000000000000       0.350528012737571     
   1.79000000000000       0.350612762358072     
   1.80000000000000       0.350682493698069     
   1.81000000000000       0.350739826058798     
   1.82000000000000       0.350786940317053     
   1.83000000000000       0.350825648255391     
   1.84000000000000       0.350857453156121     
   1.85000000000000       0.350883602366248     
   1.86000000000000       0.350905132806852     
   1.87000000000000       0.350922910557986     
   1.88000000000000       0.350937665743919     
   1.89000000000000       0.350950023993560     
   1.90000000000000       0.350960535737455     
   1.91000000000000       0.350969704436230     
   1.92000000000000       0.350978014302445     
   1.93000000000000       0.350985956773124     
   1.94000000000000       0.350994052310542     
   1.95000000000000       0.351002859549006     
   1.96000000000000       0.351012958048943     
   1.97000000000000       0.351024888039079     
   1.98000000000000       0.351039039545989     
   1.99000000000000       0.351055512729175     
   2.00000000000000       0.351074011260272     
   2.01000000000000       0.351093842074418     
   2.02000000000000       0.351114046630530     
   2.03000000000000       0.351133616063919     
   2.04000000000000       0.351151711600403     
   2.05000000000000       0.351167825918429     
   2.06000000000000       0.351181845421726     
   2.07000000000000       0.351194007080633     
   2.08000000000000       0.351204787040535     
   2.09000000000000       0.351214779799023     
   2.10000000000000       0.351224610865514     
   2.11000000000000       0.351234894815660     
   2.12000000000000       0.351246229788089     
   2.13000000000000       0.351259214050180     
   2.14000000000000       0.351274473451201     
   2.15000000000000       0.351292693598058     
   2.16000000000000       0.351314654439785     
   2.17000000000000       0.351341267208081     
   2.18000000000000       0.351373614794307     
   2.19000000000000       0.351412997162410     
   2.20000000000000       0.351460983642570     
   2.21000000000000       0.351519474102467     
   2.22000000000000       0.351590771129586     
   2.23000000000000       0.351677665499292     
   2.24000000000000       0.351783537337447     
   2.25000000000000       0.351912475479870     
   2.26000000000000       0.352069417530847     
   2.27000000000000       0.352260312954841     
   2.28000000000000       0.352492311098266     
   2.29000000000000       0.352773975196445     
   2.29999999999999       0.353115521999568     
   2.30999999999999       0.353529084424434     
   2.31999999999999       0.354028991322713     
   2.32999999999999       0.354632053703939     
   2.33999999999999       0.355357840158424     
   2.34999999999999       0.356228915369648     
   2.35999999999999       0.357271004153222     
   2.36999999999999       0.358513029382935     
   2.37999999999999       0.359986956120722     
   2.38999999999999       0.361727358134782     
   2.39999999999999       0.363770610483296     
   2.40999999999999       0.366153608976685     
   2.41999999999999       0.368911932354470     
   2.42999999999999       0.372077405268338     
   2.43999999999999       0.375675097407730     
   2.44999999999999       0.379719908120735     
   2.45999999999999       0.384213027118260     
   2.46999999999999       0.389138705192611     
   2.47999999999999       0.394461874008096     
   2.48999999999999       0.400127173596838     
   2.49999999999999       0.406059842213068     
   2.50999999999999       0.412168686322950     
   2.51999999999999       0.418351011051035     
   2.52999999999999       0.424499025739804     
   2.53999999999999       0.430506939500105     
   2.54999999999999       0.436277813440528     
   2.55999999999999       0.441729285401852     
   2.56999999999999       0.446797515829281     
   2.57999999999999       0.451439050818201     
   2.58999999999999       0.455630663313564     
   2.59999999999999       0.459367527609875     
   2.60999999999999       0.462660253403806     
   2.61999999999999       0.465531345277663     
   2.62999999999999       0.468011587791574     
   2.63999999999999       0.470136728622917     
   2.64999999999999       0.471944685967044     
   2.65999999999999       0.473473374425022     
   2.66999999999999       0.474759143728209     
   2.67999999999999       0.475835761481760     
   2.68999999999999       0.476733840364337     
   2.69999999999999       0.477480603468849     
   2.70999999999999       0.478099889729548     
   2.71999999999999       0.478612317157810     
   2.72999999999999       0.479035539608884     
   2.73999999999999       0.479384549830025     
   2.74999999999999       0.479671996025447     
   2.75999999999999       0.479908490626131     
   2.76999999999998       0.480102898503522     
   2.77999999999998       0.480262597940261     
   2.78999999999998       0.480393711781351     
   2.79999999999998       0.480501308823696     
   2.80999999999998       0.480589577077326     
   2.81999999999998       0.480661971375394     
   2.82999999999998       0.480721338169920     
   2.83999999999998       0.480770020403651     
   2.84999999999998       0.480809945219886     
   2.85999999999998       0.480842697045236     
   2.86999999999998       0.480869578309574     
   2.87999999999998       0.480891659787035     
   2.88999999999998       0.480909822272224     
   2.89999999999998       0.480924791057494     
   2.90999999999998       0.480937164455602     
   2.91999999999998       0.480947437418602     
   2.92999999999998       0.480956021137670     
   2.93999999999998       0.480963259367981     
   2.94999999999998       0.480969442105156     
   2.95999999999998       0.480974817142898     
   2.96999999999998       0.480979599962567     
   2.97999999999998       0.480983982342697     
   2.98999999999998       0.480988140027748     
   2.99999999999998       0.480992239759350     
   3.00999999999998       0.480996445948636     
   3.01999999999998       0.481000927254311     
   3.02999999999998       0.481005863327151     
   3.03999999999998       0.481011451987685     
   3.04999999999998       0.481017917119867     
   3.05999999999998       0.481025517590239     
   3.06999999999998       0.481034557539816     
   3.07999999999998       0.481045398446125     
   3.08999999999998       0.481058473416237     
   3.09999999999998       0.481074304250046     
   3.10999999999998       0.481093521907493     
   3.11999999999998       0.481116891125354     
   3.12999999999998       0.481145340059103     
   3.13999999999998       0.481179995972934     
   3.14999999999998       0.481222228163957     
   3.15999999999998       0.481273699479598     
   3.16999999999998       0.481336427960071     
   3.17999999999998       0.481412860293086     
   3.18999999999998       0.481505958877170     
   3.19999999999998       0.481619304309355     
   3.20999999999998       0.481757214976914     
   3.21999999999998       0.481924885046988     
   3.22999999999998       0.482128541381167     
   3.23999999999997       0.482375618579368     
   3.24999999999997       0.482674949257021     
   3.25999999999997       0.483036963520614     
   3.26999999999997       0.483473887154597     
   3.27999999999997       0.483999922038824     
   3.28999999999997       0.484631384703957     
   3.29999999999997       0.485386769948122     
   3.30999999999997       0.486286696882165     
   3.31999999999997       0.487353686264454     
   3.32999999999997       0.488611713188422     
   3.33999999999997       0.490085481801043     
   3.34999999999997       0.491799383083431     
   3.35999999999997       0.493776126688440     
   3.36999999999997       0.496035085036041     
   3.37999999999997       0.498590449490174     
   3.38999999999997       0.501449365373848     
   3.39999999999997       0.504610269229368     
   3.40999999999997       0.508061678671956     
   3.41999999999997       0.511781665016116     
   3.42999999999997       0.515738163938572     
   3.43999999999997       0.519890158324398     
   3.44999999999997       0.524189625969166     
   3.45999999999997       0.528584019478508     
   3.46999999999997       0.533018970612856     
   3.47999999999997       0.537440904355594     
   3.48999999999997       0.541799303696185     
   3.49999999999997       0.546048459836385     
   3.50999999999997       0.550148643450946     
   3.51999999999997       0.554066717745881     
   3.52999999999997       0.557776274172643     
   3.53999999999997       0.561257407490127     
   3.54999999999997       0.564496260998746     
   3.55999999999997       0.567484465590172     
   3.56999999999997       0.570218568508826     
   3.57999999999997       0.572699505261165     
   3.58999999999997       0.574932122897976     
   3.59999999999997       0.576924728674515     
   3.60999999999997       0.578688624107358     
   3.61999999999997       0.580237591644612     
   3.62999999999997       0.581587322812904     
   3.63999999999997       0.582754802282851     
   3.64999999999997       0.583757682166852     
   3.65999999999997       0.584613689511448     
   3.66999999999997       0.585340106840061     
   3.67999999999997       0.585953353999272     
   3.68999999999997       0.586468684321114     
   3.69999999999997       0.586899993658381     
   3.70999999999996       0.587259729996182     
   3.71999999999996       0.587558885089489     
   3.72999999999996       0.587807047541954     
   3.73999999999996       0.588012497822542     
   3.74999999999996       0.588182328657261     
   3.75999999999996       0.588322577973747     
   3.76999999999996       0.588438365391246     
   3.77999999999996       0.588534026744161     
   3.78999999999996       0.588613244174070     
   3.79999999999996       0.588679171975029     
   3.80999999999996       0.588734560794546     
   3.81999999999996       0.588781885203553     
   3.82999999999996       0.588823482294096     
   3.83999999999996       0.588861712035977     
   3.84999999999996       0.588899153629758     
   3.85999999999996       0.588938855548423     
   3.86999999999996       0.588984658747894     
   3.87999999999996       0.589041608701744     
   3.88999999999996       0.589116454328820     
   3.89999999999996       0.589218186311996     
   3.90999999999996       0.589358474806775     
   3.91999999999996       0.589551716377664     
   3.92999999999996       0.589814226171274     
   3.93999999999996       0.590162047307620     
   3.94999999999996       0.590607130105011     
   3.95999999999996       0.591152413422129     
   3.96999999999996       0.591787370149896     
   3.97999999999996       0.592486179931984     
   3.98999999999996       0.593210255586089     
   3.99999999999996       0.593915269902305     
   4.00999999999996       0.594560632456506     
   4.01999999999996       0.595117802049784     
   4.02999999999996       0.595574218563380     
   4.03999999999996       0.595932010329413     
   4.04999999999996       0.596203252438541     
   4.05999999999996       0.596404539518075     
   4.06999999999996       0.596552825469162     
   4.07999999999996       0.596663103765945     
   4.08999999999996       0.596747588843341     
   4.09999999999996       0.596815794344221     
   4.10999999999996       0.596875009723513     
   4.11999999999996       0.596930875262345     
   4.12999999999996       0.596987915174979     
   4.13999999999996       0.597049983475013     
   4.14999999999996       0.597120623063285     
   4.15999999999996       0.597203355844645     
   4.16999999999996       0.597301925303372     
   4.17999999999996       0.597420511101259     
   4.18999999999996       0.597563931829563     
   4.19999999999995       0.597737848619157     
   4.20999999999995       0.597948979334293     
   4.21999999999995       0.598205330493672     
   4.22999999999995       0.598516451635329     
   4.23999999999995       0.598893714266627     
   4.24999999999995       0.599350614518546     
   4.25999999999995       0.599903094901682     
   4.26999999999995       0.600569875989067     
   4.27999999999995       0.601372783451655     
   4.28999999999995       0.602337049933617     
   4.29999999999995       0.603491565402703     
   4.30999999999995       0.604869044818204     
   4.31999999999995       0.606506079407481     
   4.32999999999995       0.608443038573716     
   4.33999999999995       0.610723793808452     
   4.34999999999995       0.613395242936652     
   4.35999999999995       0.616506619810434     
   4.36999999999995       0.620108576977279     
   4.37999999999995       0.624252022644243     
   4.38999999999995       0.628986676751114     
   4.39999999999995       0.634359288071995     
   4.40999999999995       0.640411436619091     
   4.41999999999995       0.647176851685185     
   4.42999999999995       0.654678225227018     
   4.43999999999995       0.662923603265373     
   4.44999999999995       0.671902584568832     
   4.45999999999995       0.681582712638488     
   4.46999999999995       0.691906568456050     
   4.47999999999995       0.702790120919788     
   4.48999999999995       0.714122853330464     
   4.49999999999995       0.725770054529081     
   4.50999999999995       0.737577440753620     
   4.51999999999995       0.749377967582672     
   4.52999999999995       0.761000340571496     
   4.53999999999995       0.772278412866205     
   4.54999999999995       0.783060451061372     
   4.55999999999995       0.793217215265919     
   4.56999999999995       0.802647952523978     
   4.57999999999995       0.811283717997558     
   4.58999999999995       0.819087851497631     
   4.59999999999995       0.826053858263811     
   4.60999999999995       0.832201279984096     
   4.61999999999995       0.837570329176771     
   4.62999999999995       0.842216078836495     
   4.63999999999995       0.846202879126690     
   4.64999999999995       0.849599472688929     
   4.65999999999995       0.852475062576144     
   4.66999999999994       0.854896399045438     
   4.67999999999994       0.856925817373833     
   4.68999999999994       0.858620081795493     
   4.69999999999994       0.860029860995687     
   4.70999999999994       0.861199663699363     
   4.71999999999994       0.862168084609908     
   4.72999999999994       0.862968240332546     
   4.73999999999994       0.863628304802967     
   4.74999999999994       0.864172080237134     
   4.75999999999994       0.864619561143950     
   4.76999999999994       0.864987465337860     
   4.77999999999994       0.865289717724027     
   4.78999999999994       0.865537880755934     
   4.79999999999994       0.865741530757703     
   4.80999999999994       0.865908582531398     
   4.81999999999994       0.866045566456320     
   4.82999999999994       0.866157863108582     
   4.83999999999994       0.866249900631695     
   4.84999999999994       0.866325319917156     
   4.85999999999994       0.866387112274316     
   4.86999999999994       0.866437733789753     
   4.87999999999994       0.866479200068207     
   4.88999999999994       0.866513164550060     
   4.89999999999994       0.866540983138634     
   4.90999999999994       0.866563767454478     
   4.91999999999994       0.866582428667768     
   4.92999999999994       0.866597713542613     
   4.93999999999994       0.866610234055532     
   4.94999999999994       0.866620491720212     
   4.95999999999994       0.866628897556700     
   4.96999999999994       0.866635788480810     
   4.97999999999994       0.866641440754585     
   4.98999999999994       0.866646081025837     
   4.99999999999994       0.866649895392283     
   5.00999999999994       0.866653036848840     
   5.01999999999994       0.866655631413386     
   5.02999999999994       0.866657783174657     
   5.03999999999994       0.866659578463073     
   5.04999999999994       0.866661089311173     
   5.05999999999994       0.866662376341444     
   5.06999999999994       0.866663491197158     
   5.07999999999994       0.866664478613462     
   5.08999999999994       0.866665378211447     
   5.09999999999994       0.866666226087106     
   5.10999999999994       0.866667056258649     
   5.11999999999994       0.866667902030193     
   5.12999999999994       0.866668797326126     
   5.13999999999993       0.866669778049528     
   5.14999999999993       0.866670883518477     
   5.15999999999993       0.866672158037197     
   5.16999999999993       0.866673652664206     
   5.17999999999993       0.866675427246406     
   5.18999999999993       0.866677552798713     
   5.19999999999993       0.866680114320929     
   5.20999999999993       0.866683214159644     
   5.21999999999993       0.866686976041984     
   5.22999999999993       0.866691549931572     
   5.23999999999993       0.866697117883518     
   5.24999999999993       0.866703901107778     
   5.25999999999993       0.866712168485138     
   5.26999999999993       0.866722246820364     
   5.27999999999993       0.866734533158867     
   5.28999999999993       0.866749509535297     
   5.29999999999993       0.866767760560886     
   5.30999999999993       0.866789994282810     
   5.31999999999993       0.866817066753395     
   5.32999999999993       0.866850010712704     
   5.33999999999993       0.866890068689409     
   5.34999999999993       0.866938730627548     
   5.35999999999993       0.866997775800470     
   5.36999999999993       0.867069318214226     
   5.37999999999993       0.867155853846507     
   5.38999999999993       0.867260306818965     
   5.39999999999993       0.867386069859952     
   5.40999999999993       0.867537032104517     
   5.41999999999993       0.867717584393908     
   5.42999999999993       0.867932588921946     
   5.43999999999993       0.868187296746817     
   5.44999999999993       0.868487194167357     
   5.45999999999993       0.868837758627270     
   5.46999999999993       0.869244108597709     
   5.47999999999993       0.869710542075595     
   5.48999999999993       0.870239976840373     
   5.49999999999993       0.870833332722144     
   5.50999999999993       0.871488928830936     
   5.51999999999993       0.872201999275768     
   5.52999999999993       0.872964447231120     
   5.53999999999993       0.873764945945807     
   5.54999999999993       0.874589448268249     
   5.55999999999993       0.875422087602493     
   5.56999999999993       0.876246362465201     
   5.57999999999993       0.877046423878513     
   5.58999999999993       0.877808257101496     
   5.59999999999993       0.878520577688007     
   5.60999999999992       0.879175335251710     
   5.61999999999992       0.879767809088747     
   5.62999999999992       0.880296358128161     
   5.63999999999992       0.880761934198723     
   5.64999999999992       0.881167478403234     
   5.65999999999992       0.881517303770413     
   5.66999999999992       0.881816536671531     
   5.67999999999992       0.882070656828269     
   5.68999999999992       0.882285148736266     
   5.69999999999992       0.882465258947170     
   5.70999999999992       0.882615843568394     
   5.71999999999992       0.882741286625549     
   5.72999999999992       0.882845470310568     
   5.73999999999992       0.882931780677547     
   5.74999999999992       0.883003135680700     
   5.75999999999992       0.883062025760764     
   5.76999999999992       0.883110560062721     
   5.77999999999992       0.883150513669954     
   5.78999999999992       0.883183372973251     
   5.79999999999992       0.883210377535585     
   5.80999999999992       0.883232557664296     
   5.81999999999992       0.883250767458860     
   5.82999999999992       0.883265713445343     
   5.83999999999992       0.883277979105584     
   5.84999999999992       0.883288045705071     
   5.85999999999992       0.883296309859076     
   5.86999999999992       0.883303098270504     
   5.87999999999992       0.883308680046773     
   5.88999999999992       0.883313276965047     
   5.89999999999992       0.883317072012975     
   5.90999999999992       0.883320216490673     
   5.91999999999992       0.883322835920505     
   5.92999999999992       0.883325034975367     
   5.93999999999992       0.883326901606402     
   5.94999999999992       0.883328510523508     
   5.95999999999992       0.883329926160575     
   5.96999999999992       0.883331205239280     
   5.97999999999992       0.883332399030370     
   5.98999999999992       0.883333555401215     
   5.99999999999992       0.883334720729848     
   6.00999999999992       0.883335941761133     
   6.01999999999992       0.883337267478887     
   6.02999999999992       0.883338751068630     
   6.03999999999992       0.883340452048764     
   6.04999999999992       0.883342438655426     
   6.05999999999992       0.883344790576226     
   6.06999999999992       0.883347602141454     
   6.07999999999991       0.883350986100379     
   6.08999999999991       0.883355078131550     
   6.09999999999991       0.883360042266954     
   6.10999999999991       0.883366077443438     
   6.11999999999991       0.883373425439674     
   6.12999999999991       0.883382380509102     
   6.13999999999991       0.883393301084787     
   6.14999999999991       0.883406624008426     
   6.15999999999991       0.883422881829675     
   6.16999999999991       0.883442723832554     
   6.17999999999991       0.883466941577261     
   6.18999999999991       0.883496499899401     
   6.19999999999991       0.883532574487740     
   6.20999999999991       0.883576597366190     
   6.21999999999991       0.883630311834789     
   6.22999999999991       0.883695838673355     
   6.23999999999991       0.883775755673515     
   6.24999999999991       0.883873192817563     
   6.25999999999991       0.883991945639434     
   6.26999999999991       0.884136609435590     
   6.27999999999991       0.884312736961735     
   6.28999999999991       0.884527021949586     
   6.29999999999991       0.884787510034777     
   6.30999999999991       0.885103837283232     
   6.31999999999991       0.885487494121877     
   6.32999999999991       0.885952108735137     
   6.33999999999991       0.886513738397471     
   6.34999999999991       0.887191149273432     
   6.35999999999991       0.888006054474640     
   6.36999999999991       0.888983266437727     
   6.37999999999991       0.890150703376608     
   6.38999999999991       0.891539172144697     
   6.39999999999991       0.893181834447874     
   6.40999999999991       0.895113255346187     
   6.41999999999991       0.897367940108222     
   6.42999999999991       0.899978297067994     
   6.43999999999991       0.902972028681419     
   6.44999999999991       0.906369053792116     
   6.45999999999991       0.910178193737828     
   6.46999999999991       0.914393990741724     
   6.47999999999991       0.918994131926997     
   6.48999999999991       0.923937983619322     
   6.49999999999991       0.929166666500593     
   6.50999999999991       0.934604918305110     
   6.51999999999991       0.940164727109062     
   6.52999999999991       0.945750430588879     
   6.53999999999991       0.951264727413387     
   6.54999999999990       0.956614887852359     
   6.55999999999990       0.961718413680735     
   6.56999999999990       0.966507491782529     
   6.57999999999990       0.970931795120472     
   6.58999999999990       0.974959465312042     
   6.59999999999990       0.978576399199864     
   6.60999999999990       0.981784192337660     
   6.61999999999990       0.984597220879563     
   6.62999999999990       0.987039359849656     
   6.63999999999990       0.989140762093265     
   6.64999999999990       0.990934998024057     
   6.65999999999990       0.992456721938542     
   6.66999999999990       0.993739915350597     
   6.67999999999990       0.994816675673970     
   6.68999999999990       0.995716471131711     
   6.69999999999990       0.996465763856985     
   6.70999999999990       0.997087903835559     
   6.71999999999990       0.997603208149405     
   6.72999999999990       0.998029156429648     
   6.73999999999990       0.998380650311427     
   6.74999999999990       0.998670299714034     
   6.75999999999990       0.998908711021128     
   6.76999999999990       0.999104761593517     
   6.77999999999990       0.999265851832282     
   6.78999999999990       0.999398130692459     
   6.79999999999990       0.999506693624121     
   6.80999999999990       0.999595753821984     
   6.81999999999990       0.999668788741914     
   6.82999999999990       0.999728664374169     
   6.83999999999990       0.999777739927924     
   6.84999999999990       0.999817955537097     
   6.85999999999990       0.999850905420340     
   6.86999999999990       0.999877898694264     
   6.87999999999990       0.999900009781098     
   6.88999999999990       0.999918120095308     
   6.89999999999990       0.999932952454389     
   6.90999999999990       0.999945099441079     
   6.91999999999990       0.999955046750948     
   6.92999999999990       0.999963192393550     
   6.93999999999990       0.999969862470013     
   6.94999999999990       0.999975324129416     
   6.95999999999990       0.999979796202258     
   6.96999999999990       0.999983457923678     
   6.97999999999990       0.999986456087299     
   6.98999999999990       0.999988910909910     
   6.99999999999990       0.999990920838414     
   7.00999999999989       0.999992566488858     
   7.01999999999989       0.999993913873858     
   7.02999999999989       0.999995017046370     
   7.03999999999989       0.999995920265758     
   7.04999999999989       0.999996659771395     
   7.05999999999989       0.999997265235596     
   7.06999999999989       0.999997760953165     
   7.07999999999989       0.999998166816061     
   7.08999999999989       0.999998499110951     
   7.09999999999989       0.999998771172610     
   7.10999999999989       0.999998993919001     
   7.11999999999989       0.999999176289021     
   7.12999999999989       0.999999325601488     
   7.13999999999989       0.999999447848501     
   7.14999999999989       0.999999547936198     
   7.15999999999989       0.999999629881126     
   7.16999999999989       0.999999696972085     
   7.17999999999989       0.999999751901587     
   7.18999999999989       0.999999796874120     
   7.19999999999989       0.999999833694540     
   7.20999999999989       0.999999863840592     
   7.21999999999989       0.999999888522047     
   7.22999999999989       0.999999908729547     
   7.23999999999989       0.999999925274087     
   7.24999999999989       0.999999938819553     
   7.25999999999989       0.999999949909728     
   7.26999999999989       0.999999958989531     
   7.27999999999989       0.999999966423443     
   7.28999999999989       0.999999972509856     
   7.29999999999989       0.999999977492948     
   7.30999999999989       0.999999981572793     
   7.31999999999989       0.999999984913078     
   7.32999999999989       0.999999987647861     
   7.33999999999989       0.999999989886929     
   7.34999999999989       0.999999991720111     
   7.35999999999989       0.999999993220994     
   7.36999999999989       0.999999994449852     
   7.37999999999989       0.999999995455917     
   7.38999999999989       0.999999996279592     
   7.39999999999989       0.999999996953974     
   7.40999999999989       0.999999997506163     
   7.41999999999989       0.999999997958220     
   7.42999999999989       0.999999998328341     
   7.43999999999989       0.999999998631362     
   7.44999999999989       0.999999998879456     
   7.45999999999989       0.999999999082548     
   7.46999999999989       0.999999999248874     
   7.47999999999988       0.999999999385035     
   7.48999999999988       0.999999999496504     
   7.49999999999988       0.999999999587786     
   7.50999999999988       0.999999999662509     
   7.51999999999988       0.999999999723664     
   7.52999999999988       0.999999999773732     
   7.53999999999988       0.999999999814796     
   7.54999999999988       0.999999999848327     
   7.55999999999988       0.999999999875829     
   7.56999999999988       0.999999999898354     
   7.57999999999988       0.999999999916744     
   7.58999999999988       0.999999999931853     
   7.59999999999988       0.999999999944217     
   7.60999999999988       0.999999999954312     
   7.61999999999988       0.999999999962580     
   7.62999999999988       0.999999999969409     
   7.63999999999988       0.999999999974911     
   7.64999999999988       0.999999999979486     
   7.65999999999988       0.999999999983214     
   7.66999999999988       0.999999999986223     
   7.67999999999988       0.999999999988724     
   7.68999999999988       0.999999999990783     
   7.69999999999988       0.999999999992415     
   7.70999999999988       0.999999999993816     
   7.71999999999988       0.999999999994919     
   7.72999999999988       0.999999999995859     
   7.73999999999988       0.999999999996605     
   7.74999999999988       0.999999999997213     
   7.75999999999988       0.999999999997704     
   7.76999999999988       0.999999999998167     
   7.77999999999988       0.999999999998494     
   7.78999999999988       0.999999999998762     
   7.79999999999988       0.999999999998960     
   7.80999999999988       0.999999999999156     
   7.81999999999988       0.999999999999286     
   7.82999999999988       0.999999999999423     
   7.83999999999988       0.999999999999523     
   7.84999999999988       0.999999999999634     
   7.85999999999988       0.999999999999667     
   7.86999999999988       0.999999999999753     
   7.87999999999988       0.999999999999782     
   7.88999999999988       0.999999999999848     
   7.89999999999988       0.999999999999860     
   7.90999999999988       0.999999999999883     
   7.91999999999988       0.999999999999887     
   7.92999999999988       0.999999999999947     
   7.93999999999988       0.999999999999953     
   7.94999999999987       0.999999999999969     
   7.95999999999987       0.999999999999986     
   7.96999999999987       0.999999999999987     
   7.97999999999987       0.999999999999992     
   7.98999999999987       0.999999999999993     
   7.99999999999987       0.999999999999997     
   8.00999999999987       0.999999999999997     
   8.01999999999987       0.999999999999998     
   8.02999999999987        1.00000000000000     
   8.03999999999987        1.00000000000000     
   8.04999999999987        1.00000000000000     
   8.05999999999987        1.00000000000000     
   8.06999999999987        1.00000000000000     
   8.07999999999987        1.00000000000000     
   8.08999999999987        1.00000000000000     
   8.09999999999987        1.00000000000000     
   8.10999999999987        1.00000000000000     
   8.11999999999987        1.00000000000000     
   8.12999999999987        1.00000000000000     
   8.13999999999987        1.00000000000000     
   8.14999999999987        1.00000000000000     
   8.15999999999987        1.00000000000000     
   8.16999999999987        1.00000000000000     
   8.17999999999987        1.00000000000000     
   8.18999999999987        1.00000000000000     
   8.19999999999987        1.00000000000000     
   8.20999999999987        1.00000000000000     
   8.21999999999987        1.00000000000000     
   8.22999999999987        1.00000000000000     
   8.23999999999987        1.00000000000000     
   8.24999999999987        1.00000000000000     
   8.25999999999987        1.00000000000000     
   8.26999999999987        1.00000000000000     
   8.27999999999987        1.00000000000000     
   8.28999999999987        1.00000000000000     
   8.29999999999987        1.00000000000000     
   8.30999999999987        1.00000000000000     
   8.31999999999987        1.00000000000000     
   8.32999999999987        1.00000000000000     
   8.33999999999987        1.00000000000000     
   8.34999999999987        1.00000000000000     
   8.35999999999987        1.00000000000000     
   8.36999999999987        1.00000000000000     
   8.37999999999987        1.00000000000000     
   8.38999999999987        1.00000000000000     
   8.39999999999987        1.00000000000000     
   8.40999999999987        1.00000000000000     
   8.41999999999986        1.00000000000000     
   8.42999999999986        1.00000000000000     
   8.43999999999986        1.00000000000000     
   8.44999999999986        1.00000000000000     
   8.45999999999986        1.00000000000000     
   8.46999999999986        1.00000000000000     
   8.47999999999986        1.00000000000000     
   8.48999999999986        1.00000000000000     
   8.49999999999986        1.00000000000000     
   8.50999999999986        1.00000000000000     
   8.51999999999986        1.00000000000000     
   8.52999999999986        1.00000000000000     
   8.53999999999986        1.00000000000000     
   8.54999999999986        1.00000000000000     
   8.55999999999986        1.00000000000000     
   8.56999999999986        1.00000000000000     
   8.57999999999986        1.00000000000000     
   8.58999999999986        1.00000000000000     
   8.59999999999986        1.00000000000000     
   8.60999999999986        1.00000000000000     
   8.61999999999986        1.00000000000000     
   8.62999999999986        1.00000000000000     
   8.63999999999986        1.00000000000000     
   8.64999999999986        1.00000000000000     
   8.65999999999986        1.00000000000000     
   8.66999999999986        1.00000000000000     
   8.67999999999986        1.00000000000000     
   8.68999999999986        1.00000000000000     
   8.69999999999986        1.00000000000000     
   8.70999999999986        1.00000000000000     
   8.71999999999986        1.00000000000000     
   8.72999999999986        1.00000000000000     
   8.73999999999986        1.00000000000000     
   8.74999999999986        1.00000000000000     
   8.75999999999986        1.00000000000000     
   8.76999999999986        1.00000000000000     
   8.77999999999986        1.00000000000000     
   8.78999999999986        1.00000000000000     
   8.79999999999986        1.00000000000000     
   8.80999999999986        1.00000000000000     
   8.81999999999986        1.00000000000000     
   8.82999999999986        1.00000000000000     
   8.83999999999986        1.00000000000000     
   8.84999999999986        1.00000000000000     
   8.85999999999986        1.00000000000000     
   8.86999999999986        1.00000000000000     
   8.87999999999986        1.00000000000000     
   8.88999999999985        1.00000000000000     
   8.89999999999985        1.00000000000000     
   8.90999999999985        1.00000000000000     
   8.91999999999985        1.00000000000000     
   8.92999999999985        1.00000000000000     
   8.93999999999985        1.00000000000000     
   8.94999999999985        1.00000000000000     
   8.95999999999985        1.00000000000000     
   8.96999999999985        1.00000000000000     
   8.97999999999985        1.00000000000000     
   8.98999999999985        1.00000000000000     
   8.99999999999985        1.00000000000000     
   9.00999999999985        1.00000000000000     
   9.01999999999985        1.00000000000000     
   9.02999999999985        1.00000000000000     
   9.03999999999985        1.00000000000000     
   9.04999999999985        1.00000000000000     
   9.05999999999985        1.00000000000000     
   9.06999999999985        1.00000000000000     
   9.07999999999985        1.00000000000000     
   9.08999999999985        1.00000000000000     
   9.09999999999985        1.00000000000000     
   9.10999999999985        1.00000000000000     
   9.11999999999985        1.00000000000000     
   9.12999999999985        1.00000000000000     
   9.13999999999985        1.00000000000000     
   9.14999999999985        1.00000000000000     
   9.15999999999985        1.00000000000000     
   9.16999999999985        1.00000000000000     
   9.17999999999985        1.00000000000000     
   9.18999999999985        1.00000000000000     
   9.19999999999985        1.00000000000000     
   9.20999999999985        1.00000000000000     
   9.21999999999985        1.00000000000000     
   9.22999999999985        1.00000000000000     
   9.23999999999985        1.00000000000000     
   9.24999999999985        1.00000000000000     
   9.25999999999985        1.00000000000000     
   9.26999999999985        1.00000000000000     
   9.27999999999985        1.00000000000000     
   9.28999999999985        1.00000000000000     
   9.29999999999985        1.00000000000000     
   9.30999999999985        1.00000000000000     
   9.31999999999985        1.00000000000000     
   9.32999999999985        1.00000000000000     
   9.33999999999985        1.00000000000000     
   9.34999999999985        1.00000000000000     
   9.35999999999984        1.00000000000000     
   9.36999999999984        1.00000000000000     
   9.37999999999984        1.00000000000000     
   9.38999999999984        1.00000000000000     
   9.39999999999984        1.00000000000000     
   9.40999999999984        1.00000000000000     
   9.41999999999984        1.00000000000000     
   9.42999999999984        1.00000000000000     
   9.43999999999984        1.00000000000000     
   9.44999999999984        1.00000000000000     
   9.45999999999984        1.00000000000000     
   9.46999999999984        1.00000000000000     
   9.47999999999984        1.00000000000000     
   9.48999999999984        1.00000000000000     
   9.49999999999984        1.00000000000000     
   9.50999999999984        1.00000000000000     
   9.51999999999984        1.00000000000000     
   9.52999999999984        1.00000000000000     
   9.53999999999984        1.00000000000000     
   9.54999999999984        1.00000000000000     
   9.55999999999984        1.00000000000000     
   9.56999999999984        1.00000000000000     
   9.57999999999984        1.00000000000000     
   9.58999999999984        1.00000000000000     
   9.59999999999984        1.00000000000000     
   9.60999999999984        1.00000000000000     
   9.61999999999984        1.00000000000000     
   9.62999999999984        1.00000000000000     
   9.63999999999984        1.00000000000000     
   9.64999999999984        1.00000000000000     
   9.65999999999984        1.00000000000000     
   9.66999999999984        1.00000000000000     
   9.67999999999984        1.00000000000000     
   9.68999999999984        1.00000000000000     
   9.69999999999984        1.00000000000000     
   9.70999999999984        1.00000000000000     
   9.71999999999984        1.00000000000000     
   9.72999999999984        1.00000000000000     
   9.73999999999984        1.00000000000000     
   9.74999999999984        1.00000000000000     
   9.75999999999984        1.00000000000000     
   9.76999999999984        1.00000000000000     
   9.77999999999984        1.00000000000000     
   9.78999999999984        1.00000000000000     
   9.79999999999984        1.00000000000000     
   9.80999999999984        1.00000000000000     
   9.81999999999984        1.00000000000000     
   9.82999999999983        1.00000000000000     
   9.83999999999983        1.00000000000000     
   9.84999999999983        1.00000000000000     
   9.85999999999983        1.00000000000000     
   9.86999999999983        1.00000000000000     
   9.87999999999983        1.00000000000000     
   9.88999999999983        1.00000000000000     
   9.89999999999983        1.00000000000000     
   9.90999999999983        1.00000000000000     
   9.91999999999983        1.00000000000000     
   9.92999999999983        1.00000000000000     
   9.93999999999983        1.00000000000000     
   9.94999999999983        1.00000000000000     
   9.95999999999983        1.00000000000000     
   9.96999999999983        1.00000000000000     
   9.97999999999983        1.00000000000000     
   9.98999999999983        1.00000000000000     
   9.99999999999983        1.00000000000000     
