   0.0000000000000000        1.0102166524938553E-017
   1.0000000000000000E-002   1.2667796227868426E-002
   2.0000000000000000E-002   2.5151253567051401E-002
   2.9999999999999999E-002   3.7275864177380998E-002
   4.0000000000000001E-002   4.8885706803809027E-002
   5.0000000000000003E-002   5.9850264124816220E-002
   6.0000000000000005E-002   7.0068793573495200E-002
   7.0000000000000007E-002   7.9472133386852759E-002
   8.0000000000000002E-002   8.8022158648471974E-002
   8.9999999999999997E-002   9.5709327068391789E-002
   9.9999999999999992E-002  0.10254886367306670     
  0.10999999999999999       0.10857614759981409     
  0.11999999999999998       0.11384181249693791     
  0.12999999999999998       0.11840698206445792     
  0.13999999999999999       0.12233895488193440     
  0.14999999999999999       0.12570754257469305     
  0.16000000000000000       0.12858216315685608     
  0.17000000000000001       0.13102970489249868     
  0.18000000000000002       0.13311311043617005     
  0.19000000000000003       0.13489058842253562     
  0.20000000000000004       0.13641533884346979     
  0.21000000000000005       0.13773567557617200     
  0.22000000000000006       0.13889543895869497     
  0.23000000000000007       0.13993460786563014     
  0.24000000000000007       0.14089003965093366     
  0.25000000000000006       0.14179628418344531     
  0.26000000000000006       0.14268643283559909     
  0.27000000000000007       0.14359297351628769     
  0.28000000000000008       0.14454862814225586     
  0.29000000000000009       0.14558714918177557     
  0.30000000000000010       0.14674404717800216     
  0.31000000000000011       0.14805721179773640     
  0.32000000000000012       0.14956737565887357     
  0.33000000000000013       0.15131835430591317     
  0.34000000000000014       0.15335697952383451     
  0.35000000000000014       0.15573263024368747     
  0.36000000000000015       0.15849626048406559     
  0.37000000000000016       0.16169883310052915     
  0.38000000000000017       0.16538909801609114     
  0.39000000000000018       0.16961070965888098     
  0.40000000000000019       0.17439876327939632     
  0.41000000000000020       0.17977594083616413     
  0.42000000000000021       0.18574858270529349     
  0.43000000000000022       0.19230311916932824     
  0.44000000000000022       0.19940337343862055     
  0.45000000000000023       0.20698925144020985     
  0.46000000000000024       0.21497723874732316     
  0.47000000000000025       0.22326293110446740     
  0.48000000000000026       0.23172555969042635     
  0.49000000000000027       0.24023418451219486     
  0.50000000000000022       0.24865497436572467     
  0.51000000000000023       0.25685881747501760     
  0.52000000000000024       0.26472844663578010     
  0.53000000000000025       0.27216433178613419     
  0.54000000000000026       0.27908878343165267     
  0.55000000000000027       0.28544798645609049     
  0.56000000000000028       0.29121198657384173     
  0.57000000000000028       0.29637291615809719     
  0.58000000000000029       0.30094192355149796     
  0.59000000000000030       0.30494534116081173     
  0.60000000000000031       0.30842060288021544     
  0.61000000000000032       0.31141232933390683     
  0.62000000000000033       0.31396887407709040     
  0.63000000000000034       0.31613949501921651     
  0.64000000000000035       0.31797220379189023     
  0.65000000000000036       0.31951226259300292     
  0.66000000000000036       0.32080124573436486     
  0.67000000000000037       0.32187655826956696     
  0.68000000000000038       0.32277130008014376     
  0.69000000000000039       0.32351437329220650     
  0.70000000000000040       0.32413074739457737     
  0.71000000000000041       0.32464181509146700     
  0.72000000000000042       0.32506578966044652     
  0.73000000000000043       0.32541810978404029     
  0.74000000000000044       0.32571182991049658     
  0.75000000000000044       0.32595798324447267     
  0.76000000000000045       0.32616591086064972     
  0.77000000000000046       0.32634355467118109     
  0.78000000000000047       0.32649771454644022     
  0.79000000000000048       0.32663427120112992     
  0.80000000000000049       0.32675837683978953     
  0.81000000000000050       0.32687461525304085     
  0.82000000000000051       0.32698713225988357     
  0.83000000000000052       0.32709973627426814     
  0.84000000000000052       0.32721596753219512     
  0.85000000000000053       0.32733913341680465     
  0.86000000000000054       0.32747230674125144     
  0.87000000000000055       0.32761828429087364     
  0.88000000000000056       0.32777950494803737     
  0.89000000000000057       0.32795793078931962     
  0.90000000000000058       0.32815490074208742     
  0.91000000000000059       0.32837097407830257     
  0.92000000000000060       0.32860578858740669     
  0.93000000000000060       0.32885796318710736     
  0.94000000000000061       0.32912507422035842     
  0.95000000000000062       0.32940372687572428     
  0.96000000000000063       0.32968972834071164     
  0.97000000000000064       0.32997835047059471     
  0.98000000000000065       0.33026465196830002     
  0.99000000000000066       0.33054381848641490     
   1.0000000000000007       0.33081147681091866     
   1.0100000000000007       0.33106394628970698     
   1.0200000000000007       0.33129840405827715     
   1.0300000000000007       0.33151295629402328     
   1.0400000000000007       0.33170662201021728     
   1.0500000000000007       0.33187924639146027     
   1.0600000000000007       0.33203136638258224     
   1.0700000000000007       0.33216405229341672     
   1.0800000000000007       0.33227874647734612     
   1.0900000000000007       0.33237711505670298     
   1.1000000000000008       0.33246092269863503     
   1.1100000000000008       0.33253193486150412     
   1.1200000000000008       0.33259184754698207     
   1.1300000000000008       0.33264224171160045     
   1.1400000000000008       0.33268455801790314     
   1.1500000000000008       0.33272008721976720     
   1.1600000000000008       0.33274997179752575     
   1.1700000000000008       0.33277521514926384     
   1.1800000000000008       0.33279669545832380     
   1.1900000000000008       0.33281518214067718     
   1.2000000000000008       0.33283135345176840     
   1.2100000000000009       0.33284581437458521     
   1.2200000000000009       0.33285911432293647     
   1.2300000000000009       0.33287176449436745     
   1.2400000000000009       0.33288425491846768     
   1.2500000000000009       0.33289707138978286     
   1.2600000000000009       0.33291071256763027     
   1.2700000000000009       0.33292570758059747     
   1.2800000000000009       0.33294263449934619     
   1.2900000000000009       0.33296214004144142     
   1.3000000000000009       0.33298496084679102     
   1.3100000000000009       0.33301194661027900     
   1.3200000000000010       0.33304408527723711     
   1.3300000000000010       0.33308253039712998     
   1.3400000000000010       0.33312863059457098     
   1.3500000000000010       0.33318396096377628     
   1.3600000000000010       0.33325035603516290     
   1.3700000000000010       0.33332994380805298     
   1.3800000000000010       0.33342518017232919     
   1.3900000000000010       0.33353888277501204     
   1.4000000000000010       0.33367426284540785     
   1.4100000000000010       0.33383495237372862     
   1.4200000000000010       0.33402502195857098     
   1.4300000000000010       0.33424898127754332     
   1.4400000000000011       0.33451174949768414     
   1.4500000000000011       0.33481857767564344     
   1.4600000000000011       0.33517490081018636     
   1.4700000000000011       0.33558609601917311     
   1.4800000000000011       0.33605712803162546     
   1.4900000000000011       0.33659207617351583     
   1.5000000000000011       0.33719355932258910     
   1.5100000000000011       0.33786210554087581     
   1.5200000000000011       0.33859554646573353     
   1.5300000000000011       0.33938854440305871     
   1.5400000000000011       0.34023237098880893     
   1.5500000000000012       0.34111503942046123     
   1.5600000000000012       0.34202184270052238     
   1.5700000000000012       0.34293627424236678     
   1.5800000000000012       0.34384122315198890     
   1.5900000000000012       0.34472027048923376     
   1.6000000000000012       0.34555888775258164     
   1.6100000000000012       0.34634536391301651     
   1.6200000000000012       0.34707135340142004     
   1.6300000000000012       0.34773202148963916     
   1.6400000000000012       0.34832583930179761     
   1.6500000000000012       0.34885412958391721     
   1.6600000000000013       0.34932048045619496     
   1.6700000000000013       0.34973013314727475     
   1.6800000000000013       0.35008942254749104     
   1.6900000000000013       0.35040531788156570     
   1.7000000000000013       0.35068508308803864     
   1.7100000000000013       0.35093605652329601     
   1.7200000000000013       0.35116553787752469     
   1.7300000000000013       0.35138076523221057     
   1.7400000000000013       0.35158896486190672     
   1.7500000000000013       0.35179745867279660     
   1.7600000000000013       0.35201381753568950     
   1.7700000000000014       0.35224605218459820     
   1.7800000000000014       0.35250283619746087     
   1.7900000000000014       0.35279375749897690     
   1.8000000000000014       0.35312959560400242     
   1.8100000000000014       0.35352262126199091     
   1.8200000000000014       0.35398691304897623     
   1.8300000000000014       0.35453868151403373     
   1.8400000000000014       0.35519658542141130     
   1.8500000000000014       0.35598201617673003     
   1.8600000000000014       0.35691931559549561     
   1.8700000000000014       0.35803587905327666     
   1.8800000000000014       0.35936208170345557     
   1.8900000000000015       0.36093095182413493     
   1.9000000000000015       0.36277750577433232     
   1.9100000000000015       0.36493765837170544     
   1.9200000000000015       0.36744663702391706     
   1.9300000000000015       0.37033686448780745     
   1.9400000000000015       0.37363533915381242     
   1.9500000000000015       0.37736063409513282     
   1.9600000000000015       0.38151974887483336     
   1.9700000000000015       0.38610516134062944     
   1.9800000000000015       0.39109250899817044     
   1.9900000000000015       0.39643934559914940     
   2.0000000000000013       0.40208534261614159     
   2.0100000000000011       0.40795413591782170     
   2.0200000000000009       0.41395678415058129     
   2.0300000000000007       0.41999655796854135     
   2.0400000000000005       0.42597457236644315     
   2.0500000000000003       0.43179564766098338     
   2.0600000000000001       0.43737375664001454     
   2.0699999999999998       0.44263648601870037     
   2.0799999999999996       0.44752809533498694     
   2.0899999999999994       0.45201096863892681     
   2.0999999999999992       0.45606548507914002     
   2.1099999999999990       0.45968853983071195     
   2.1199999999999988       0.46289108912130450     
   2.1299999999999986       0.46569515242059145     
   2.1399999999999983       0.46813068369565242     
   2.1499999999999981       0.47023264321116792     
   2.1599999999999979       0.47203849177982249     
   2.1699999999999977       0.47358621912846849     
   2.1799999999999975       0.47491292694724702     
   2.1899999999999973       0.47605392426408533     
   2.1999999999999971       0.47704225808732509     
   2.2099999999999969       0.47790859041264427     
   2.2199999999999966       0.47868133635958154     
   2.2299999999999964       0.47938699046464855     
   2.2399999999999962       0.48005058365679709     
   2.2499999999999960       0.48069622861046701     
   2.2599999999999958       0.48134772394673198     
   2.2699999999999956       0.48202919709997583     
   2.2799999999999954       0.48276577113049152     
   2.2899999999999952       0.48358424212039891     
   2.2999999999999949       0.48451375083885084     
   2.3099999999999947       0.48558642483494230     
   2.3199999999999945       0.48683795473341329     
   2.3299999999999943       0.48830805117781401     
   2.3399999999999941       0.49004070706468766     
   2.3499999999999939       0.49208416505295727     
   2.3599999999999937       0.49449046628377358     
   2.3699999999999934       0.49731443884229570     
   2.3799999999999932       0.50061198268898821     
   2.3899999999999930       0.50443753290244497     
   2.3999999999999928       0.50884064668307172     
   2.4099999999999926       0.51386176947236040     
   2.4199999999999924       0.51952739028962036     
   2.4299999999999922       0.52584498004817115     
   2.4399999999999920       0.53279828670423146     
   2.4499999999999917       0.54034369228170342     
   2.4599999999999915       0.54840837086855387     
   2.4699999999999913       0.55689088584550162     
   2.4799999999999911       0.56566461396506229     
   2.4899999999999909       0.57458399990701381     
   2.4999999999999907       0.58349318036738651     
   2.5099999999999905       0.59223606098231696     
   2.5199999999999902       0.60066659713096748     
   2.5299999999999900       0.60865792951448516     
   2.5399999999999898       0.61610921308561117     
   2.5499999999999896       0.62294941895981870     
   2.5599999999999894       0.62913796080732409     
   2.5699999999999892       0.63466253719638366     
   2.5799999999999890       0.63953495399453897     
   2.5899999999999888       0.64378583575190562     
   2.5999999999999885       0.64745907250558088     
   2.6099999999999883       0.65060665144856578     
   2.6199999999999881       0.65328427651387633     
   2.6299999999999879       0.65554795040215774     
   2.6399999999999877       0.65745152015357777     
   2.6499999999999875       0.65904507880662111     
   2.6599999999999873       0.66037406397783083     
   2.6699999999999871       0.66147888362748997     
   2.6799999999999868       0.66239491362759373     
   2.6899999999999866       0.66315273797216112     
   2.6999999999999864       0.66377853171830870     
   2.7099999999999862       0.66429451392593775     
   2.7199999999999860       0.66471942063483080     
   2.7299999999999858       0.66506896568421181     
   2.7399999999999856       0.66535627029022404     
   2.7499999999999853       0.66559225151288237     
   2.7599999999999851       0.66578596591948502     
   2.7699999999999849       0.66594490867314815     
   2.7799999999999847       0.66607527059478788     
   2.7899999999999845       0.66618215697235528     
   2.7999999999999843       0.66626977239749186     
   2.8099999999999841       0.66634157596593169     
   2.8199999999999839       0.66640041096835190     
   2.8299999999999836       0.66644861284777412     
   2.8399999999999834       0.66648809878710225     
   2.8499999999999832       0.66652044186666104     
   2.8599999999999830       0.66654693232494933     
   2.8699999999999828       0.66656862808246475     
   2.8799999999999826       0.66658639635496164     
   2.8899999999999824       0.66660094789072588     
   2.8999999999999821       0.66661286511476869     
   2.9099999999999819       0.66662262524815497     
   2.9199999999999817       0.66663061928926315     
   2.9299999999999815       0.66663716759094171     
   2.9399999999999813       0.66664253264033202     
   2.9499999999999811       0.66664692954170823     
   2.9599999999999809       0.66665053461467205     
   2.9699999999999807       0.66665349244726635     
   2.9799999999999804       0.66665592168319088     
   2.9899999999999802       0.66665791977293776     
   2.9999999999999800       0.66665956687781258     
   3.0099999999999798       0.66666092908238184     
   3.0199999999999796       0.66666206104350967     
   3.0299999999999794       0.66666300818178725     
   3.0399999999999792       0.66666380850297113     
   3.0499999999999790       0.66666449412227868     
   3.0599999999999787       0.66666509255254769     
   3.0699999999999785       0.66666562780786975     
   3.0799999999999783       0.66666612136687109     
   3.0899999999999781       0.66666659303422438     
   3.0999999999999779       0.66666706173490631     
   3.1099999999999777       0.66666754627296110     
   3.1199999999999775       0.66666806608509954     
   3.1299999999999772       0.66666864201924148     
   3.1399999999999770       0.66666929716893619     
   3.1499999999999768       0.66667005779684507     
   3.1599999999999766       0.66667095438375323     
   3.1699999999999764       0.66667202284446114     
   3.1799999999999762       0.66667330595808183     
   3.1899999999999760       0.66667485506843815     
   3.1999999999999758       0.66667673212006906     
   3.2099999999999755       0.66667901210765923     
   3.2199999999999753       0.66668178603123107     
   3.2299999999999751       0.66668516446700632     
   3.2399999999999749       0.66668928188413479     
   3.2499999999999747       0.66669430186123413     
   3.2599999999999745       0.66670042338330315     
   3.2699999999999743       0.66670788842917927     
   3.2799999999999740       0.66671699109101523     
   3.2899999999999738       0.66672808849854082     
   3.2999999999999736       0.66674161384944963     
   3.3099999999999734       0.66675809186683721     
   3.3199999999999732       0.66677815700844112     
   3.3299999999999730       0.66680257472680338     
   3.3399999999999728       0.66683226600694390     
   3.3499999999999726       0.66686833526177236     
   3.3599999999999723       0.66691210140966084     
   3.3699999999999721       0.66696513154418702     
   3.3799999999999719       0.66702927597261852     
   3.3899999999999717       0.66710670247522874     
   3.3999999999999715       0.66719992634850100     
   3.4099999999999713       0.66731183108457204     
   3.4199999999999711       0.66744567240315589     
   3.4299999999999708       0.66760505589763974     
   3.4399999999999706       0.66779387609188012     
   3.4499999999999704       0.66801620283955532     
   3.4599999999999702       0.66827610075036303     
   3.4699999999999700       0.66857737013435514     
   3.4799999999999698       0.66892320550396089     
   3.4899999999999696       0.66931578138301162     
   3.4999999999999694       0.66975579525734708     
   3.5099999999999691       0.67024202172479341     
   3.5199999999999689       0.67077095455870839     
   3.5299999999999687       0.67133662549972528     
   3.5399999999999685       0.67193068025521341     
   3.5499999999999683       0.67254275736378877     
   3.5599999999999681       0.67316115732632487     
   3.5699999999999679       0.67377372219933462     
   3.5799999999999677       0.67436879183611431     
   3.5899999999999674       0.67493608243699565     
   3.5999999999999672       0.67546735419277948     
   3.6099999999999670       0.67595678919814894     
   3.6199999999999668       0.67640106808150513     
   3.6299999999999666       0.67679919185257276     
   3.6399999999999664       0.67715212997540886     
   3.6499999999999662       0.67746238373407730     
   3.6599999999999659       0.67773354171623890     
   3.6699999999999657       0.67796988159351712     
   3.6799999999999655       0.67817604828270195     
   3.6899999999999653       0.67835681868433828     
   3.6999999999999651       0.67851694971186360     
   3.7099999999999649       0.67866109900692040     
   3.7199999999999647       0.67879380515481746     
   3.7299999999999645       0.67891951467960376     
   3.7399999999999642       0.67904264517127955     
   3.7499999999999640       0.67916767655546573     
   3.7599999999999638       0.67929926512891614     
   3.7699999999999636       0.67944237721282685     
   3.7799999999999634       0.67960244095932321     
   3.7899999999999632       0.67978551590530734     
   3.7999999999999630       0.67999848024003395     
   3.8099999999999627       0.68024923534169979     
   3.8199999999999625       0.68054692578862686     
   3.8299999999999623       0.68090217053016078     
   3.8399999999999621       0.68132729690895555     
   3.8499999999999619       0.68183656341681054     
   3.8599999999999617       0.68244634913679691     
   3.8699999999999615       0.68317527765406405     
   3.8799999999999613       0.68404423111787349     
   3.8899999999999610       0.68507619720558011     
   3.8999999999999608       0.68629588030557354     
   3.9099999999999606       0.68772900227291978     
   3.9199999999999604       0.68940122335625009     
   3.9299999999999602       0.69133663725853789     
   3.9399999999999600       0.69355584207585774     
   3.9499999999999598       0.69607366351077171     
   3.9599999999999596       0.69889670275971205     
   3.9699999999999593       0.70202098207705399     
   3.9799999999999591       0.70543003873952559     
   3.9899999999999589       0.70909384137157916     
   3.9999999999999587       0.71296884773824754     
   4.0099999999999589       0.71699938693439147     
   4.0199999999999587       0.72112035360805238     
   4.0299999999999585       0.72526098873979405     
   4.0399999999999583       0.72934933686527248     
   4.0499999999999581       0.73331685176576500     
   4.0599999999999579       0.73710259524508659     
   4.0699999999999577       0.74065654351839394     
   4.0799999999999574       0.74394167081263329     
   4.0899999999999572       0.74693468769671767     
   4.0999999999999570       0.74962552520125036     
   4.1099999999999568       0.75201582665716704     
   4.1199999999999566       0.75411680453315555     
   4.1299999999999564       0.75594683189372658     
   4.1399999999999562       0.75752908367186844     
   4.1499999999999559       0.75888945113603301     
   4.1599999999999557       0.76005485362593916     
   4.1699999999999555       0.76105198646283301     
   4.1799999999999553       0.76190648340404710     
   4.1899999999999551       0.76264243721543767     
   4.1999999999999549       0.76328220833031224     
   4.2099999999999547       0.76384645253091887     
   4.2199999999999545       0.76435430784544800     
   4.2299999999999542       0.76482369358126567     
   4.2399999999999540       0.76527168746950824     
   4.2499999999999538       0.76571495853447313     
   4.2599999999999536       0.76617024274855750     
   4.2699999999999534       0.76665485557818913     
   4.2799999999999532       0.76718724019917739     
   4.2899999999999530       0.76778755251728903     
   4.2999999999999527       0.76847828411187169     
   4.3099999999999525       0.76928492156314732     
   4.3199999999999523       0.77023663481134574     
   4.3299999999999521       0.77136697745427896     
   4.3399999999999519       0.77271456723525600     
   4.3499999999999517       0.77432369436505644     
   4.3599999999999515       0.77624477798345171     
   4.3699999999999513       0.77853455706807961     
   4.3799999999999510       0.78125586328741969     
   4.3899999999999508       0.78447678460123893     
   4.3999999999999506       0.78826899937836226     
   4.4099999999999504       0.79270505681129544     
   4.4199999999999502       0.79785442153650565     
   4.4299999999999500       0.80377821220461609     
   4.4399999999999498       0.81052276338507478     
   4.4499999999999496       0.81811242691801966     
   4.4599999999999493       0.82654236737144016     
   4.4699999999999491       0.83577241689161441     
   4.4799999999999489       0.84572322146663104     
   4.4899999999999487       0.85627581672787589     
   4.4999999999999485       0.86727535667241384     
   4.5099999999999483       0.87853903125418209     
   4.5199999999999481       0.88986741371779154     
   4.5299999999999478       0.90105780317223594     
   4.5399999999999476       0.91191776691522541     
   4.5499999999999474       0.92227712305958276     
   4.5599999999999472       0.93199698919314911     
   4.5699999999999470       0.94097512057988986     
   4.5799999999999468       0.94914741040819883     
   4.5899999999999466       0.95648598748204161     
   4.5999999999999464       0.96299473371269562     
   4.6099999999999461       0.96870321869131792     
   4.6199999999999459       0.97366002552718856     
   4.6299999999999457       0.97792627293212731     
   4.6399999999999455       0.98156989323233068     
   4.6499999999999453       0.98466097126534180     
   4.6599999999999451       0.98726823279648701     
   4.6699999999999449       0.98945661664008988     
   4.6799999999999446       0.99128577452417199     
   4.6899999999999444       0.99280930606138584     
   4.6999999999999442       0.99407453687378522     
   4.7099999999999440       0.99512267030607582     
   4.7199999999999438       0.99598917496489947     
   4.7299999999999436       0.99670430336558491     
   4.7399999999999434       0.99729366667590746     
   4.7499999999999432       0.99777881495432452     
   4.7599999999999429       0.99817779106248805     
   4.7699999999999427       0.99850564013046395     
   4.7799999999999425       0.99877486596884202     
   4.7899999999999423       0.99899583210888598     
   4.7999999999999421       0.99917710906514734     
   4.8099999999999419       0.99932577165731085     
   4.8199999999999417       0.99944765133841718     
   4.8299999999999415       0.99954754885268660     
   4.8399999999999412       0.99962941247002801     
   4.8499999999999410       0.99969648670873268     
   4.8599999999999408       0.99975143599134908     
   4.8699999999999406       0.99979644716367178     
   4.8799999999999404       0.99983331429206024     
   4.8899999999999402       0.99986350867051188     
   4.8999999999999400       0.99988823652843328     
   4.9099999999999397       0.99990848654079156     
   4.9199999999999395       0.99992506890278277     
   4.9299999999999393       0.99993864744035910     
   4.9399999999999391       0.99994976597969809     
   4.9499999999999389       0.99995886999033934     
   4.9599999999999387       0.99996632434100374     
   4.9699999999999385       0.99997242786088347     
   4.9799999999999383       0.99997742527769073     
   4.9899999999999380       0.99998151700246307     
   4.9999999999999378       0.99998486714801615     
   5.0099999999999376       0.99998761009877690     
   5.0199999999999374       0.99998985589294120     
   5.0299999999999372       0.99999169463123683     
   5.0399999999999370       0.99999320008798298     
   5.0499999999999368       0.99999443266860977     
   5.0599999999999365       0.99999544183158739     
   5.0699999999999363       0.99999626807192055     
   5.0799999999999361       0.99999694454538657     
   5.0899999999999359       0.99999749839840657     
   5.0999999999999357       0.99999795185719997     
   5.1099999999999355       0.99999832311939130     
   5.1199999999999353       0.99999862708419784     
   5.1299999999999351       0.99999887595020687     
   5.1399999999999348       0.99999907970492552     
   5.1499999999999346       0.99999924652549521     
   5.1599999999999344       0.99999938310682379     
   5.1699999999999342       0.99999949493030871     
   5.1799999999999340       0.99999958648372100     
   5.1899999999999338       0.99999966144137498     
   5.1999999999999336       0.99999972281156035     
   5.2099999999999334       0.99999977305723420     
   5.2199999999999331       0.99999981419494688     
   5.2299999999999329       0.99999984787566865     
   5.2399999999999327       0.99999987545111069     
   5.2499999999999325       0.99999989802798572     
   5.2599999999999323       0.99999991651235975     
   5.2699999999999321       0.99999993164609746     
   5.2799999999999319       0.99999994403655079     
   5.2899999999999316       0.99999995418100807     
   5.2999999999999314       0.99999996248658318     
   5.3099999999999312       0.99999996928661028     
   5.3199999999999310       0.99999997485399483     
   5.3299999999999308       0.99999997941220031     
   5.3399999999999306       0.99999998314413197     
   5.3499999999999304       0.99999998619958008     
   5.3599999999999302       0.99999998870116991     
   5.3699999999999299       0.99999999074930113     
   5.3799999999999297       0.99999999242616688     
   5.3899999999999295       0.99999999379907278     
   5.3999999999999293       0.99999999492311575     
   5.4099999999999291       0.99999999584340005     
   5.4199999999999289       0.99999999659685590     
   5.4299999999999287       0.99999999721374278     
   5.4399999999999284       0.99999999771880888     
   5.4499999999999282       0.99999999813232043     
   5.4599999999999280       0.99999999847086829     
   5.4699999999999278       0.99999999874805723     
   5.4799999999999276       0.99999999897499325     
   5.4899999999999274       0.99999999916079196     
   5.4999999999999272       0.99999999931292083     
   5.5099999999999270       0.99999999943746276     
   5.5199999999999267       0.99999999953943641     
   5.5299999999999265       0.99999999962292851     
   5.5399999999999263       0.99999999969127662     
   5.5499999999999261       0.99999999974723930     
   5.5599999999999259       0.99999999979306020     
   5.5699999999999257       0.99999999983056476     
   5.5799999999999255       0.99999999986128973     
   5.5899999999999253       0.99999999988642396     
   5.5999999999999250       0.99999999990701216     
   5.6099999999999248       0.99999999992387378     
   5.6199999999999246       0.99999999993767508     
   5.6299999999999244       0.99999999994896938     
   5.6399999999999242       0.99999999995822186     
   5.6499999999999240       0.99999999996579436     
   5.6599999999999238       0.99999999997198530     
   5.6699999999999235       0.99999999997706512     
   5.6799999999999233       0.99999999998122480     
   5.6899999999999231       0.99999999998462463     
   5.6999999999999229       0.99999999998741806     
   5.7099999999999227       0.99999999998969347     
   5.7199999999999225       0.99999999999156419     
   5.7299999999999223       0.99999999999309774     
   5.7399999999999221       0.99999999999434341     
   5.7499999999999218       0.99999999999537315     
   5.7599999999999216       0.99999999999621025     
   5.7699999999999214       0.99999999999689537     
   5.7799999999999212       0.99999999999745115     
   5.7899999999999210       0.99999999999792399     
   5.7999999999999208       0.99999999999830447     
   5.8099999999999206       0.99999999999860978     
   5.8199999999999203       0.99999999999885991     
   5.8299999999999201       0.99999999999906863     
   5.8399999999999199       0.99999999999923983     
   5.8499999999999197       0.99999999999937328     
   5.8599999999999195       0.99999999999948019     
   5.8699999999999193       0.99999999999957290     
   5.8799999999999191       0.99999999999965072     
   5.8899999999999189       0.99999999999971767     
   5.8999999999999186       0.99999999999977007     
   5.9099999999999184       0.99999999999982014     
   5.9199999999999182       0.99999999999984779     
   5.9299999999999180       0.99999999999987021     
   5.9399999999999178       0.99999999999989997     
   5.9499999999999176       0.99999999999991951     
   5.9599999999999174       0.99999999999992828     
   5.9699999999999172       0.99999999999993716     
   5.9799999999999169       0.99999999999995193     
   5.9899999999999167       0.99999999999995448     
   5.9999999999999165       0.99999999999997380     
   6.0099999999999163       0.99999999999997813     
   6.0199999999999161       0.99999999999997946     
   6.0299999999999159       0.99999999999999123     
   6.0399999999999157       0.99999999999999234     
   6.0499999999999154       0.99999999999999378     
   6.0599999999999152       0.99999999999999711     
   6.0699999999999150       0.99999999999999767     
   6.0799999999999148       0.99999999999999833     
   6.0899999999999146       0.99999999999999856     
   6.0999999999999144       0.99999999999999922     
   6.1099999999999142       0.99999999999999933     
   6.1199999999999140       0.99999999999999933     
   6.1299999999999137       0.99999999999999978     
   6.1399999999999135       0.99999999999999978     
   6.1499999999999133       0.99999999999999978     
   6.1599999999999131       0.99999999999999978     
   6.1699999999999129       0.99999999999999978     
   6.1799999999999127       0.99999999999999978     
   6.1899999999999125        1.0000000000000000     
   6.1999999999999122        1.0000000000000000     
   6.2099999999999120        1.0000000000000000     
   6.2199999999999118        1.0000000000000000     
   6.2299999999999116        1.0000000000000000     
   6.2399999999999114        1.0000000000000000     
   6.2499999999999112        1.0000000000000000     
   6.2599999999999110        1.0000000000000000     
   6.2699999999999108        1.0000000000000000     
   6.2799999999999105        1.0000000000000000     
   6.2899999999999103        1.0000000000000000     
   6.2999999999999101        1.0000000000000000     
   6.3099999999999099        1.0000000000000000     
   6.3199999999999097        1.0000000000000000     
   6.3299999999999095        1.0000000000000000     
   6.3399999999999093        1.0000000000000000     
   6.3499999999999091        1.0000000000000000     
   6.3599999999999088        1.0000000000000000     
   6.3699999999999086        1.0000000000000000     
   6.3799999999999084        1.0000000000000000     
   6.3899999999999082        1.0000000000000000     
   6.3999999999999080        1.0000000000000000     
   6.4099999999999078        1.0000000000000000     
   6.4199999999999076        1.0000000000000000     
   6.4299999999999073        1.0000000000000000     
   6.4399999999999071        1.0000000000000000     
   6.4499999999999069        1.0000000000000000     
   6.4599999999999067        1.0000000000000000     
   6.4699999999999065        1.0000000000000000     
   6.4799999999999063        1.0000000000000000     
   6.4899999999999061        1.0000000000000000     
   6.4999999999999059        1.0000000000000000     
   6.5099999999999056        1.0000000000000000     
   6.5199999999999054        1.0000000000000000     
   6.5299999999999052        1.0000000000000000     
   6.5399999999999050        1.0000000000000000     
   6.5499999999999048        1.0000000000000000     
   6.5599999999999046        1.0000000000000000     
   6.5699999999999044        1.0000000000000000     
   6.5799999999999041        1.0000000000000000     
   6.5899999999999039        1.0000000000000000     
   6.5999999999999037        1.0000000000000000     
   6.6099999999999035        1.0000000000000000     
   6.6199999999999033        1.0000000000000000     
   6.6299999999999031        1.0000000000000000     
   6.6399999999999029        1.0000000000000000     
   6.6499999999999027        1.0000000000000000     
   6.6599999999999024        1.0000000000000000     
   6.6699999999999022        1.0000000000000000     
   6.6799999999999020        1.0000000000000000     
   6.6899999999999018        1.0000000000000000     
   6.6999999999999016        1.0000000000000000     
   6.7099999999999014        1.0000000000000000     
   6.7199999999999012        1.0000000000000000     
   6.7299999999999010        1.0000000000000000     
   6.7399999999999007        1.0000000000000000     
   6.7499999999999005        1.0000000000000000     
   6.7599999999999003        1.0000000000000000     
   6.7699999999999001        1.0000000000000000     
   6.7799999999998999        1.0000000000000000     
   6.7899999999998997        1.0000000000000000     
   6.7999999999998995        1.0000000000000000     
   6.8099999999998992        1.0000000000000000     
   6.8199999999998990        1.0000000000000000     
   6.8299999999998988        1.0000000000000000     
   6.8399999999998986        1.0000000000000000     
   6.8499999999998984        1.0000000000000000     
   6.8599999999998982        1.0000000000000000     
   6.8699999999998980        1.0000000000000000     
   6.8799999999998978        1.0000000000000000     
   6.8899999999998975        1.0000000000000000     
   6.8999999999998973        1.0000000000000000     
   6.9099999999998971        1.0000000000000000     
   6.9199999999998969        1.0000000000000000     
   6.9299999999998967        1.0000000000000000     
   6.9399999999998965        1.0000000000000000     
   6.9499999999998963        1.0000000000000000     
   6.9599999999998960        1.0000000000000000     
   6.9699999999998958        1.0000000000000000     
   6.9799999999998956        1.0000000000000000     
   6.9899999999998954        1.0000000000000000     
   6.9999999999998952        1.0000000000000000     
   7.0099999999998950        1.0000000000000000     
   7.0199999999998948        1.0000000000000000     
   7.0299999999998946        1.0000000000000000     
   7.0399999999998943        1.0000000000000000     
   7.0499999999998941        1.0000000000000000     
   7.0599999999998939        1.0000000000000000     
   7.0699999999998937        1.0000000000000000     
   7.0799999999998935        1.0000000000000000     
   7.0899999999998933        1.0000000000000000     
   7.0999999999998931        1.0000000000000000     
   7.1099999999998929        1.0000000000000000     
   7.1199999999998926        1.0000000000000000     
   7.1299999999998924        1.0000000000000000     
   7.1399999999998922        1.0000000000000000     
   7.1499999999998920        1.0000000000000000     
   7.1599999999998918        1.0000000000000000     
   7.1699999999998916        1.0000000000000000     
   7.1799999999998914        1.0000000000000000     
   7.1899999999998911        1.0000000000000000     
   7.1999999999998909        1.0000000000000000     
   7.2099999999998907        1.0000000000000000     
   7.2199999999998905        1.0000000000000000     
   7.2299999999998903        1.0000000000000000     
   7.2399999999998901        1.0000000000000000     
   7.2499999999998899        1.0000000000000000     
   7.2599999999998897        1.0000000000000000     
   7.2699999999998894        1.0000000000000000     
   7.2799999999998892        1.0000000000000000     
   7.2899999999998890        1.0000000000000000     
   7.2999999999998888        1.0000000000000000     
   7.3099999999998886        1.0000000000000000     
   7.3199999999998884        1.0000000000000000     
   7.3299999999998882        1.0000000000000000     
   7.3399999999998879        1.0000000000000000     
   7.3499999999998877        1.0000000000000000     
   7.3599999999998875        1.0000000000000000     
   7.3699999999998873        1.0000000000000000     
   7.3799999999998871        1.0000000000000000     
   7.3899999999998869        1.0000000000000000     
   7.3999999999998867        1.0000000000000000     
   7.4099999999998865        1.0000000000000000     
   7.4199999999998862        1.0000000000000000     
   7.4299999999998860        1.0000000000000000     
   7.4399999999998858        1.0000000000000000     
   7.4499999999998856        1.0000000000000000     
   7.4599999999998854        1.0000000000000000     
   7.4699999999998852        1.0000000000000000     
   7.4799999999998850        1.0000000000000000     
   7.4899999999998847        1.0000000000000000     
   7.4999999999998845        1.0000000000000000     
   7.5099999999998843        1.0000000000000000     
   7.5199999999998841        1.0000000000000000     
   7.5299999999998839        1.0000000000000000     
   7.5399999999998837        1.0000000000000000     
   7.5499999999998835        1.0000000000000000     
   7.5599999999998833        1.0000000000000000     
   7.5699999999998830        1.0000000000000000     
   7.5799999999998828        1.0000000000000000     
   7.5899999999998826        1.0000000000000000     
   7.5999999999998824        1.0000000000000000     
   7.6099999999998822        1.0000000000000000     
   7.6199999999998820        1.0000000000000000     
   7.6299999999998818        1.0000000000000000     
   7.6399999999998816        1.0000000000000000     
   7.6499999999998813        1.0000000000000000     
   7.6599999999998811        1.0000000000000000     
   7.6699999999998809        1.0000000000000000     
   7.6799999999998807        1.0000000000000000     
   7.6899999999998805        1.0000000000000000     
   7.6999999999998803        1.0000000000000000     
   7.7099999999998801        1.0000000000000000     
   7.7199999999998798        1.0000000000000000     
   7.7299999999998796        1.0000000000000000     
   7.7399999999998794        1.0000000000000000     
   7.7499999999998792        1.0000000000000000     
   7.7599999999998790        1.0000000000000000     
   7.7699999999998788        1.0000000000000000     
   7.7799999999998786        1.0000000000000000     
   7.7899999999998784        1.0000000000000000     
   7.7999999999998781        1.0000000000000000     
   7.8099999999998779        1.0000000000000000     
   7.8199999999998777        1.0000000000000000     
   7.8299999999998775        1.0000000000000000     
   7.8399999999998773        1.0000000000000000     
   7.8499999999998771        1.0000000000000000     
   7.8599999999998769        1.0000000000000000     
   7.8699999999998766        1.0000000000000000     
   7.8799999999998764        1.0000000000000000     
   7.8899999999998762        1.0000000000000000     
   7.8999999999998760        1.0000000000000000     
   7.9099999999998758        1.0000000000000000     
   7.9199999999998756        1.0000000000000000     
   7.9299999999998754        1.0000000000000000     
   7.9399999999998752        1.0000000000000000     
   7.9499999999998749        1.0000000000000000     
   7.9599999999998747        1.0000000000000000     
   7.9699999999998745        1.0000000000000000     
   7.9799999999998743        1.0000000000000000     
   7.9899999999998741        1.0000000000000000     
   7.9999999999998739        1.0000000000000000     
   8.0099999999998737        1.0000000000000000     
   8.0199999999998735        1.0000000000000000     
   8.0299999999998732        1.0000000000000000     
   8.0399999999998730        1.0000000000000000     
   8.0499999999998728        1.0000000000000000     
   8.0599999999998726        1.0000000000000000     
   8.0699999999998724        1.0000000000000000     
   8.0799999999998722        1.0000000000000000     
   8.0899999999998720        1.0000000000000000     
   8.0999999999998717        1.0000000000000000     
   8.1099999999998715        1.0000000000000000     
   8.1199999999998713        1.0000000000000000     
   8.1299999999998711        1.0000000000000000     
   8.1399999999998709        1.0000000000000000     
   8.1499999999998707        1.0000000000000000     
   8.1599999999998705        1.0000000000000000     
   8.1699999999998703        1.0000000000000000     
   8.1799999999998700        1.0000000000000000     
   8.1899999999998698        1.0000000000000000     
   8.1999999999998696        1.0000000000000000     
   8.2099999999998694        1.0000000000000000     
   8.2199999999998692        1.0000000000000000     
   8.2299999999998690        1.0000000000000000     
   8.2399999999998688        1.0000000000000000     
   8.2499999999998685        1.0000000000000000     
   8.2599999999998683        1.0000000000000000     
   8.2699999999998681        1.0000000000000000     
   8.2799999999998679        1.0000000000000000     
   8.2899999999998677        1.0000000000000000     
   8.2999999999998675        1.0000000000000000     
   8.3099999999998673        1.0000000000000000     
   8.3199999999998671        1.0000000000000000     
   8.3299999999998668        1.0000000000000000     
   8.3399999999998666        1.0000000000000000     
   8.3499999999998664        1.0000000000000000     
   8.3599999999998662        1.0000000000000000     
   8.3699999999998660        1.0000000000000000     
   8.3799999999998658        1.0000000000000000     
   8.3899999999998656        1.0000000000000000     
   8.3999999999998654        1.0000000000000000     
   8.4099999999998651        1.0000000000000000     
   8.4199999999998649        1.0000000000000000     
   8.4299999999998647        1.0000000000000000     
   8.4399999999998645        1.0000000000000000     
   8.4499999999998643        1.0000000000000000     
   8.4599999999998641        1.0000000000000000     
   8.4699999999998639        1.0000000000000000     
   8.4799999999998636        1.0000000000000000     
   8.4899999999998634        1.0000000000000000     
   8.4999999999998632        1.0000000000000000     
   8.5099999999998630        1.0000000000000000     
   8.5199999999998628        1.0000000000000000     
   8.5299999999998626        1.0000000000000000     
   8.5399999999998624        1.0000000000000000     
   8.5499999999998622        1.0000000000000000     
   8.5599999999998619        1.0000000000000000     
   8.5699999999998617        1.0000000000000000     
   8.5799999999998615        1.0000000000000000     
   8.5899999999998613        1.0000000000000000     
   8.5999999999998611        1.0000000000000000     
   8.6099999999998609        1.0000000000000000     
   8.6199999999998607        1.0000000000000000     
   8.6299999999998604        1.0000000000000000     
   8.6399999999998602        1.0000000000000000     
   8.6499999999998600        1.0000000000000000     
   8.6599999999998598        1.0000000000000000     
   8.6699999999998596        1.0000000000000000     
   8.6799999999998594        1.0000000000000000     
   8.6899999999998592        1.0000000000000000     
   8.6999999999998590        1.0000000000000000     
   8.7099999999998587        1.0000000000000000     
   8.7199999999998585        1.0000000000000000     
   8.7299999999998583        1.0000000000000000     
   8.7399999999998581        1.0000000000000000     
   8.7499999999998579        1.0000000000000000     
   8.7599999999998577        1.0000000000000000     
   8.7699999999998575        1.0000000000000000     
   8.7799999999998573        1.0000000000000000     
   8.7899999999998570        1.0000000000000000     
   8.7999999999998568        1.0000000000000000     
   8.8099999999998566        1.0000000000000000     
   8.8199999999998564        1.0000000000000000     
   8.8299999999998562        1.0000000000000000     
   8.8399999999998560        1.0000000000000000     
   8.8499999999998558        1.0000000000000000     
   8.8599999999998555        1.0000000000000000     
   8.8699999999998553        1.0000000000000000     
   8.8799999999998551        1.0000000000000000     
   8.8899999999998549        1.0000000000000000     
   8.8999999999998547        1.0000000000000000     
   8.9099999999998545        1.0000000000000000     
   8.9199999999998543        1.0000000000000000     
   8.9299999999998541        1.0000000000000000     
   8.9399999999998538        1.0000000000000000     
   8.9499999999998536        1.0000000000000000     
   8.9599999999998534        1.0000000000000000     
   8.9699999999998532        1.0000000000000000     
   8.9799999999998530        1.0000000000000000     
   8.9899999999998528        1.0000000000000000     
   8.9999999999998526        1.0000000000000000     
   9.0099999999998523        1.0000000000000000     
   9.0199999999998521        1.0000000000000000     
   9.0299999999998519        1.0000000000000000     
   9.0399999999998517        1.0000000000000000     
   9.0499999999998515        1.0000000000000000     
   9.0599999999998513        1.0000000000000000     
   9.0699999999998511        1.0000000000000000     
   9.0799999999998509        1.0000000000000000     
   9.0899999999998506        1.0000000000000000     
   9.0999999999998504        1.0000000000000000     
   9.1099999999998502        1.0000000000000000     
   9.1199999999998500        1.0000000000000000     
   9.1299999999998498        1.0000000000000000     
   9.1399999999998496        1.0000000000000000     
   9.1499999999998494        1.0000000000000000     
   9.1599999999998492        1.0000000000000000     
   9.1699999999998489        1.0000000000000000     
   9.1799999999998487        1.0000000000000000     
   9.1899999999998485        1.0000000000000000     
   9.1999999999998483        1.0000000000000000     
   9.2099999999998481        1.0000000000000000     
   9.2199999999998479        1.0000000000000000     
   9.2299999999998477        1.0000000000000000     
   9.2399999999998474        1.0000000000000000     
   9.2499999999998472        1.0000000000000000     
   9.2599999999998470        1.0000000000000000     
   9.2699999999998468        1.0000000000000000     
   9.2799999999998466        1.0000000000000000     
   9.2899999999998464        1.0000000000000000     
   9.2999999999998462        1.0000000000000000     
   9.3099999999998460        1.0000000000000000     
   9.3199999999998457        1.0000000000000000     
   9.3299999999998455        1.0000000000000000     
   9.3399999999998453        1.0000000000000000     
   9.3499999999998451        1.0000000000000000     
   9.3599999999998449        1.0000000000000000     
   9.3699999999998447        1.0000000000000000     
   9.3799999999998445        1.0000000000000000     
   9.3899999999998442        1.0000000000000000     
   9.3999999999998440        1.0000000000000000     
   9.4099999999998438        1.0000000000000000     
   9.4199999999998436        1.0000000000000000     
   9.4299999999998434        1.0000000000000000     
   9.4399999999998432        1.0000000000000000     
   9.4499999999998430        1.0000000000000000     
   9.4599999999998428        1.0000000000000000     
   9.4699999999998425        1.0000000000000000     
   9.4799999999998423        1.0000000000000000     
   9.4899999999998421        1.0000000000000000     
   9.4999999999998419        1.0000000000000000     
   9.5099999999998417        1.0000000000000000     
   9.5199999999998415        1.0000000000000000     
   9.5299999999998413        1.0000000000000000     
   9.5399999999998411        1.0000000000000000     
   9.5499999999998408        1.0000000000000000     
   9.5599999999998406        1.0000000000000000     
   9.5699999999998404        1.0000000000000000     
   9.5799999999998402        1.0000000000000000     
   9.5899999999998400        1.0000000000000000     
   9.5999999999998398        1.0000000000000000     
   9.6099999999998396        1.0000000000000000     
   9.6199999999998393        1.0000000000000000     
   9.6299999999998391        1.0000000000000000     
   9.6399999999998389        1.0000000000000000     
   9.6499999999998387        1.0000000000000000     
   9.6599999999998385        1.0000000000000000     
   9.6699999999998383        1.0000000000000000     
   9.6799999999998381        1.0000000000000000     
   9.6899999999998379        1.0000000000000000     
   9.6999999999998376        1.0000000000000000     
   9.7099999999998374        1.0000000000000000     
   9.7199999999998372        1.0000000000000000     
   9.7299999999998370        1.0000000000000000     
   9.7399999999998368        1.0000000000000000     
   9.7499999999998366        1.0000000000000000     
   9.7599999999998364        1.0000000000000000     
   9.7699999999998361        1.0000000000000000     
   9.7799999999998359        1.0000000000000000     
   9.7899999999998357        1.0000000000000000     
   9.7999999999998355        1.0000000000000000     
   9.8099999999998353        1.0000000000000000     
   9.8199999999998351        1.0000000000000000     
   9.8299999999998349        1.0000000000000000     
   9.8399999999998347        1.0000000000000000     
   9.8499999999998344        1.0000000000000000     
   9.8599999999998342        1.0000000000000000     
   9.8699999999998340        1.0000000000000000     
   9.8799999999998338        1.0000000000000000     
   9.8899999999998336        1.0000000000000000     
   9.8999999999998334        1.0000000000000000     
   9.9099999999998332        1.0000000000000000     
   9.9199999999998330        1.0000000000000000     
   9.9299999999998327        1.0000000000000000     
   9.9399999999998325        1.0000000000000000     
   9.9499999999998323        1.0000000000000000     
   9.9599999999998321        1.0000000000000000     
   9.9699999999998319        1.0000000000000000     
   9.9799999999998317        1.0000000000000000     
   9.9899999999998315        1.0000000000000000     
   9.9999999999998312        1.0000000000000000     
