   0.0000000000000000        5.7364061171761631E-018
   1.0000000000000000E-002   6.7574988766675942E-003
   2.0000000000000000E-002   1.3495230753434362E-002
   2.9999999999999999E-002   2.0193769645429349E-002
   4.0000000000000001E-002   2.6834362424166650E-002
   5.0000000000000003E-002   3.3399242775244566E-002
   6.0000000000000005E-002   3.9871919445740304E-002
   7.0000000000000007E-002   4.6237432176192056E-002
   8.0000000000000002E-002   5.2482570164933989E-002
   8.9999999999999997E-002   5.8596049479145026E-002
   9.9999999999999992E-002   6.4568647393385054E-002
  0.10999999999999999        7.0393293104489399E-002
  0.11999999999999998        7.6065115566833125E-002
  0.12999999999999998        8.1581450266337660E-002
  0.13999999999999999        8.6941807583412842E-002
  0.14999999999999999        9.2147805984796730E-002
  0.16000000000000000        9.7203073649661617E-002
  0.17000000000000001       0.10211312230550318     
  0.18000000000000002       0.10688519705970527     
  0.19000000000000003       0.11152810590103734     
  0.20000000000000004       0.11605203234865956     
  0.21000000000000005       0.12046833447883105     
  0.22000000000000006       0.12478933329204371     
  0.23000000000000007       0.12902809312233288     
  0.24000000000000007       0.13319819655839937     
  0.25000000000000006       0.13731351616127432     
  0.26000000000000006       0.14138798513970596     
  0.27000000000000007       0.14543536909201049     
  0.28000000000000008       0.14946904094642205     
  0.29000000000000009       0.15350176132972373     
  0.30000000000000010       0.15754546675791803     
  0.31000000000000011       0.16161106825691784     
  0.32000000000000012       0.16570826326169910     
  0.33000000000000013       0.16984536387746677     
  0.34000000000000014       0.17402914477859782     
  0.35000000000000014       0.17826471412979267     
  0.36000000000000015       0.18255541089907928     
  0.37000000000000016       0.18690273175946298     
  0.38000000000000017       0.19130629042064670     
  0.39000000000000018       0.19576381168370990     
  0.40000000000000019       0.20027116177583823     
  0.41000000000000020       0.20482241562180969     
  0.42000000000000021       0.20940996068197479     
  0.43000000000000022       0.21402463588207218     
  0.44000000000000022       0.21865590303471436     
  0.45000000000000023       0.22329204706328654     
  0.46000000000000024       0.22792040034154701     
  0.47000000000000025       0.23252758560569808     
  0.48000000000000026       0.23709977122223824     
  0.49000000000000027       0.24162293213864244     
  0.50000000000000022       0.24608310963082977     
  0.51000000000000023       0.25046666300851111     
  0.52000000000000024       0.25476050675360173     
  0.53000000000000025       0.25895232714201055     
  0.54000000000000026       0.26303077321481211     
  0.55000000000000027       0.26698561798455206     
  0.56000000000000028       0.27080788693460967     
  0.57000000000000028       0.27448995213018240     
  0.58000000000000029       0.27802559153752748     
  0.59000000000000030       0.28141001437212448     
  0.60000000000000031       0.28463985440135975     
  0.61000000000000032       0.28771313406036580     
  0.62000000000000033       0.29062920296446249     
  0.63000000000000034       0.29338865489994159     
  0.64000000000000035       0.29599322764587355     
  0.65000000000000036       0.29844569003728333     
  0.66000000000000036       0.30074972055022314     
  0.67000000000000037       0.30290978140482028     
  0.68000000000000038       0.30493099178040139     
  0.69000000000000039       0.30681900325441680     
  0.70000000000000040       0.30857988004972187     
  0.71000000000000041       0.31021998613445079     
  0.72000000000000042       0.31174588069242043     
  0.73000000000000043       0.31316422299125235     
  0.74000000000000044       0.31448168723653602     
  0.75000000000000044       0.31570488762410404     
  0.76000000000000045       0.31684031349459951     
  0.77000000000000046       0.31789427425624123     
  0.78000000000000047       0.31887285357024792     
  0.79000000000000048       0.31978187218295312     
  0.80000000000000049       0.32062685873079561     
  0.81000000000000050       0.32141302782913966     
  0.82000000000000051       0.32214526477239985     
  0.83000000000000052       0.32282811621014762     
  0.84000000000000052       0.32346578621139166     
  0.85000000000000053       0.32406213717791760     
  0.86000000000000054       0.32462069511008779     
  0.87000000000000055       0.32514465875971987     
  0.88000000000000056       0.32563691222215091     
  0.89000000000000057       0.32610004052311536     
  0.90000000000000058       0.32653634774799489     
  0.91000000000000059       0.32694787724531171     
  0.92000000000000060       0.32733643341840213     
  0.93000000000000060       0.32770360460447939     
  0.94000000000000061       0.32805078653421771     
  0.95000000000000062       0.32837920587145791     
  0.96000000000000063       0.32868994335434998     
  0.97000000000000064       0.32898395609680187     
  0.98000000000000065       0.32926209866134176     
  0.99000000000000066       0.32952514257894910     
   1.0000000000000007       0.32977379406429835     
   1.0100000000000007       0.33000870975210600     
   1.0200000000000007       0.33023051035778500     
   1.0300000000000007       0.33043979223952408     
   1.0400000000000007       0.33063713690628271     
   1.0500000000000007       0.33082311857459890     
   1.0600000000000007       0.33099830992504214     
   1.0700000000000007       0.33116328624582675     
   1.0800000000000007       0.33131862817624241     
   1.0900000000000007       0.33146492327659666     
   1.1000000000000008       0.33160276665502125     
   1.1100000000000008       0.33173276087595877     
   1.1200000000000008       0.33185551536186136     
   1.1300000000000008       0.33197164548024560     
   1.1400000000000008       0.33208177148455342     
   1.1500000000000008       0.33218651745091676     
   1.1600000000000008       0.33228651032565659     
   1.1700000000000008       0.33238237917152702     
   1.1800000000000008       0.33247475467550108     
   1.1900000000000008       0.33256426895823515     
   1.2000000000000008       0.33265155570566296     
   1.2100000000000009       0.33273725062689857     
   1.2200000000000009       0.33282199222956904     
   1.2300000000000009       0.33290642289380773     
   1.2400000000000009       0.33299119021890461     
   1.2500000000000009       0.33307694861151532     
   1.2600000000000009       0.33316436108077180     
   1.2700000000000009       0.33325410120281906     
   1.2800000000000009       0.33334685521454172     
   1.2900000000000009       0.33344332419272171     
   1.3000000000000009       0.33354422626987434     
   1.3100000000000009       0.33365029883087083     
   1.3200000000000010       0.33376230062475892     
   1.3300000000000010       0.33388101371357087     
   1.3400000000000010       0.33400724516453623     
   1.3500000000000010       0.33414182837443007     
   1.3600000000000010       0.33428562389577149     
   1.3700000000000010       0.33443951961560436     
   1.3800000000000010       0.33460443012079594     
   1.3900000000000010       0.33478129507135346     
   1.4000000000000010       0.33497107639809892     
   1.4100000000000010       0.33517475414597830     
   1.4200000000000010       0.33539332080219203     
   1.4300000000000010       0.33562777398188781     
   1.4400000000000011       0.33587910739542381     
   1.4500000000000011       0.33614830009161356     
   1.4600000000000011       0.33643630406112529     
   1.4700000000000011       0.33674403039241041     
   1.4800000000000011       0.33707233429644878     
   1.4900000000000011       0.33742199945170248     
   1.5000000000000011       0.33779372226033277     
   1.5100000000000011       0.33818809674207584     
   1.5200000000000011       0.33860560091248698     
   1.5300000000000011       0.33904658558498901     
   1.5400000000000011       0.33951126658843833     
   1.5500000000000012       0.33999972139082335     
   1.5600000000000012       0.34051189105496665     
   1.5700000000000012       0.34104758831645215     
   1.5800000000000012       0.34160651236620793     
   1.5900000000000012       0.34218827064515805     
   1.6000000000000012       0.34279240762877072     
   1.6100000000000012       0.34341844021459395     
   1.6200000000000012       0.34406589895138895     
   1.6300000000000012       0.34473437399307300     
   1.6400000000000012       0.34542356435332594     
   1.6500000000000012       0.34613332880344311     
   1.6600000000000013       0.34686373661620645     
   1.6700000000000013       0.34761511632240183     
   1.6800000000000013       0.34838810071408916     
   1.6900000000000013       0.34918366648895166     
   1.7000000000000013       0.35000316716348145     
   1.7100000000000013       0.35084835816346588     
   1.7200000000000013       0.35172141329963197     
   1.7300000000000013       0.35262493212660756     
   1.7400000000000013       0.35356193794124108     
   1.7500000000000013       0.35453586638495227     
   1.7600000000000013       0.35555054476567877     
   1.7700000000000014       0.35661016230801712     
   1.7800000000000014       0.35771923158299790     
   1.7900000000000014       0.35888254137554210     
   1.8000000000000014       0.36010510123629852     
   1.8100000000000014       0.36139207795587358     
   1.8200000000000014       0.36274872421411058     
   1.8300000000000014       0.36418029971408661     
   1.8400000000000014       0.36569198522549062     
   1.8500000000000014       0.36728879014572091     
   1.8600000000000014       0.36897545444404045     
   1.8700000000000014       0.37075634618186137     
   1.8800000000000014       0.37263535619024779     
   1.8900000000000015       0.37461579191491834     
   1.9000000000000015       0.37670027288229307     
   1.9100000000000015       0.37889063066293444     
   1.9200000000000015       0.38118781657079898     
   1.9300000000000015       0.38359182059601227     
   1.9400000000000015       0.38610160518428088     
   1.9500000000000015       0.38871505741318207     
   1.9600000000000015       0.39142896285112727     
   1.9700000000000015       0.39423900391029920     
   1.9800000000000015       0.39713978483016116     
   1.9900000000000015       0.40012488458082340     
   2.0000000000000013       0.40318693799964861     
   2.0100000000000011       0.40631774442578777     
   2.0200000000000009       0.40950840203765526     
   2.0300000000000007       0.41274946508898291     
   2.0400000000000005       0.41603112033525802     
   2.0500000000000003       0.41934337818870165     
   2.0600000000000001       0.42267627356889148     
   2.0699999999999998       0.42602007104730194     
   2.0799999999999996       0.42936546872568637     
   2.0899999999999994       0.43270379533919795     
   2.0999999999999992       0.43602719532606732     
   2.1099999999999990       0.43932879704039801     
   2.1199999999999988       0.44260285988013659     
   2.1299999999999986       0.44584489682872402     
   2.1399999999999983       0.44905176973011951     
   2.1499999999999981       0.45222175549068100     
   2.1599999999999979       0.45535458228227282     
   2.1699999999999977       0.45845143566291330     
   2.1799999999999975       0.46151493529113657     
   2.1899999999999973       0.46454908355271912     
   2.1999999999999971       0.46755918791837237     
   2.2099999999999969       0.47055175919711839     
   2.2199999999999966       0.47353438804535214     
   2.2299999999999964       0.47651560215334171     
   2.2399999999999962       0.47950470648844845     
   2.2499999999999960       0.48251160886646460     
   2.2599999999999958       0.48554663299253564     
   2.2699999999999956       0.48862032100528707     
   2.2799999999999954       0.49174322751198457     
   2.2899999999999952       0.49492570715052719     
   2.2999999999999949       0.49817769787596039     
   2.3099999999999947       0.50150850245086243     
   2.3199999999999945       0.50492657101127836     
   2.3299999999999943       0.50843928805787020     
   2.3399999999999941       0.51205276774742547     
   2.3499999999999939       0.51577166188272727     
   2.3599999999999937       0.51959898546175698     
   2.3699999999999934       0.52353596499000898     
   2.3799999999999932       0.52758191492363959     
   2.3899999999999930       0.53173414754449788     
   2.3999999999999928       0.53598792122971528     
   2.4099999999999926       0.54033643144181598     
   2.4199999999999924       0.54477084782061547     
   2.4299999999999922       0.54928039951452223     
   2.4399999999999920       0.55385250937535169     
   2.4499999999999917       0.55847297590727552     
   2.4599999999999915       0.56312619997842384     
   2.4699999999999913       0.56779545136484788     
   2.4799999999999911       0.57246316831205346     
   2.4899999999999909       0.57711128159343938     
   2.4999999999999907       0.58172155314840313     
   2.5099999999999905       0.58627591841916693     
   2.5199999999999902       0.59075682107848648     
   2.5299999999999900       0.59514752901824819     
   2.5399999999999898       0.59943242127186669     
   2.5499999999999896       0.60359723693612821     
   2.5599999999999894       0.60762927904994846     
   2.5699999999999892       0.61151756863992979     
   2.5799999999999890       0.61525294658434460     
   2.5899999999999888       0.61882812339430615     
   2.5999999999999885       0.62223767928737495     
   2.6099999999999883       0.62547801888563703     
   2.6199999999999881       0.62854728639972501     
   2.6299999999999879       0.63144524820222525     
   2.6399999999999877       0.63417315023740262     
   2.6499999999999875       0.63673355779069696     
   2.6599999999999873       0.63913018481558148     
   2.6699999999999871       0.64136771937285675     
   2.6799999999999868       0.64345165087325218     
   2.6899999999999866       0.64538810382148837     
   2.6999999999999864       0.64718368172315277     
   2.7099999999999862       0.64884532380391446     
   2.7199999999999860       0.65038017625637556     
   2.7299999999999858       0.65179547890822276     
   2.7399999999999856       0.65309846751553091     
   2.7499999999999853       0.65429629133350287     
   2.7599999999999851       0.65539594519921418     
   2.7699999999999849       0.65640421506617008     
   2.7799999999999847       0.65732763574294872     
   2.7899999999999845       0.65817245949040981     
   2.7999999999999843       0.65894463410573301     
   2.8099999999999841       0.65964978915036809     
   2.8199999999999839       0.66029322904715626     
   2.8299999999999836       0.66087993186675020     
   2.8399999999999834       0.66141455273411920     
   2.8499999999999832       0.66190143090395215     
   2.8599999999999830       0.66234459967272852     
   2.8699999999999828       0.66274779841039144     
   2.8799999999999826       0.66311448610288870     
   2.8899999999999824       0.66344785589618382     
   2.8999999999999821       0.66375085022183511     
   2.9099999999999819       0.66402617616333226     
   2.9199999999999817       0.66427632079149190     
   2.9299999999999815       0.66450356625651952     
   2.9399999999999813       0.66471000447489892     
   2.9499999999999811       0.66489755129160777     
   2.9599999999999809       0.66506796003340796     
   2.9699999999999807       0.66522283439778307     
   2.9799999999999804       0.66536364064556996     
   2.9899999999999802       0.66549171908396365     
   2.9999999999999800       0.66560829484142381     
   3.0099999999999798       0.66571448794733379     
   3.0199999999999796       0.66581132273797450     
   3.0299999999999794       0.66589973661669599     
   3.0399999999999792       0.66598058820073125     
   3.0499999999999790       0.66605466489001952     
   3.0599999999999787       0.66612268989532131     
   3.0699999999999785       0.66618532876365211     
   3.0799999999999783       0.66624319543922628     
   3.0899999999999781       0.66629685789764515     
   3.0999999999999779       0.66634684339009975     
   3.1099999999999777       0.66639364333314666     
   3.1199999999999775       0.66643771787806749     
   3.1299999999999772       0.66647950019212032     
   3.1399999999999770       0.66651940048212133     
   3.1499999999999768       0.66655780978871904     
   3.1599999999999766       0.66659510357760743     
   3.1699999999999764       0.66663164515159057     
   3.1799999999999762       0.66666778890491085     
   3.1899999999999760       0.66670388343864084     
   3.1999999999999758       0.66674027455291263     
   3.2099999999999755       0.66677730812868208     
   3.2199999999999753       0.66681533290801465     
   3.2299999999999751       0.66685470317798312     
   3.2399999999999749       0.66689578135870686     
   3.2499999999999747       0.66693894049100977     
   3.2599999999999745       0.66698456661340788     
   3.2699999999999743       0.66703306101168847     
   3.2799999999999740       0.66708484231710852     
   3.2899999999999738       0.66714034842116754     
   3.2999999999999736       0.66720003816613527     
   3.3099999999999734       0.66726439276090932     
   3.3199999999999732       0.66733391686181831     
   3.3299999999999730       0.66740913924746292     
   3.3399999999999728       0.66749061300656420     
   3.3499999999999726       0.66757891514816425     
   3.3599999999999723       0.66767464553529399     
   3.3699999999999721       0.66777842503759333     
   3.3799999999999719       0.66789089279610236     
   3.3899999999999717       0.66801270249643685     
   3.3999999999999715       0.66814451755609661     
   3.4099999999999713       0.66828700514979678     
   3.4199999999999711       0.66844082902510749     
   3.4299999999999708       0.66860664110104862     
   3.4399999999999706       0.66878507189593162     
   3.4499999999999704       0.66897671989831087     
   3.4599999999999702       0.66918214007586196     
   3.4699999999999700       0.66940183180972057     
   3.4799999999999698       0.66963622664246036     
   3.4899999999999696       0.66988567633132001     
   3.4999999999999694       0.67015044179628447     
   3.5099999999999691       0.67043068363624736     
   3.5199999999999689       0.67072645494445271     
   3.5299999999999687       0.67103769717553130     
   3.5399999999999685       0.67136423979049431     
   3.5499999999999683       0.67170580432470317     
   3.5599999999999681       0.67206201338374794     
   3.5699999999999679       0.67243240487466449     
   3.5799999999999677       0.67281645153384684     
   3.5899999999999674       0.67321358553297928     
   3.5999999999999672       0.67362322765161264     
   3.6099999999999670       0.67404482022392609     
   3.6199999999999668       0.67447786282381816     
   3.6299999999999666       0.67492194946950812     
   3.6399999999999664       0.67537680602431893     
   3.6499999999999662       0.67584232645308273     
   3.6599999999999659       0.67631860666341492     
   3.6699999999999657       0.67680597480739912     
   3.6799999999999655       0.67730501712411395     
   3.6899999999999653       0.67781659864220167     
   3.6999999999999651       0.67834187830920822     
   3.7099999999999649       0.67888231834517498     
   3.7199999999999647       0.67943968781189412     
   3.7299999999999645       0.68001606053188102     
   3.7399999999999642       0.68061380757566869     
   3.7499999999999640       0.68123558456246369     
   3.7599999999999638       0.68188431399457983     
   3.7699999999999636       0.68256316278149065     
   3.7799999999999634       0.68327551502035344     
   3.7899999999999632       0.68402494000300040     
   3.7999999999999630       0.68481515533211157     
   3.8099999999999627       0.68564998496840990     
   3.8199999999999625       0.68653331201112833     
   3.8299999999999623       0.68746902604878646     
   3.8399999999999621       0.68846096501599907     
   3.8499999999999619       0.68951285166091913     
   3.8599999999999617       0.69062822496800969     
   3.8699999999999615       0.69181036718845512     
   3.8799999999999613       0.69306222749510660     
   3.8899999999999610       0.69438634368330543     
   3.8999999999999608       0.69578476375935583     
   3.9099999999999606       0.69725896966463841     
   3.9199999999999604       0.69880980574036899     
   3.9299999999999602       0.70043741480923205     
   3.9399999999999600       0.70214118489964394     
   3.9499999999999598       0.70391970963619688     
   3.9599999999999596       0.70577076514480208     
   3.9699999999999593       0.70769130596485608     
   3.9799999999999591       0.70967748192997615     
   3.9899999999999589       0.71172467729480060     
   3.9999999999999587       0.71382757258310159     
   4.0099999999999589       0.71598022875703238     
   4.0199999999999587       0.71817619240929220     
   4.0299999999999585       0.72040861981108018     
   4.0399999999999583       0.72267041685725564     
   4.0499999999999581       0.72495439127808747     
   4.0599999999999579       0.72725341296876911     
   4.0699999999999577       0.72956057794878326     
   4.0799999999999574       0.73186937131971885     
   4.0899999999999572       0.73417382465022019     
   4.0999999999999570       0.73646866347765050     
   4.1099999999999568       0.73874944106556262     
   4.1199999999999566       0.74101265516936610     
   4.1299999999999564       0.74325584530442557     
   4.1399999999999562       0.74547766883455524     
   4.1499999999999559       0.74767795505112589     
   4.1599999999999557       0.74985773723675975     
   4.1699999999999555       0.75201926344763115     
   4.1799999999999553       0.75416598735710128     
   4.1899999999999551       0.75630254094445371     
   4.1999999999999549       0.75843469106477623     
   4.2099999999999547       0.76056928199440543     
   4.2199999999999545       0.76271416592151975     
   4.2299999999999542       0.76487812306784941     
   4.2399999999999540       0.76707077271985258     
   4.2499999999999538       0.76930247595866508     
   4.2599999999999536       0.77158423035329138     
   4.2699999999999534       0.77392755636855814     
   4.2799999999999532       0.77634437478370699     
   4.2899999999999530       0.77884687406287489     
   4.2999999999999527       0.78144736640453683     
   4.3099999999999525       0.78415813115814748     
   4.3199999999999523       0.78699124446218527     
   4.3299999999999521       0.78995839435045434     
   4.3399999999999519       0.79307068120552748     
   4.3499999999999517       0.79633840430942926     
   4.3599999999999515       0.79977083633613300     
   4.3699999999999513       0.80337598891182116     
   4.3799999999999510       0.80716037377798000     
   4.3899999999999508       0.81112876554498614     
   4.3999999999999506       0.81528397341133119     
   4.4099999999999504       0.81962663041819694     
   4.4199999999999502       0.82415500967075506     
   4.4299999999999500       0.82886487734909076     
   4.4399999999999498       0.83374939213308863     
   4.4499999999999496       0.83879905979360925     
   4.4599999999999493       0.84400175012697254     
   4.4699999999999491       0.84934278116765272     
   4.4799999999999489       0.85480507281306484     
   4.4899999999999487       0.86036936881061710     
   4.4999999999999485       0.86601452271805790     
   4.5099999999999483       0.87171784021094900     
   4.5199999999999481       0.87745546723053303     
   4.5299999999999478       0.88320281116588195     
   4.5399999999999476       0.88893498071277999     
   4.5499999999999474       0.89462722934262595     
   4.5599999999999472       0.90025538746233025     
   4.5699999999999470       0.90579626929377677     
   4.5799999999999468       0.91122804213280395     
   4.5899999999999466       0.91653054780790733     
   4.5999999999999464       0.92168556867425055     
   4.6099999999999461       0.92667703317292183     
   4.6199999999999459       0.93149115869412624     
   4.6299999999999457       0.93611653206208445     
   4.6399999999999455       0.94054413028812400     
   4.6499999999999453       0.94476728622532313     
   4.6599999999999451       0.94878160533803813     
   4.6699999999999449       0.95258484093737539     
   4.6799999999999446       0.95617673592051566     
   4.6899999999999444       0.95955883930550723     
   4.6999999999999442       0.96273430571384178     
   4.7099999999999440       0.96570768547906849     
   4.7199999999999438       0.96848471232157374     
   4.7299999999999436       0.97107209460451116     
   4.7399999999999434       0.97347731515014768     
   4.7499999999999432       0.97570844352094954     
   4.7599999999999429       0.97777396361694002     
   4.7699999999999427       0.97968261845888993     
   4.7799999999999425       0.98144327315117375     
   4.7899999999999423       0.98306479627008603     
   4.7999999999999421       0.98455595931310280     
   4.8099999999999419       0.98592535337142850     
   4.8199999999999417       0.98718132184414586     
   4.8299999999999415       0.98833190778432822     
   4.8399999999999412       0.98938481433870318     
   4.8499999999999410       0.99034737669592898     
   4.8599999999999408       0.99122654397583243     
   4.8699999999999406       0.99202886955803915     
   4.8799999999999404       0.99276050844756325     
   4.8899999999999402       0.99342722039596298     
   4.8999999999999400       0.99403437762899394     
   4.9099999999999397       0.99458697616770697     
   4.9199999999999395       0.99508964986362569     
   4.9299999999999393       0.99554668639618327     
   4.9399999999999391       0.99596204459862947     
   4.9499999999999389       0.99633937258609895     
   4.9599999999999387       0.99668202625555158     
   4.9699999999999385       0.99699308781136187     
   4.9799999999999383       0.99727538404359173     
   4.9899999999999380       0.99753150414829450     
   4.9999999999999378       0.99776381693212712     
   5.0099999999999376       0.99797448728751692     
   5.0199999999999374       0.99816549186107439     
   5.0299999999999372       0.99833863386755017     
   5.0399999999999370       0.99849555702535231     
   5.0499999999999368       0.99863775860866677     
   5.0599999999999365       0.99876660162566278     
   5.0699999999999363       0.99888332614356923     
   5.0799999999999361       0.99898905978966690     
   5.0899999999999359       0.99908482746298943     
   5.0999999999999357       0.99917156029568355     
   5.1099999999999355       0.99925010390520752     
   5.1199999999999353       0.99932122597988970     
   5.1299999999999351       0.99938562324051128     
   5.1399999999999348       0.99944392782009450     
   5.1499999999999346       0.99949671310311194     
   5.1599999999999344       0.99954449906377685     
   5.1699999999999342       0.99958775714136372     
   5.1799999999999340       0.99962691468870268     
   5.1899999999999338       0.99966235902780864     
   5.1999999999999336       0.99969444114459594     
   5.2099999999999334       0.99972347905262871     
   5.2199999999999331       0.99974976085362743     
   5.2299999999999329       0.99977354752064518     
   5.2399999999999327       0.99979507542775303     
   5.2499999999999325       0.99981455864837865     
   5.2599999999999323       0.99983219104258814     
   5.2699999999999321       0.99984814815199774     
   5.2799999999999319       0.99986258891957602     
   5.2899999999999316       0.99987565724998562     
   5.2999999999999314       0.99988748342492584     
   5.3099999999999312       0.99989818538659825     
   5.3199999999999310       0.99990786990140545     
   5.3299999999999308       0.99991663361481586     
   5.3399999999999306       0.99992456400739127     
   5.3499999999999304       0.99993174026109510     
   5.3599999999999302       0.99993823404432658     
   5.3699999999999299       0.99994411022294460     
   5.3799999999999297       0.99994942750447002     
   5.3899999999999295       0.99995423902150449     
   5.3999999999999293       0.99995859286008870     
   5.4099999999999291       0.99996253253821943     
   5.4199999999999289       0.99996609743911580     
   5.4299999999999287       0.99996932320348764     
   5.4399999999999284       0.99997224208475344     
   5.4499999999999282       0.99997488327058903     
   5.4599999999999280       0.99997727317399498     
   5.4699999999999278       0.99997943569685377     
   5.4799999999999276       0.99998139246843587     
   5.4899999999999274       0.99998316306131441     
   5.4999999999999272       0.99998476518680812     
   5.5099999999999270       0.99998621487184480     
   5.5199999999999267       0.99998752661907220     
   5.5299999999999265       0.99998871355176477     
   5.5399999999999263       0.99998978754491852     
   5.5499999999999261       0.99999075934397330     
   5.5599999999999259       0.99999163867219054     
   5.5699999999999257       0.99999243432787299     
   5.5799999999999255       0.99999315427232027     
   5.5899999999999253       0.99999380570943441     
   5.5999999999999250       0.99999439515772803     
   5.6099999999999248       0.99999492851557192     
   5.6199999999999246       0.99999541112013790     
   5.6299999999999244       0.99999584780080741     
   5.6399999999999242       0.99999624292743561     
   5.6499999999999240       0.99999660045413663     
   5.6599999999999238       0.99999692395876150     
   5.6699999999999235       0.99999721667874486     
   5.6799999999999233       0.99999748154346990     
   5.6899999999999231       0.99999772120359320     
   5.6999999999999229       0.99999793805752313     
   5.7099999999999227       0.99999813427547424     
   5.7199999999999225       0.99999831182115406     
   5.7299999999999223       0.99999847247139628     
   5.7399999999999221       0.99999861783396859     
   5.7499999999999218       0.99999874936363642     
   5.7599999999999216       0.99999886837675567     
   5.7699999999999214       0.99999897606439814     
   5.7799999999999212       0.99999907350429762     
   5.7899999999999210       0.99999916167166525     
   5.7999999999999208       0.99999924144885011     
   5.8099999999999206       0.99999931363429062     
   5.8199999999999203       0.99999937895042323     
   5.8299999999999201       0.99999943805094027     
   5.8399999999999199       0.99999949152732681     
   5.8499999999999197       0.99999953991479140     
   5.8599999999999195       0.99999958369759923     
   5.8699999999999193       0.99999962331393566     
   5.8799999999999191       0.99999965916028466     
   5.8899999999999189       0.99999969159543267     
   5.8999999999999186       0.99999972094396272     
   5.9099999999999184       0.99999974749962206     
   5.9199999999999182       0.99999977152818453     
   5.9299999999999180       0.99999979327012434     
   5.9399999999999178       0.99999981294306250     
   5.9499999999999176       0.99999983074386545     
   5.9599999999999174       0.99999984685070287     
   5.9699999999999172       0.99999986142477548     
   5.9799999999999169       0.99999987461194528     
   5.9899999999999167       0.99999988654419303     
   5.9999999999999165       0.99999989734093675     
   6.0099999999999163       0.99999990711022790     
   6.0199999999999161       0.99999991594984661     
   6.0299999999999159       0.99999992394828452     
   6.0399999999999157       0.99999993118556296     
   6.0499999999999154       0.99999993773411200     
   6.0599999999999152       0.99999994365949052     
   6.0699999999999150       0.99999994902100897     
   6.0799999999999148       0.99999995387229490     
   6.0899999999999146       0.99999995826192389     
   6.0999999999999144       0.99999996223382737     
   6.1099999999999142       0.99999996582775763     
   6.1199999999999140       0.99999996907967448     
   6.1299999999999137       0.99999997202212609     
   6.1399999999999135       0.99999997468457091     
   6.1499999999999133       0.99999997709365229     
   6.1599999999999131       0.99999997927348450     
   6.1699999999999129       0.99999998124587264     
   6.1799999999999127       0.99999998303056403     
   6.1899999999999125       0.99999998464542017     
   6.1999999999999122       0.99999998610660235     
   6.2099999999999120       0.99999998742872953     
   6.2199999999999118       0.99999998862504480     
   6.2299999999999116       0.99999998970751880     
   6.2399999999999114       0.99999999068698120     
   6.2499999999999112       0.99999999157322861     
   6.2599999999999110       0.99999999237514281     
   6.2699999999999108       0.99999999310073762     
   6.2799999999999105       0.99999999375729054     
   6.2899999999999103       0.99999999435136422     
   6.2999999999999101       0.99999999488889990     
   6.3099999999999099       0.99999999537529061     
   6.3199999999999097       0.99999999581539389     
   6.3299999999999095       0.99999999621361080     
   6.3399999999999093       0.99999999657392780     
   6.3499999999999091       0.99999999689997188     
   6.3599999999999088       0.99999999719496568     
   6.3699999999999086       0.99999999746190260     
   6.3799999999999084       0.99999999770343317     
   6.3899999999999082       0.99999999792198235     
   6.3999999999999080       0.99999999811972851     
   6.4099999999999078       0.99999999829866393     
   6.4199999999999076       0.99999999846057064     
   6.4299999999999073       0.99999999860706190     
   6.4399999999999071       0.99999999873961898     
   6.4499999999999069       0.99999999885956536     
   6.4599999999999067       0.99999999896808889     
   6.4699999999999065       0.99999999906628001     
   6.4799999999999063       0.99999999915513704     
   6.4899999999999061       0.99999999923554928     
   6.4999999999999059       0.99999999930828354     
   6.5099999999999056       0.99999999937411421     
   6.5199999999999054       0.99999999943367468     
   6.5299999999999052       0.99999999948757001     
   6.5399999999999050       0.99999999953633378     
   6.5499999999999048       0.99999999958045060     
   6.5599999999999046       0.99999999962037955     
   6.5699999999999044       0.99999999965651110     
   6.5799999999999041       0.99999999968918774     
   6.5899999999999039       0.99999999971876741     
   6.5999999999999037       0.99999999974553588     
   6.6099999999999035       0.99999999976974874     
   6.6199999999999033       0.99999999979165954     
   6.6299999999999031       0.99999999981148802     
   6.6399999999999029       0.99999999982942189     
   6.6499999999999027       0.99999999984566246     
   6.6599999999999024       0.99999999986034893     
   6.6699999999999022       0.99999999987364474     
   6.6799999999999020       0.99999999988566046     
   6.6899999999999018       0.99999999989654176     
   6.6999999999999016       0.99999999990638944     
   6.7099999999999014       0.99999999991529287     
   6.7199999999999012       0.99999999992335376     
   6.7299999999999010       0.99999999993065258     
   6.7399999999999007       0.99999999993724986     
   6.7499999999999005       0.99999999994322664     
   6.7599999999999003       0.99999999994862332     
   6.7699999999999001       0.99999999995351974     
   6.7799999999998999       0.99999999995793643     
   6.7899999999998997       0.99999999996193911     
   6.7999999999998995       0.99999999996556566     
   6.8099999999998992       0.99999999996883893     
   6.8199999999998990       0.99999999997180256     
   6.8299999999998988       0.99999999997448485     
   6.8399999999998986       0.99999999997691313     
   6.8499999999998984       0.99999999997910860     
   6.8599999999998982       0.99999999998110267     
   6.8699999999998980       0.99999999998289402     
   6.8799999999998978       0.99999999998452482     
   6.8899999999998975       0.99999999998599909     
   6.8999999999998973       0.99999999998733635     
   6.9099999999998971       0.99999999998854172     
   6.9199999999998969       0.99999999998962230     
   6.9299999999998967       0.99999999999060851     
   6.9399999999998965       0.99999999999150413     
   6.9499999999998963       0.99999999999232125     
   6.9599999999998960       0.99999999999304778     
   6.9699999999998958       0.99999999999370837     
   6.9799999999998956       0.99999999999430345     
   6.9899999999998954       0.99999999999485156     
   6.9999999999998952       0.99999999999534395     
   7.0099999999998950       0.99999999999577915     
   7.0199999999998948       0.99999999999618761     
   7.0299999999998946       0.99999999999654043     
   7.0399999999998943       0.99999999999687939     
   7.0499999999998941       0.99999999999717215     
   7.0599999999998939       0.99999999999744160     
   7.0699999999998937       0.99999999999768485     
   7.0799999999998935       0.99999999999790568     
   7.0899999999998933       0.99999999999810574     
   7.0999999999998931       0.99999999999828848     
   7.1099999999998929       0.99999999999845357     
   7.1199999999998926       0.99999999999859501     
   7.1299999999998924       0.99999999999873124     
   7.1399999999998922       0.99999999999885658     
   7.1499999999998920       0.99999999999895883     
   7.1599999999998918       0.99999999999906664     
   7.1699999999998916       0.99999999999915556     
   7.1799999999998914       0.99999999999923672     
   7.1899999999998911       0.99999999999930822     
   7.1999999999998909       0.99999999999937206     
   7.2099999999998907       0.99999999999942690     
   7.2199999999998905       0.99999999999947953     
   7.2299999999998903       0.99999999999954026     
   7.2399999999998901       0.99999999999957245     
   7.2499999999998899       0.99999999999961864     
   7.2599999999998897       0.99999999999965050     
   7.2699999999998894       0.99999999999969325     
   7.2799999999998892       0.99999999999971656     
   7.2899999999998890       0.99999999999974731     
   7.2999999999998888       0.99999999999976985     
   7.3099999999998886       0.99999999999978351     
   7.3199999999998884       0.99999999999980804     
   7.3299999999998882       0.99999999999982803     
   7.3399999999998879       0.99999999999984757     
   7.3499999999998877       0.99999999999985467     
   7.3599999999998875       0.99999999999986999     
   7.3699999999998873       0.99999999999987654     
   7.3799999999998871       0.99999999999989919     
   7.3899999999998869       0.99999999999991251     
   7.3999999999998867       0.99999999999991873     
   7.4099999999998865       0.99999999999992206     
   7.4199999999998862       0.99999999999992828     
   7.4299999999998860       0.99999999999993372     
   7.4399999999998858       0.99999999999993638     
   7.4499999999998856       0.99999999999994782     
   7.4599999999998854       0.99999999999995193     
   7.4699999999998852       0.99999999999995359     
   7.4799999999998850       0.99999999999995448     
   7.4899999999998847       0.99999999999997236     
   7.4999999999998845       0.99999999999997380     
   7.5099999999998843       0.99999999999997691     
   7.5199999999998841       0.99999999999997813     
   7.5299999999998839       0.99999999999997902     
   7.5399999999998837       0.99999999999997946     
   7.5499999999998835       0.99999999999998379     
   7.5599999999998833       0.99999999999999123     
   7.5699999999998830       0.99999999999999145     
   7.5799999999998828       0.99999999999999234     
   7.5899999999998826       0.99999999999999256     
   7.5999999999998824       0.99999999999999378     
   7.6099999999998822       0.99999999999999400     
   7.6199999999998820       0.99999999999999623     
   7.6299999999998818       0.99999999999999756     
   7.6399999999998816       0.99999999999999756     
   7.6499999999998813       0.99999999999999789     
   7.6599999999998811       0.99999999999999833     
   7.6699999999998809       0.99999999999999856     
   7.6799999999998807       0.99999999999999856     
   7.6899999999998805       0.99999999999999922     
   7.6999999999998803       0.99999999999999922     
   7.7099999999998801       0.99999999999999922     
   7.7199999999998798       0.99999999999999933     
   7.7299999999998796       0.99999999999999933     
   7.7399999999998794       0.99999999999999933     
   7.7499999999998792       0.99999999999999933     
   7.7599999999998790       0.99999999999999978     
   7.7699999999998788       0.99999999999999978     
   7.7799999999998786       0.99999999999999978     
   7.7899999999998784       0.99999999999999978     
   7.7999999999998781       0.99999999999999978     
   7.8099999999998779       0.99999999999999978     
   7.8199999999998777       0.99999999999999978     
   7.8299999999998775       0.99999999999999978     
   7.8399999999998773       0.99999999999999978     
   7.8499999999998771       0.99999999999999978     
   7.8599999999998769       0.99999999999999978     
   7.8699999999998766        1.0000000000000000     
   7.8799999999998764        1.0000000000000000     
   7.8899999999998762        1.0000000000000000     
   7.8999999999998760        1.0000000000000000     
   7.9099999999998758        1.0000000000000000     
   7.9199999999998756        1.0000000000000000     
   7.9299999999998754        1.0000000000000000     
   7.9399999999998752        1.0000000000000000     
   7.9499999999998749        1.0000000000000000     
   7.9599999999998747        1.0000000000000000     
   7.9699999999998745        1.0000000000000000     
   7.9799999999998743        1.0000000000000000     
   7.9899999999998741        1.0000000000000000     
   7.9999999999998739        1.0000000000000000     
   8.0099999999998737        1.0000000000000000     
   8.0199999999998735        1.0000000000000000     
   8.0299999999998732        1.0000000000000000     
   8.0399999999998730        1.0000000000000000     
   8.0499999999998728        1.0000000000000000     
   8.0599999999998726        1.0000000000000000     
   8.0699999999998724        1.0000000000000000     
   8.0799999999998722        1.0000000000000000     
   8.0899999999998720        1.0000000000000000     
   8.0999999999998717        1.0000000000000000     
   8.1099999999998715        1.0000000000000000     
   8.1199999999998713        1.0000000000000000     
   8.1299999999998711        1.0000000000000000     
   8.1399999999998709        1.0000000000000000     
   8.1499999999998707        1.0000000000000000     
   8.1599999999998705        1.0000000000000000     
   8.1699999999998703        1.0000000000000000     
   8.1799999999998700        1.0000000000000000     
   8.1899999999998698        1.0000000000000000     
   8.1999999999998696        1.0000000000000000     
   8.2099999999998694        1.0000000000000000     
   8.2199999999998692        1.0000000000000000     
   8.2299999999998690        1.0000000000000000     
   8.2399999999998688        1.0000000000000000     
   8.2499999999998685        1.0000000000000000     
   8.2599999999998683        1.0000000000000000     
   8.2699999999998681        1.0000000000000000     
   8.2799999999998679        1.0000000000000000     
   8.2899999999998677        1.0000000000000000     
   8.2999999999998675        1.0000000000000000     
   8.3099999999998673        1.0000000000000000     
   8.3199999999998671        1.0000000000000000     
   8.3299999999998668        1.0000000000000000     
   8.3399999999998666        1.0000000000000000     
   8.3499999999998664        1.0000000000000000     
   8.3599999999998662        1.0000000000000000     
   8.3699999999998660        1.0000000000000000     
   8.3799999999998658        1.0000000000000000     
   8.3899999999998656        1.0000000000000000     
   8.3999999999998654        1.0000000000000000     
   8.4099999999998651        1.0000000000000000     
   8.4199999999998649        1.0000000000000000     
   8.4299999999998647        1.0000000000000000     
   8.4399999999998645        1.0000000000000000     
   8.4499999999998643        1.0000000000000000     
   8.4599999999998641        1.0000000000000000     
   8.4699999999998639        1.0000000000000000     
   8.4799999999998636        1.0000000000000000     
   8.4899999999998634        1.0000000000000000     
   8.4999999999998632        1.0000000000000000     
   8.5099999999998630        1.0000000000000000     
   8.5199999999998628        1.0000000000000000     
   8.5299999999998626        1.0000000000000000     
   8.5399999999998624        1.0000000000000000     
   8.5499999999998622        1.0000000000000000     
   8.5599999999998619        1.0000000000000000     
   8.5699999999998617        1.0000000000000000     
   8.5799999999998615        1.0000000000000000     
   8.5899999999998613        1.0000000000000000     
   8.5999999999998611        1.0000000000000000     
   8.6099999999998609        1.0000000000000000     
   8.6199999999998607        1.0000000000000000     
   8.6299999999998604        1.0000000000000000     
   8.6399999999998602        1.0000000000000000     
   8.6499999999998600        1.0000000000000000     
   8.6599999999998598        1.0000000000000000     
   8.6699999999998596        1.0000000000000000     
   8.6799999999998594        1.0000000000000000     
   8.6899999999998592        1.0000000000000000     
   8.6999999999998590        1.0000000000000000     
   8.7099999999998587        1.0000000000000000     
   8.7199999999998585        1.0000000000000000     
   8.7299999999998583        1.0000000000000000     
   8.7399999999998581        1.0000000000000000     
   8.7499999999998579        1.0000000000000000     
   8.7599999999998577        1.0000000000000000     
   8.7699999999998575        1.0000000000000000     
   8.7799999999998573        1.0000000000000000     
   8.7899999999998570        1.0000000000000000     
   8.7999999999998568        1.0000000000000000     
   8.8099999999998566        1.0000000000000000     
   8.8199999999998564        1.0000000000000000     
   8.8299999999998562        1.0000000000000000     
   8.8399999999998560        1.0000000000000000     
   8.8499999999998558        1.0000000000000000     
   8.8599999999998555        1.0000000000000000     
   8.8699999999998553        1.0000000000000000     
   8.8799999999998551        1.0000000000000000     
   8.8899999999998549        1.0000000000000000     
   8.8999999999998547        1.0000000000000000     
   8.9099999999998545        1.0000000000000000     
   8.9199999999998543        1.0000000000000000     
   8.9299999999998541        1.0000000000000000     
   8.9399999999998538        1.0000000000000000     
   8.9499999999998536        1.0000000000000000     
   8.9599999999998534        1.0000000000000000     
   8.9699999999998532        1.0000000000000000     
   8.9799999999998530        1.0000000000000000     
   8.9899999999998528        1.0000000000000000     
   8.9999999999998526        1.0000000000000000     
   9.0099999999998523        1.0000000000000000     
   9.0199999999998521        1.0000000000000000     
   9.0299999999998519        1.0000000000000000     
   9.0399999999998517        1.0000000000000000     
   9.0499999999998515        1.0000000000000000     
   9.0599999999998513        1.0000000000000000     
   9.0699999999998511        1.0000000000000000     
   9.0799999999998509        1.0000000000000000     
   9.0899999999998506        1.0000000000000000     
   9.0999999999998504        1.0000000000000000     
   9.1099999999998502        1.0000000000000000     
   9.1199999999998500        1.0000000000000000     
   9.1299999999998498        1.0000000000000000     
   9.1399999999998496        1.0000000000000000     
   9.1499999999998494        1.0000000000000000     
   9.1599999999998492        1.0000000000000000     
   9.1699999999998489        1.0000000000000000     
   9.1799999999998487        1.0000000000000000     
   9.1899999999998485        1.0000000000000000     
   9.1999999999998483        1.0000000000000000     
   9.2099999999998481        1.0000000000000000     
   9.2199999999998479        1.0000000000000000     
   9.2299999999998477        1.0000000000000000     
   9.2399999999998474        1.0000000000000000     
   9.2499999999998472        1.0000000000000000     
   9.2599999999998470        1.0000000000000000     
   9.2699999999998468        1.0000000000000000     
   9.2799999999998466        1.0000000000000000     
   9.2899999999998464        1.0000000000000000     
   9.2999999999998462        1.0000000000000000     
   9.3099999999998460        1.0000000000000000     
   9.3199999999998457        1.0000000000000000     
   9.3299999999998455        1.0000000000000000     
   9.3399999999998453        1.0000000000000000     
   9.3499999999998451        1.0000000000000000     
   9.3599999999998449        1.0000000000000000     
   9.3699999999998447        1.0000000000000000     
   9.3799999999998445        1.0000000000000000     
   9.3899999999998442        1.0000000000000000     
   9.3999999999998440        1.0000000000000000     
   9.4099999999998438        1.0000000000000000     
   9.4199999999998436        1.0000000000000000     
   9.4299999999998434        1.0000000000000000     
   9.4399999999998432        1.0000000000000000     
   9.4499999999998430        1.0000000000000000     
   9.4599999999998428        1.0000000000000000     
   9.4699999999998425        1.0000000000000000     
   9.4799999999998423        1.0000000000000000     
   9.4899999999998421        1.0000000000000000     
   9.4999999999998419        1.0000000000000000     
   9.5099999999998417        1.0000000000000000     
   9.5199999999998415        1.0000000000000000     
   9.5299999999998413        1.0000000000000000     
   9.5399999999998411        1.0000000000000000     
   9.5499999999998408        1.0000000000000000     
   9.5599999999998406        1.0000000000000000     
   9.5699999999998404        1.0000000000000000     
   9.5799999999998402        1.0000000000000000     
   9.5899999999998400        1.0000000000000000     
   9.5999999999998398        1.0000000000000000     
   9.6099999999998396        1.0000000000000000     
   9.6199999999998393        1.0000000000000000     
   9.6299999999998391        1.0000000000000000     
   9.6399999999998389        1.0000000000000000     
   9.6499999999998387        1.0000000000000000     
   9.6599999999998385        1.0000000000000000     
   9.6699999999998383        1.0000000000000000     
   9.6799999999998381        1.0000000000000000     
   9.6899999999998379        1.0000000000000000     
   9.6999999999998376        1.0000000000000000     
   9.7099999999998374        1.0000000000000000     
   9.7199999999998372        1.0000000000000000     
   9.7299999999998370        1.0000000000000000     
   9.7399999999998368        1.0000000000000000     
   9.7499999999998366        1.0000000000000000     
   9.7599999999998364        1.0000000000000000     
   9.7699999999998361        1.0000000000000000     
   9.7799999999998359        1.0000000000000000     
   9.7899999999998357        1.0000000000000000     
   9.7999999999998355        1.0000000000000000     
   9.8099999999998353        1.0000000000000000     
   9.8199999999998351        1.0000000000000000     
   9.8299999999998349        1.0000000000000000     
   9.8399999999998347        1.0000000000000000     
   9.8499999999998344        1.0000000000000000     
   9.8599999999998342        1.0000000000000000     
   9.8699999999998340        1.0000000000000000     
   9.8799999999998338        1.0000000000000000     
   9.8899999999998336        1.0000000000000000     
   9.8999999999998334        1.0000000000000000     
   9.9099999999998332        1.0000000000000000     
   9.9199999999998330        1.0000000000000000     
   9.9299999999998327        1.0000000000000000     
   9.9399999999998325        1.0000000000000000     
   9.9499999999998323        1.0000000000000000     
   9.9599999999998321        1.0000000000000000     
   9.9699999999998319        1.0000000000000000     
   9.9799999999998317        1.0000000000000000     
   9.9899999999998315        1.0000000000000000     
   9.9999999999998312        1.0000000000000000     
