   0.0000000000000000       -1.8275276125516980E-017
   1.0000000000000000E-002   5.4905632136884675E-003
   2.0000000000000000E-002   1.0977382500227608E-002
   2.9999999999999999E-002   1.6456749870828017E-002
   4.0000000000000001E-002   2.1925028573653308E-002
   5.0000000000000003E-002   2.7378687126895392E-002
   6.0000000000000005E-002   3.2814331488130816E-002
   7.0000000000000007E-002   3.8228734801922945E-002
   8.0000000000000002E-002   4.3618864219089025E-002
   8.9999999999999997E-002   4.8981904342170375E-002
   9.9999999999999992E-002   5.4315276920594735E-002
  0.10999999999999999        5.9616656493825283E-002
  0.11999999999999998        6.4883981759492684E-002
  0.12999999999999998        7.0115462524171029E-002
  0.13999999999999999        7.5309582175334608E-002
  0.14999999999999999        8.0465095692506775E-002
  0.16000000000000000        8.5581023292329930E-002
  0.17000000000000001        9.0656639875083087E-002
  0.18000000000000002        9.5691460508120940E-002
  0.19000000000000003       0.10068522224404181     
  0.20000000000000004       0.10563786262755190     
  0.21000000000000005       0.11054949529446237     
  0.22000000000000006       0.11542038310869905     
  0.23000000000000007       0.12025090931824975     
  0.24000000000000007       0.12504154723836233     
  0.25000000000000006       0.12979282898973771     
  0.26000000000000006       0.13450531383070416     
  0.27000000000000007       0.13917955662518622     
  0.28000000000000008       0.14381607698254079     
  0.29000000000000009       0.14841532959094061     
  0.30000000000000010       0.15297767624297870     
  0.31000000000000011       0.15750336002070781     
  0.32000000000000012       0.16199248206781255     
  0.33000000000000013       0.16644498132950503     
  0.34000000000000014       0.17086061758683574     
  0.35000000000000014       0.17523895805232623     
  0.36000000000000015       0.17957936772926378     
  0.37000000000000016       0.18388100366890614     
  0.38000000000000017       0.18814281318961390     
  0.39000000000000018       0.19236353605098291     
  0.40000000000000019       0.19654171050583211     
  0.41000000000000020       0.20067568308488470     
  0.42000000000000021       0.20476362190447256     
  0.43000000000000022       0.20880353322791262     
  0.44000000000000022       0.21279328095743252     
  0.45000000000000023       0.21673060868670249     
  0.46000000000000024       0.22061316390493443     
  0.47000000000000025       0.22443852391284541     
  0.48000000000000026       0.22820422298903703     
  0.49000000000000027       0.23190778033282985     
  0.50000000000000022       0.23554672830644277     
  0.51000000000000023       0.23911864050563852     
  0.52000000000000024       0.24262115920324134     
  0.53000000000000025       0.24605202173393140     
  0.54000000000000026       0.24940908542071694     
  0.55000000000000027       0.25269035068266960     
  0.56000000000000028       0.25589398200889224     
  0.57000000000000028       0.25901832653396695     
  0.58000000000000029       0.26206193000412437     
  0.59000000000000030       0.26502354997955496     
  0.60000000000000031       0.26790216617521762     
  0.61000000000000032       0.27069698789888647     
  0.62000000000000033       0.27340745859937121     
  0.63000000000000034       0.27603325758898739     
  0.64000000000000035       0.27857429905100684     
  0.65000000000000036       0.28103072848437483     
  0.66000000000000036       0.28340291677364626     
  0.67000000000000037       0.28569145210147712     
  0.68000000000000038       0.28789712994387406     
  0.69000000000000039       0.29002094140483436     
  0.70000000000000040       0.29206406015699643     
  0.71000000000000041       0.29402782825902402     
  0.72000000000000042       0.29591374111890606     
  0.73000000000000043       0.29772343186587652     
  0.74000000000000044       0.29945865538275851     
  0.75000000000000044       0.30112127223587598     
  0.76000000000000045       0.30271323272197304     
  0.77000000000000046       0.30423656123138287     
  0.78000000000000047       0.30569334110475621     
  0.79000000000000048       0.30708570013745745     
  0.80000000000000049       0.30841579686195680     
  0.81000000000000050       0.30968580771460080     
  0.82000000000000051       0.31089791516957577     
  0.83000000000000052       0.31205429690002923     
  0.84000000000000052       0.31315711600462354     
  0.85000000000000053       0.31420851231747082     
  0.86000000000000054       0.31521059480084956     
  0.87000000000000055       0.31616543500329269     
  0.88000000000000056       0.31707506155098891     
  0.89000000000000057       0.31794145562780751     
  0.90000000000000058       0.31876654738882876     
  0.91000000000000059       0.31955221324398797     
  0.92000000000000060       0.32030027394225014     
  0.93000000000000060       0.32101249338258292     
  0.94000000000000061       0.32169057807567691     
  0.95000000000000062       0.32233617717986218     
  0.96000000000000063       0.32295088303557240     
  0.97000000000000064       0.32353623212509408     
  0.98000000000000065       0.32409370638774598     
  0.99000000000000066       0.32462473482501830     
   1.0000000000000007       0.32513069533524613     
   1.0100000000000007       0.32561291672297898     
   1.0200000000000007       0.32607268083407254     
   1.0300000000000007       0.32651122477353367     
   1.0400000000000007       0.32692974316918333     
   1.0500000000000007       0.32732939045000020     
   1.0600000000000007       0.32771128311365694     
   1.0700000000000007       0.32807650196297000     
   1.0800000000000007       0.32842609429581276     
   1.0900000000000007       0.32876107603741855     
   1.1000000000000008       0.32908243380783198     
   1.1100000000000008       0.32939112692062933     
   1.1200000000000008       0.32968808931180549     
   1.1300000000000008       0.32997423140007059     
   1.1400000000000008       0.33025044188153380     
   1.1500000000000008       0.33051758946314186     
   1.1600000000000008       0.33077652454006390     
   1.1700000000000008       0.33102808082271684     
   1.1800000000000008       0.33127307691921620     
   1.1900000000000008       0.33151231787881069     
   1.2000000000000008       0.33174659670134293     
   1.2100000000000009       0.33197669581700195     
   1.2200000000000009       0.33220338853966735     
   1.2300000000000009       0.33242744049598211     
   1.2400000000000009       0.33264961103101831     
   1.2500000000000009       0.33287065459002352     
   1.2600000000000009       0.33309132207427267     
   1.2700000000000009       0.33331236216765159     
   1.2800000000000009       0.33353452262909750     
   1.2900000000000009       0.33375855154469108     
   1.3000000000000009       0.33398519853190350     
   1.3100000000000009       0.33421521588737890     
   1.3200000000000010       0.33444935966869310     
   1.3300000000000010       0.33468839069982564     
   1.3400000000000010       0.33493307548964951     
   1.3500000000000010       0.33518418705265052     
   1.3600000000000010       0.33544250562133932     
   1.3700000000000010       0.33570881924047957     
   1.3800000000000010       0.33598392423431278     
   1.3900000000000010       0.33626862553955034     
   1.4000000000000010       0.33656373689881341     
   1.4100000000000010       0.33687008091175769     
   1.4200000000000010       0.33718848894392733     
   1.4300000000000010       0.33751980089679878     
   1.4400000000000011       0.33786486484610401     
   1.4500000000000011       0.33822453655959944     
   1.4600000000000011       0.33859967890961240     
   1.4700000000000011       0.33899116120006045     
   1.4800000000000011       0.33939985843192189     
   1.4900000000000011       0.33982665053523020     
   1.5000000000000011       0.34027242159936422     
   1.5100000000000011       0.34073805913654465     
   1.5200000000000011       0.34122445341575253     
   1.5300000000000011       0.34173249690554269     
   1.5400000000000011       0.34226308386427817     
   1.5500000000000012       0.34281711011480148     
   1.5600000000000012       0.34339547303748769     
   1.5700000000000012       0.34399907181065881     
   1.5800000000000012       0.34462880792056011     
   1.5900000000000012       0.34528558595435438     
   1.6000000000000012       0.34597031467902190     
   1.6100000000000012       0.34668390839685120     
   1.6200000000000012       0.34742728855447813     
   1.6300000000000012       0.34820138556777497     
   1.6400000000000012       0.34900714080950496     
   1.6500000000000012       0.34984550869134368     
   1.6600000000000013       0.35071745875698562     
   1.6700000000000013       0.35162397768947595     
   1.6800000000000013       0.35256607112417720     
   1.6900000000000013       0.35354476514954747     
   1.7000000000000013       0.35456110737194485     
   1.7100000000000013       0.35561616741826224     
   1.7200000000000013       0.35671103675199833     
   1.7300000000000013       0.35784682768456838     
   1.7400000000000013       0.35902467147440104     
   1.7500000000000013       0.36024571542162387     
   1.7600000000000013       0.36151111888590026     
   1.7700000000000014       0.36282204817854929     
   1.7800000000000014       0.36417967030742132     
   1.7900000000000014       0.36558514558302119     
   1.8000000000000014       0.36703961912672367     
   1.8100000000000014       0.36854421135546567     
   1.8200000000000014       0.37010000755128547     
   1.8300000000000014       0.37170804665747137     
   1.8400000000000014       0.37336930947489444     
   1.8500000000000014       0.37508470646141201     
   1.8600000000000014       0.37685506536288260     
   1.8700000000000014       0.37868111892571160     
   1.8800000000000014       0.38056349295673725     
   1.8900000000000015       0.38250269500626349     
   1.9000000000000015       0.38449910395321574     
   1.9100000000000015       0.38655296076751300     
   1.9200000000000015       0.38866436071331956     
   1.9300000000000015       0.39083324723792395     
   1.9400000000000015       0.39305940776452652     
   1.9500000000000015       0.39534247157381269     
   1.9600000000000015       0.39768190991911201     
   1.9700000000000015       0.40007703847435866     
   1.9800000000000015       0.40252702216364949     
   1.9900000000000015       0.40503088236745471     
   2.0000000000000013       0.40758750644460701     
   2.0100000000000011       0.41019565945257724     
   2.0200000000000009       0.41285399789274607     
   2.0300000000000007       0.41556108525383639     
   2.0400000000000005       0.41831540907676074     
   2.0500000000000003       0.42111539921926899     
   2.0600000000000001       0.42395944696004700     
   2.0699999999999998       0.42684592455037285     
   2.0799999999999996       0.42977320479798026     
   2.0899999999999994       0.43273968025299969     
   2.0999999999999992       0.43574378156031207     
   2.1099999999999990       0.43878399454663736     
   2.1199999999999988       0.44185887562425102     
   2.1299999999999986       0.44496706511649270     
   2.1399999999999983       0.44810729814269956     
   2.1499999999999981       0.45127841274176939     
   2.1599999999999979       0.45447935496331399     
   2.1699999999999977       0.45770918071279826     
   2.1799999999999975       0.46096705420103012     
   2.1899999999999973       0.46425224291776745     
   2.1999999999999971       0.46756410912284213     
   2.2099999999999969       0.47090209792441884     
   2.2199999999999966       0.47426572209135870     
   2.2299999999999964       0.47765454382347117     
   2.2399999999999962       0.48106815377779316     
   2.2499999999999960       0.48450614771940725     
   2.2599999999999958       0.48796810122981299     
   2.2699999999999956       0.49145354296279670     
   2.2799999999999954       0.49496192698576669     
   2.2899999999999952       0.49849260478205254     
   2.2999999999999949       0.50204479751560749     
   2.3099999999999947       0.50561756917308132     
   2.3199999999999945       0.50920980119847414     
   2.3299999999999943       0.51282016922238449     
   2.3399999999999941       0.51644712246100744     
   2.3499999999999939       0.52008886631979800     
   2.3599999999999937       0.52374334868365979     
   2.3699999999999934       0.52740825031041938     
   2.3799999999999932       0.53108097966837631     
   2.3899999999999930       0.53475867247327025     
   2.3999999999999928       0.53843819608672261     
   2.4099999999999926       0.54211615883901632     
   2.4199999999999924       0.54578892423607217     
   2.4299999999999922       0.54945262990606158     
   2.4399999999999920       0.55310321103764926     
   2.4499999999999917       0.55673642796204270     
   2.4599999999999915       0.56034789743754498     
   2.4699999999999913       0.56393312711067956     
   2.4799999999999911       0.56748755255485994     
   2.4899999999999909       0.57100657622823314     
   2.4999999999999907       0.57448560764888257     
   2.5099999999999905       0.57792010405946392     
   2.5199999999999902       0.58130561084583465     
   2.5299999999999900       0.58463780098559959     
   2.5399999999999898       0.58791251283267543     
   2.5499999999999896       0.59112578559193529     
   2.5599999999999894       0.59427389190221369     
   2.5699999999999892       0.59735336702415587     
   2.5799999999999890       0.60036103421889087     
   2.5899999999999888       0.60329402600092863     
   2.5999999999999885       0.60614980105093530     
   2.6099999999999883       0.60892615667725858     
   2.6199999999999881       0.61162123681614255     
   2.6299999999999879       0.61423353565614747     
   2.6399999999999877       0.61676189705968432     
   2.6499999999999875       0.61920551003156499     
   2.6599999999999873       0.62156390054923327     
   2.6699999999999871       0.62383692012088421     
   2.6799999999999868       0.62602473147561344     
   2.6899999999999866       0.62812779181385714     
   2.6999999999999864       0.63014683405769811     
   2.7099999999999862       0.63208284653967917     
   2.7199999999999860       0.63393705155738067     
   2.7299999999999858       0.63571088320038405     
   2.7399999999999856       0.63740596482831269     
   2.7499999999999853       0.63902408654495735     
   2.7599999999999851       0.64056718297598292     
   2.7699999999999849       0.64203731161771183     
   2.7799999999999847       0.64343663198366585     
   2.7899999999999845       0.64476738573493442     
   2.7999999999999843       0.64603187794143857     
   2.8099999999999841       0.64723245958406872     
   2.8199999999999839       0.64837151137371529     
   2.8299999999999836       0.64945142893237917     
   2.8399999999999834       0.65047460935429935     
   2.8499999999999832       0.65144343914148373     
   2.8599999999999830       0.65236028348801745     
   2.8699999999999828       0.65322747687115246     
   2.8799999999999826       0.65404731489399393     
   2.8899999999999824       0.65482204731457527     
   2.8999999999999821       0.65555387218878081     
   2.9099999999999819       0.65624493104967829     
   2.9199999999999817       0.65689730504316823     
   2.9299999999999815       0.65751301193882705     
   2.9399999999999813       0.65809400393547623     
   2.9499999999999811       0.65864216618278015     
   2.9599999999999809       0.65915931594297650     
   2.9699999999999807       0.65964720232033092     
   2.9799999999999804       0.66010750649002226     
   2.9899999999999802       0.66054184236254354     
   2.9999999999999800       0.66095175762431380     
   3.0099999999999798       0.66133873510002172     
   3.0199999999999796       0.66170419438680750     
   3.0299999999999794       0.66204949371505506     
   3.0399999999999792       0.66237593199505951     
   3.0499999999999790       0.66268475101295998     
   3.0599999999999787       0.66297713774346123     
   3.0699999999999785       0.66325422675045265     
   3.0799999999999783       0.66351710265022568     
   3.0899999999999781       0.66376680261497834     
   3.0999999999999779       0.66400431889731848     
   3.1099999999999777       0.66423060135894640     
   3.1199999999999775       0.66444655998903213     
   3.1299999999999772       0.66465306739984920     
   3.1399999999999770       0.66485096128897714     
   3.1499999999999768       0.66504104685893783     
   3.1599999999999766       0.66522409918645209     
   3.1699999999999764       0.66540086553456623     
   3.1799999999999762       0.66557206760185350     
   3.1899999999999760       0.66573840370361748     
   3.1999999999999758       0.66590055088054989     
   3.2099999999999755       0.66605916693077316     
   3.2199999999999753       0.66621489236150033     
   3.2299999999999751       0.66636835225666358     
   3.2399999999999749       0.66652015805707032     
   3.2499999999999747       0.66667090924955152     
   3.2599999999999745       0.66682119496164782     
   3.2699999999999743       0.66697159545825824     
   3.2799999999999740       0.66712268353660542     
   3.2899999999999738       0.66727502581590825     
   3.2999999999999736       0.66742918391804729     
   3.3099999999999734       0.66758571553564172     
   3.3199999999999732       0.66774517538415290     
   3.3299999999999730       0.66790811603490330     
   3.3399999999999728       0.66807508862638121     
   3.3499999999999726       0.66824664345196405     
   3.3599999999999723       0.66842333042299573     
   3.3699999999999721       0.66860569940746706     
   3.3799999999999719       0.66879430044590593     
   3.3899999999999717       0.66898968384791591     
   3.3999999999999715       0.66919240017491688     
   3.4099999999999713       0.66940300011696308     
   3.4199999999999711       0.66962203427428157     
   3.4299999999999708       0.66985005285710963     
   3.4399999999999706       0.67008760532052269     
   3.4499999999999704       0.67033523995433442     
   3.4599999999999702       0.67059350345132451     
   3.4699999999999700       0.67086294048039541     
   3.4799999999999698       0.67114409329413383     
   3.4899999999999696       0.67143750140278635     
   3.4999999999999694       0.67174370134864947     
   3.5099999999999691       0.67206322661586970     
   3.5199999999999689       0.67239660771085419     
   3.5299999999999687       0.67274437244721430     
   3.5399999999999685       0.67310704646680897     
   3.5499999999999683       0.67348515402423004     
   3.5599999999999681       0.67387921905653303     
   3.5699999999999679       0.67428976655260742     
   3.5799999999999677       0.67471732422767083     
   3.5899999999999674       0.67516242449798858     
   3.5999999999999672       0.67562560673917382     
   3.6099999999999670       0.67610741979888500     
   3.6199999999999668       0.67660842472147520     
   3.6299999999999666       0.67712919762886714     
   3.6399999999999664       0.67767033268899368     
   3.6499999999999662       0.67823244509126812     
   3.6599999999999659       0.67881617393792859     
   3.6699999999999657       0.67942218495180684     
   3.6799999999999655       0.68005117289498329     
   3.6899999999999653       0.68070386358982771     
   3.6999999999999651       0.68138101543393892     
   3.7099999999999649       0.68208342030412816     
   3.7199999999999647       0.68281190375150180     
   3.7299999999999645       0.68356732440009782     
   3.7399999999999642       0.68435057247532183     
   3.7499999999999640       0.68516256740491399     
   3.7599999999999638       0.68600425445468882     
   3.7699999999999636       0.68687660038277554     
   3.7799999999999634       0.68778058811940768     
   3.7899999999999632       0.68871721050394330     
   3.7999999999999630       0.68968746313607732     
   3.8099999999999627       0.69069233642367278     
   3.8199999999999625       0.69173280693474726     
   3.8299999999999623       0.69280982818524894     
   3.8399999999999621       0.69392432101690982     
   3.8499999999999619       0.69507716373993189     
   3.8599999999999617       0.69626918223320866     
   3.8699999999999615       0.69750114020937248     
   3.8799999999999613       0.69877372986293240     
   3.8899999999999610       0.70008756312636000     
   3.8999999999999608       0.70144316376097848     
   3.9099999999999606       0.70284096050628864     
   3.9199999999999604       0.70428128150283009     
   3.9299999999999602       0.70576435018961003     
   3.9399999999999600       0.70729028285738316     
   3.9499999999999598       0.70885908801402908     
   3.9599999999999596       0.71047066768803269     
   3.9699999999999593       0.71212482076118755     
   3.9799999999999591       0.71382124838278982     
   3.9899999999999589       0.71555956147558319     
   3.9999999999999587       0.71733929029922849     
   4.0099999999999589       0.71915989599148200     
   4.0199999999999587       0.72102078396124092     
   4.0299999999999585       0.72292131896248968     
   4.0399999999999583       0.72486084163474551     
   4.0499999999999581       0.72683868625511328     
   4.0599999999999579       0.72885419941019969     
   4.0699999999999577       0.73090675926387660     
   4.0799999999999574       0.73299579506985224     
   4.0899999999999572       0.73512080655694723     
   4.0999999999999570       0.73728138280014488     
   4.1099999999999568       0.73947722018261364     
   4.1199999999999566       0.74170813905275690     
   4.1299999999999564       0.74397409868667863     
   4.1399999999999562       0.74627521017953224     
   4.1499999999999559       0.74861174690964305     
   4.1599999999999557       0.75098415224625115     
   4.1699999999999555       0.75339304420521147     
   4.1799999999999553       0.75583921679637034     
   4.1899999999999551       0.75832363785112600     
   4.1999999999999549       0.76084744316826902     
   4.2099999999999547       0.76341192686994142     
   4.2199999999999545       0.76601852791675373     
   4.2299999999999542       0.76866881279103427     
   4.2399999999999540       0.77136445441937973     
   4.2499999999999538       0.77410720746924733     
   4.2599999999999536       0.77689888021877374     
   4.2699999999999534       0.77974130326372482     
   4.2799999999999532       0.78263629538972368     
   4.2899999999999530       0.78558562700089551     
   4.2999999999999527       0.78859098155728757     
   4.3099999999999525       0.79165391553138120     
   4.3199999999999523       0.79477581744817549     
   4.3299999999999521       0.79795786662187462     
   4.3399999999999519       0.80120099224396546     
   4.3499999999999517       0.80450583351070859     
   4.3599999999999515       0.80787270150077739     
   4.3699999999999513       0.81130154352456918     
   4.3799999999999510       0.81479191066340195     
   4.3899999999999508       0.81834292919802532     
   4.3999999999999506       0.82195327659044182     
   4.4099999999999504       0.82562116262973551     
   4.4199999999999502       0.82934431628181338     
   4.4299999999999500       0.83311997869449939     
   4.4399999999999498       0.83694490270500199     
   4.4499999999999496       0.84081535907809757     
   4.4599999999999493       0.84472714957343698     
   4.4699999999999491       0.84867562680252651     
   4.4799999999999489       0.85265572069433260     
   4.4899999999999487       0.85666197124737931     
   4.4999999999999485       0.86068856711044783     
   4.5099999999999483       0.86472938940791999     
   4.5199999999999481       0.86877806011353387     
   4.5299999999999478       0.87282799418181156     
   4.5399999999999476       0.87687245457231411     
   4.5499999999999474       0.88090460925038083     
   4.5599999999999472       0.88491758922028718     
   4.5699999999999470       0.88890454664306751     
   4.5799999999999468       0.89285871211073653     
   4.5899999999999466       0.89677345018993682     
   4.5999999999999464       0.90064231240910952     
   4.6099999999999461       0.90445908694095600     
   4.6199999999999459       0.90821784432369224     
   4.6299999999999457       0.91191297866685883     
   4.6399999999999455       0.91553924389676422     
   4.6499999999999453       0.91909178471001751     
   4.6599999999999451       0.92256616201773045     
   4.6699999999999449       0.92595837277486970     
   4.6799999999999446       0.92926486419655163     
   4.6899999999999444       0.93248254246334472     
   4.6999999999999442       0.93560877610890769     
   4.7099999999999440       0.93864139436429550     
   4.7199999999999438       0.94157868080245188     
   4.7299999999999436       0.94441936268350390     
   4.7399999999999434       0.94716259644551348     
   4.7499999999999432       0.94980794981687833     
   4.7599999999999429       0.95235538104551076     
   4.7699999999999427       0.95480521574702726     
   4.7799999999999425       0.95715812187044147     
   4.7899999999999423       0.95941508326613811     
   4.7999999999999421       0.96157737231882656     
   4.8099999999999419       0.96364652207875512     
   4.8199999999999417       0.96562429828955776     
   4.8299999999999415       0.96751267167183930     
   4.8399999999999412       0.96931379077958968     
   4.8499999999999410       0.97102995570308404     
   4.8599999999999408       0.97266359284813508     
   4.8699999999999406       0.97421723097875235     
   4.8799999999999404       0.97569347866903511     
   4.8899999999999402       0.97709500327139820     
   4.8999999999999400       0.97842451147260434     
   4.9099999999999397       0.97968473147675916     
   4.9199999999999395       0.98087839682582900     
   4.9299999999999393       0.98200823184333741     
   4.9399999999999391       0.98307693866597057     
   4.9499999999999389       0.98408718581014543     
   4.9599999999999387       0.98504159820682258     
   4.9699999999999385       0.98594274862692499     
   4.9799999999999383       0.98679315041194049     
   4.9899999999999380       0.98759525141904236     
   4.9999999999999378       0.98835142908705231     
   5.0099999999999376       0.98906398652870553     
   5.0199999999999374       0.98973514955519193     
   5.0299999999999372       0.99036706454114509     
   5.0399999999999370       0.99096179704125009     
   5.0499999999999368       0.99152133107369911     
   5.0599999999999365       0.99204756899029367     
   5.0699999999999363       0.99254233185795016     
   5.0799999999999361       0.99300736028181436     
   5.0899999999999359       0.99344431560539670     
   5.0999999999999357       0.99385478142879513     
   5.1099999999999355       0.99424026539120958     
   5.1199999999999353       0.99460220116925824     
   5.1299999999999351       0.99494195064757540     
   5.1399999999999348       0.99526080622280377     
   5.1499999999999346       0.99555999320661404     
   5.1599999999999344       0.99584067229747208     
   5.1699999999999342       0.99610394209468434     
   5.1799999999999340       0.99635084163178889     
   5.1899999999999338       0.99658235290955577     
   5.1999999999999336       0.99679940341173734     
   5.2099999999999334       0.99700286858937259     
   5.2199999999999331       0.99719357430175382     
   5.2299999999999329       0.99737229920431458     
   5.2399999999999327       0.99753977707551089     
   5.2499999999999325       0.99769669907638336     
   5.2599999999999323       0.99784371593808741     
   5.2699999999999321       0.99798144007367406     
   5.2799999999999319       0.99811044761176371     
   5.2899999999999316       0.99823128035049369     
   5.2999999999999314       0.99834444763105945     
   5.3099999999999312       0.99845042813076779     
   5.3199999999999310       0.99854967157615437     
   5.3299999999999308       0.99864260037715868     
   5.3399999999999306       0.99872961118379733     
   5.3499999999999304       0.99881107636700928     
   5.3599999999999302       0.99888734542575608     
   5.3699999999999299       0.99895874632247517     
   5.3799999999999297       0.99902558674929676     
   5.3899999999999295       0.99908815532746853     
   5.3999999999999293       0.99914672274251448     
   5.4099999999999291       0.99920154281768747     
   5.4199999999999289       0.99925285352837212     
   5.4299999999999287       0.99930087795994404     
   5.4399999999999284       0.99934582521171123     
   5.4499999999999282       0.99938789124947325     
   5.4599999999999280       0.99942725970911839     
   5.4699999999999278       0.99946410265375552     
   5.4799999999999276       0.99949858128665370     
   5.4899999999999274       0.99953084662234015     
   5.4999999999999272       0.99956104011800651     
   5.5099999999999270       0.99958929426735965     
   5.5199999999999267       0.99961573315895658     
   5.5299999999999265       0.99964047300095227     
   5.5399999999999263       0.99966362261416963     
   5.5499999999999261       0.99968528389521327     
   5.5599999999999259       0.99970555225138580     
   5.5699999999999257       0.99972451700897058     
   5.5799999999999255       0.99974226179649384     
   5.5899999999999253       0.99975886490431298     
   5.5999999999999250       0.99977439962204917     
   5.6099999999999248       0.99978893455505580     
   5.6199999999999246       0.99980253392127560     
   5.6299999999999244       0.99981525782955716     
   5.6399999999999242       0.99982716254062642     
   5.6499999999999240       0.99983830071172508     
   5.6599999999999238       0.99984872162589800     
   5.6699999999999235       0.99985847140689299     
   5.6799999999999233       0.99986759322054453     
   5.6899999999999231       0.99987612746342669     
   5.6999999999999229       0.99988411193965321     
   5.7099999999999227       0.99989158202647055     
   5.7199999999999225       0.99989857082937283     
   5.7299999999999223       0.99990510932737364     
   5.7399999999999221       0.99991122650910624     
   5.7499999999999218       0.99991694950021626     
   5.7599999999999216       0.99992230368273050     
   5.7699999999999214       0.99992731280675062     
   5.7799999999999212       0.99993199909509267     
   5.7899999999999210       0.99993638334122492     
   5.7999999999999208       0.99994048500097255     
   5.8099999999999206       0.99994432227836672     
   5.8199999999999203       0.99994791220600143     
   5.8299999999999201       0.99995127072025147     
   5.8399999999999199       0.99995441273170860     
   5.8499999999999197       0.99995735219107906     
   5.8599999999999195       0.99996010215085240     
   5.8699999999999193       0.99996267482307721     
   5.8799999999999191       0.99996508163336673     
   5.8899999999999189       0.99996733327148568     
   5.8999999999999186       0.99996943973868879     
   5.9099999999999184       0.99997141039198145     
   5.9199999999999182       0.99997325398561454     
   5.9299999999999180       0.99997497870984065     
   5.9399999999999178       0.99997659222722091     
   5.9499999999999176       0.99997810170659729     
   5.9599999999999174       0.99997951385487738     
   5.9699999999999172       0.99998083494676626     
   5.9799999999999169       0.99998207085260671     
   5.9899999999999167       0.99998322706441045     
   5.9999999999999165       0.99998430872023381     
   6.0099999999999163       0.99998532062696632     
   6.0199999999999161       0.99998626728167195     
   6.0299999999999159       0.99998715289154139     
   6.0399999999999157       0.99998798139256384     
   6.0499999999999154       0.99998875646701613     
   6.0599999999999152       0.99998948155979628     
   6.0699999999999150       0.99999015989372164     
   6.0799999999999148       0.99999079448383754     
   6.0899999999999146       0.99999138815082189     
   6.0999999999999144       0.99999194353349252     
   6.1099999999999142       0.99999246310053658     
   6.1199999999999140       0.99999294916147707     
   6.1299999999999137       0.99999340387693314     
   6.1399999999999135       0.99999382926821312     
   6.1499999999999133       0.99999422722629927     
   6.1599999999999131       0.99999459952024117     
   6.1699999999999129       0.99999494780502940     
   6.1799999999999127       0.99999527362892837     
   6.1899999999999125       0.99999557844039322     
   6.1999999999999122       0.99999586359444403     
   6.2099999999999120       0.99999613035876278     
   6.2199999999999118       0.99999637991926538     
   6.2299999999999116       0.99999661338539481     
   6.2399999999999114       0.99999683179506182     
   6.2499999999999112       0.99999703611924962     
   6.2599999999999110       0.99999722726631635     
   6.2699999999999108       0.99999740608604715     
   6.2799999999999105       0.99999757337343287     
   6.2899999999999103       0.99999772987219204     
   6.2999999999999101       0.99999787627808800     
   6.3099999999999099       0.99999801324201265     
   6.3199999999999097       0.99999814137288301     
   6.3299999999999095       0.99999826124035118     
   6.3399999999999093       0.99999837337732800     
   6.3499999999999091       0.99999847828236421     
   6.3599999999999088       0.99999857642185552     
   6.3699999999999086       0.99999866823211359     
   6.3799999999999084       0.99999875412132444     
   6.3899999999999082       0.99999883447134685     
   6.3999999999999080       0.99999890963941240     
   6.4099999999999078       0.99999897995971010     
   6.4199999999999076       0.99999904574488163     
   6.4299999999999073       0.99999910728740926     
   6.4399999999999071       0.99999916486090579     
   6.4499999999999069       0.99999921872134045     
   6.4599999999999067       0.99999926910818215     
   6.4699999999999065       0.99999931624544514     
   6.4799999999999063       0.99999936034270243     
   6.4899999999999061       0.99999940159601530     
   6.4999999999999059       0.99999944018878617     
   6.5099999999999056       0.99999947629260733     
   6.5199999999999054       0.99999951006799903     
   6.5299999999999052       0.99999954166511773     
   6.5399999999999050       0.99999957122445760     
   6.5499999999999048       0.99999959887743273     
   6.5599999999999046       0.99999962474698900     
   6.5699999999999044       0.99999964894814275     
   6.5799999999999041       0.99999967158850278     
   6.5899999999999039       0.99999969276871870     
   6.5999999999999037       0.99999971258296416     
   6.6099999999999035       0.99999973111932916     
   6.6199999999999033       0.99999974846023609     
   6.6299999999999031       0.99999976468277396     
   6.6399999999999029       0.99999977985907640     
   6.6499999999999027       0.99999979405661310     
   6.6599999999999024       0.99999980733851168     
   6.6699999999999022       0.99999981976382124     
   6.6799999999999020       0.99999983138778625     
   6.6899999999999018       0.99999984226208982     
   6.6999999999999016       0.99999985243507417     
   6.7099999999999014       0.99999986195197577     
   6.7199999999999012       0.99999987085510278     
   6.7299999999999010       0.99999987918404087     
   6.7399999999999007       0.99999988697582254     
   6.7499999999999005       0.99999989426508928     
   6.7599999999999003       0.99999990108425307     
   6.7699999999999001       0.99999990746362166     
   6.7799999999998999       0.99999991343157246     
   6.7899999999998997       0.99999991901462548     
   6.7999999999998995       0.99999992423761275     
   6.8099999999998992       0.99999992912375490     
   6.8199999999998990       0.99999993369478091     
   6.8299999999998988       0.99999993797100228     
   6.8399999999998986       0.99999994197143616     
   6.8499999999998984       0.99999994571386919     
   6.8599999999998982       0.99999994921494972     
   6.8699999999998980       0.99999995249022644     
   6.8799999999998978       0.99999995555428001     
   6.8899999999998975       0.99999995842071510     
   6.8999999999998973       0.99999996110228651     
   6.9099999999998971       0.99999996361091736     
   6.9199999999998969       0.99999996595776031     
   6.9299999999998967       0.99999996815324288     
   6.9399999999998965       0.99999997020713849     
   6.9499999999998963       0.99999997212856540     
   6.9599999999998960       0.99999997392608153     
   6.9699999999998958       0.99999997560766729     
   6.9799999999998956       0.99999997718079958     
   6.9899999999998954       0.99999997865248069     
   6.9999999999998952       0.99999998002924506     
   7.0099999999998950       0.99999998131722034     
   7.0199999999998948       0.99999998252212863     
   7.0299999999998946       0.99999998364932918     
   7.0399999999998943       0.99999998470383411     
   7.0499999999998941       0.99999998569033099     
   7.0599999999998939       0.99999998661320422     
   7.0699999999998937       0.99999998747655905     
   7.0799999999998935       0.99999998828423320     
   7.0899999999998933       0.99999998903982035     
   7.0999999999998931       0.99999998974667170     
   7.1099999999998929       0.99999999040794241     
   7.1199999999998926       0.99999999102655746     
   7.1299999999998924       0.99999999160528763     
   7.1399999999998922       0.99999999214668400     
   7.1499999999998920       0.99999999265317130     
   7.1599999999998918       0.99999999312699184     
   7.1699999999998916       0.99999999357025260     
   7.1799999999998914       0.99999999398492245     
   7.1899999999998911       0.99999999437285625     
   7.1999999999998909       0.99999999473576651     
   7.2099999999998907       0.99999999507527171     
   7.2199999999998905       0.99999999539288476     
   7.2299999999998903       0.99999999569000797     
   7.2399999999998901       0.99999999596797506     
   7.2499999999998899       0.99999999622801561     
   7.2599999999998897       0.99999999647127991     
   7.2699999999998894       0.99999999669885731     
   7.2799999999998892       0.99999999691175379     
   7.2899999999998890       0.99999999711092624     
   7.2999999999998888       0.99999999729726285     
   7.3099999999998886       0.99999999747155710     
   7.3199999999998884       0.99999999763462843     
   7.3299999999998882       0.99999999778717730     
   7.3399999999998879       0.99999999792988981     
   7.3499999999998877       0.99999999806339379     
   7.3599999999998875       0.99999999818829088     
   7.3699999999998873       0.99999999830514497     
   7.3799999999998871       0.99999999841444398     
   7.3899999999998869       0.99999999851669819     
   7.3999999999998867       0.99999999861236288     
   7.4099999999998865       0.99999999870185352     
   7.4199999999998862       0.99999999878557677     
   7.4299999999998860       0.99999999886389723     
   7.4399999999998858       0.99999999893717373     
   7.4499999999998856       0.99999999900570813     
   7.4599999999998854       0.99999999906983417     
   7.4699999999998852       0.99999999912983317     
   7.4799999999998850       0.99999999918594740     
   7.4899999999998847       0.99999999923845062     
   7.4999999999998845       0.99999999928756722     
   7.5099999999998843       0.99999999933350969     
   7.5199999999998841       0.99999999937649209     
   7.5299999999998839       0.99999999941670970     
   7.5399999999998837       0.99999999945432394     
   7.5499999999998835       0.99999999948951745     
   7.5599999999998833       0.99999999952244145     
   7.5699999999998830       0.99999999955323771     
   7.5799999999998828       0.99999999958205532     
   7.5899999999998826       0.99999999960900898     
   7.5999999999998824       0.99999999963422692     
   7.6099999999998822       0.99999999965781272     
   7.6199999999998820       0.99999999967987030     
   7.6299999999998818       0.99999999970052678     
   7.6399999999998816       0.99999999971984366     
   7.6499999999998813       0.99999999973790976     
   7.6599999999998811       0.99999999975480847     
   7.6699999999998809       0.99999999977062459     
   7.6799999999998807       0.99999999978542642     
   7.6899999999998805       0.99999999979925280     
   7.6999999999998803       0.99999999981219811     
   7.7099999999998801       0.99999999982431598     
   7.7199999999998798       0.99999999983564281     
   7.7299999999998796       0.99999999984624466     
   7.7399999999998794       0.99999999985615695     
   7.7499999999998792       0.99999999986544319     
   7.7599999999998790       0.99999999987411592     
   7.7699999999998788       0.99999999988223476     
   7.7799999999998786       0.99999999988982324     
   7.7899999999998784       0.99999999989693622     
   7.7999999999998781       0.99999999990358834     
   7.8099999999998779       0.99999999990980137     
   7.8199999999998777       0.99999999991562016     
   7.8299999999998775       0.99999999992106070     
   7.8399999999998773       0.99999999992615007     
   7.8499999999998771       0.99999999993090860     
   7.8599999999998769       0.99999999993536970     
   7.8699999999998766       0.99999999993953581     
   7.8799999999998764       0.99999999994343747     
   7.8899999999998762       0.99999999994708566     
   7.8999999999998760       0.99999999995049871     
   7.9099999999998758       0.99999999995368749     
   7.9199999999998756       0.99999999995667366     
   7.9299999999998754       0.99999999995947098     
   7.9399999999998752       0.99999999996208710     
   7.9499999999998749       0.99999999996453015     
   7.9599999999998747       0.99999999996681721     
   7.9699999999998745       0.99999999996895494     
   7.9799999999998743       0.99999999997096378     
   7.9899999999998741       0.99999999997283517     
   7.9999999999998739       0.99999999997459443     
   8.0099999999998737       0.99999999997622024     
   8.0199999999998735       0.99999999997776101     
   8.0299999999998732       0.99999999997918931     
   8.0399999999998730       0.99999999998053668     
   8.0499999999998728       0.99999999998179201     
   8.0599999999998726       0.99999999998296329     
   8.0699999999998724       0.99999999998406053     
   8.0799999999998722       0.99999999998509148     
   8.0899999999998720       0.99999999998605382     
   8.0999999999998717       0.99999999998695688     
   8.1099999999998715       0.99999999998779310     
   8.1199999999998713       0.99999999998856959     
   8.1299999999998711       0.99999999998931433     
   8.1399999999998709       0.99999999999000599     
   8.1499999999998707       0.99999999999065281     
   8.1599999999998705       0.99999999999125522     
   8.1699999999998703       0.99999999999181599     
   8.1799999999998700       0.99999999999234501     
   8.1899999999998698       0.99999999999284528     
   8.1999999999998696       0.99999999999330480     
   8.2099999999998694       0.99999999999373024     
   8.2199999999998692       0.99999999999413902     
   8.2299999999998690       0.99999999999451683     
   8.2399999999998688       0.99999999999486888     
   8.2499999999998685       0.99999999999520983     
   8.2599999999998683       0.99999999999551548     
   8.2699999999998681       0.99999999999579936     
   8.2799999999998679       0.99999999999606548     
   8.2899999999998677       0.99999999999632172     
   8.2999999999998675       0.99999999999655853     
   8.3099999999998673       0.99999999999678391     
   8.3199999999998671       0.99999999999699019     
   8.3299999999998668       0.99999999999718459     
   8.3399999999998666       0.99999999999736422     
   8.3499999999998664       0.99999999999753209     
   8.3599999999998662       0.99999999999770006     
   8.3699999999998660       0.99999999999784461     
   8.3799999999998658       0.99999999999797951     
   8.3899999999998656       0.99999999999811073     
   8.3999999999998654       0.99999999999823364     
   8.4099999999998651       0.99999999999834055     
   8.4199999999998649       0.99999999999845923     
   8.4299999999998647       0.99999999999855715     
   8.4399999999998645       0.99999999999864819     
   8.4499999999998643       0.99999999999873468     
   8.4599999999998641       0.99999999999881317     
   8.4699999999998639       0.99999999999889044     
   8.4799999999998636       0.99999999999896216     
   8.4899999999998634       0.99999999999903477     
   8.4999999999998632       0.99999999999909650     
   8.5099999999998630       0.99999999999915168     
   8.5199999999998628       0.99999999999921196     
   8.5299999999998626       0.99999999999925937     
   8.5399999999998624       0.99999999999930733     
   8.5499999999998622       0.99999999999934541     
   8.5599999999998619       0.99999999999939260     
   8.5699999999998617       0.99999999999942546     
   8.5799999999998615       0.99999999999946876     
   8.5899999999998613       0.99999999999950240     
   8.5999999999998611       0.99999999999953926     
   8.6099999999998609       0.99999999999956435     
   8.6199999999998607       0.99999999999959510     
   8.6299999999998604       0.99999999999962030     
   8.6399999999998602       0.99999999999964573     
   8.6499999999998600       0.99999999999967248     
   8.6599999999998598       0.99999999999969313     
   8.6699999999998596       0.99999999999970846     
   8.6799999999998594       0.99999999999972766     
   8.6899999999998592       0.99999999999974820     
   8.6999999999998590       0.99999999999976652     
   8.7099999999998587       0.99999999999977729     
   8.7199999999998585       0.99999999999979206     
   8.7299999999998583       0.99999999999980616     
   8.7399999999998581       0.99999999999982447     
   8.7499999999998579       0.99999999999983680     
   8.7599999999998577       0.99999999999984590     
   8.7699999999998575       0.99999999999984923     
   8.7799999999998573       0.99999999999985512     
   8.7899999999998570       0.99999999999986855     
   8.7999999999998568       0.99999999999987466     
   8.8099999999998566       0.99999999999988187     
   8.8199999999998564       0.99999999999989753     
   8.8299999999998562       0.99999999999990108     
   8.8399999999998560       0.99999999999991263     
   8.8499999999998558       0.99999999999991740     
   8.8599999999998555       0.99999999999992095     
   8.8699999999998553       0.99999999999992428     
   8.8799999999998551       0.99999999999992784     
   8.8899999999998549       0.99999999999993117     
   8.8999999999998547       0.99999999999993405     
   8.9099999999998545       0.99999999999993550     
   8.9199999999998543       0.99999999999994615     
   8.9299999999998541       0.99999999999994782     
   8.9399999999998538       0.99999999999995093     
   8.9499999999998536       0.99999999999995282     
   8.9599999999998534       0.99999999999995381     
   8.9699999999998532       0.99999999999995426     
   8.9799999999998530       0.99999999999996780     
   8.9899999999998528       0.99999999999997236     
   8.9999999999998526       0.99999999999997358     
   9.0099999999998523       0.99999999999997424     
   9.0199999999998521       0.99999999999997735     
   9.0299999999998519       0.99999999999997813     
   9.0399999999998517       0.99999999999997835     
   9.0499999999998515       0.99999999999997902     
   9.0599999999998513       0.99999999999997946     
   9.0699999999998511       0.99999999999997957     
   9.0799999999998509       0.99999999999998923     
   9.0899999999998506       0.99999999999999123     
   9.0999999999998504       0.99999999999999145     
   9.1099999999998502       0.99999999999999167     
   9.1199999999998500       0.99999999999999190     
   9.1299999999998498       0.99999999999999234     
   9.1399999999998496       0.99999999999999334     
   9.1499999999998494       0.99999999999999378     
   9.1599999999998492       0.99999999999999378     
   9.1699999999998489       0.99999999999999400     
   9.1799999999998487       0.99999999999999523     
   9.1899999999998485       0.99999999999999711     
   9.1999999999998483       0.99999999999999756     
   9.2099999999998481       0.99999999999999756     
   9.2199999999998479       0.99999999999999756     
   9.2299999999998477       0.99999999999999789     
   9.2399999999998474       0.99999999999999833     
   9.2499999999998472       0.99999999999999833     
   9.2599999999998470       0.99999999999999856     
   9.2699999999998468       0.99999999999999856     
   9.2799999999998466       0.99999999999999856     
   9.2899999999998464       0.99999999999999900     
   9.2999999999998462       0.99999999999999922     
   9.3099999999998460       0.99999999999999922     
   9.3199999999998457       0.99999999999999922     
   9.3299999999998455       0.99999999999999933     
   9.3399999999998453       0.99999999999999933     
   9.3499999999998451       0.99999999999999933     
   9.3599999999998449       0.99999999999999933     
   9.3699999999998447       0.99999999999999933     
   9.3799999999998445       0.99999999999999933     
   9.3899999999998442       0.99999999999999956     
   9.3999999999998440       0.99999999999999956     
   9.4099999999998438       0.99999999999999956     
   9.4199999999998436       0.99999999999999956     
   9.4299999999998434       0.99999999999999956     
   9.4399999999998432       0.99999999999999978     
   9.4499999999998430       0.99999999999999978     
   9.4599999999998428       0.99999999999999978     
   9.4699999999998425       0.99999999999999978     
   9.4799999999998423       0.99999999999999978     
   9.4899999999998421       0.99999999999999978     
   9.4999999999998419       0.99999999999999978     
   9.5099999999998417       0.99999999999999978     
   9.5199999999998415       0.99999999999999978     
   9.5299999999998413       0.99999999999999978     
   9.5399999999998411       0.99999999999999978     
   9.5499999999998408       0.99999999999999978     
   9.5599999999998406        1.0000000000000000     
   9.5699999999998404        1.0000000000000000     
   9.5799999999998402        1.0000000000000000     
   9.5899999999998400        1.0000000000000000     
   9.5999999999998398        1.0000000000000000     
   9.6099999999998396        1.0000000000000000     
   9.6199999999998393        1.0000000000000000     
   9.6299999999998391        1.0000000000000000     
   9.6399999999998389        1.0000000000000000     
   9.6499999999998387        1.0000000000000000     
   9.6599999999998385        1.0000000000000000     
   9.6699999999998383        1.0000000000000000     
   9.6799999999998381        1.0000000000000000     
   9.6899999999998379        1.0000000000000000     
   9.6999999999998376        1.0000000000000000     
   9.7099999999998374        1.0000000000000000     
   9.7199999999998372        1.0000000000000000     
   9.7299999999998370        1.0000000000000000     
   9.7399999999998368        1.0000000000000000     
   9.7499999999998366        1.0000000000000000     
   9.7599999999998364        1.0000000000000000     
   9.7699999999998361        1.0000000000000000     
   9.7799999999998359        1.0000000000000000     
   9.7899999999998357        1.0000000000000000     
   9.7999999999998355        1.0000000000000000     
   9.8099999999998353        1.0000000000000000     
   9.8199999999998351        1.0000000000000000     
   9.8299999999998349        1.0000000000000000     
   9.8399999999998347        1.0000000000000000     
   9.8499999999998344        1.0000000000000000     
   9.8599999999998342        1.0000000000000000     
   9.8699999999998340        1.0000000000000000     
   9.8799999999998338        1.0000000000000000     
   9.8899999999998336        1.0000000000000000     
   9.8999999999998334        1.0000000000000000     
   9.9099999999998332        1.0000000000000000     
   9.9199999999998330        1.0000000000000000     
   9.9299999999998327        1.0000000000000000     
   9.9399999999998325        1.0000000000000000     
   9.9499999999998323        1.0000000000000000     
   9.9599999999998321        1.0000000000000000     
   9.9699999999998319        1.0000000000000000     
   9.9799999999998317        1.0000000000000000     
   9.9899999999998315        1.0000000000000000     
   9.9999999999998312        1.0000000000000000     
