   0.0000000000000000        1.5229396771264151E-017
   1.0000000000000000E-002   4.5112655505359853E-003
   2.0000000000000000E-002   9.0213673709529582E-003
   2.9999999999999999E-002   1.3529142503140988E-002
   4.0000000000000001E-002   1.8033429528705829E-002
   5.0000000000000003E-002   2.2533069328160509E-002
   6.0000000000000005E-002   2.7026905827565294E-002
   7.0000000000000007E-002   3.1513786728840761E-002
   8.0000000000000002E-002   3.5992564220318927E-002
   8.9999999999999997E-002   4.0462095664508688E-002
   9.9999999999999992E-002   4.4921244260526905E-002
  0.10999999999999999        4.9368879679176574E-002
  0.11999999999999998        5.3803878669230691E-002
  0.12999999999999998        5.8225125634080159E-002
  0.13999999999999999        6.2631513178540363E-002
  0.14999999999999999        6.7021942626238187E-002
  0.16000000000000000        7.1395324508639058E-002
  0.17000000000000001        7.5750579027387230E-002
  0.18000000000000002        8.0086636492219448E-002
  0.19000000000000003        8.4402437737260097E-002
  0.20000000000000004        8.8696934519002638E-002
  0.21000000000000005        9.2969089899726839E-002
  0.22000000000000006        9.7217878620461870E-002
  0.23000000000000007       0.10144228746790690     
  0.24000000000000007       0.10564131563993531     
  0.25000000000000006       0.10981397511443682     
  0.26000000000000006       0.11395929102629389     
  0.27000000000000007       0.11807630205724293     
  0.28000000000000008       0.12216406084323311     
  0.29000000000000009       0.12622163440367895     
  0.30000000000000010       0.13024810459669267     
  0.31000000000000011       0.13424256860399883     
  0.32000000000000012       0.13820413944878257     
  0.33000000000000013       0.14213194654919145     
  0.34000000000000014       0.14602513630964056     
  0.35000000000000014       0.14988287275143131     
  0.36000000000000015       0.15370433818352891     
  0.37000000000000016       0.15748873391364884     
  0.38000000000000017       0.16123528099907344     
  0.39000000000000018       0.16494322103590039     
  0.40000000000000019       0.16861181698469208     
  0.41000000000000020       0.17224035402978577     
  0.42000000000000021       0.17582814046882506     
  0.43000000000000022       0.17937450862841872     
  0.44000000000000022       0.18287881580120602     
  0.45000000000000023       0.18634044519905191     
  0.46000000000000024       0.18975880691655667     
  0.47000000000000025       0.19313333889865703     
  0.48000000000000026       0.19646350790568146     
  0.49000000000000027       0.19974881046895385     
  0.50000000000000022       0.20298877382980532     
  0.51000000000000023       0.20618295685472604     
  0.52000000000000024       0.20933095091934983     
  0.53000000000000025       0.21243238075398227     
  0.54000000000000026       0.21548690524353950     
  0.55000000000000027       0.21849421817494430     
  0.56000000000000028       0.22145404892534717     
  0.57000000000000028       0.22436616308488713     
  0.58000000000000029       0.22723036300816116     
  0.59000000000000030       0.23004648828909374     
  0.60000000000000031       0.23281441615443826     
  0.61000000000000032       0.23553406177178776     
  0.62000000000000033       0.23820537846865286     
  0.63000000000000034       0.24082835785981307     
  0.64000000000000035       0.24340302988094387     
  0.65000000000000036       0.24592946272721489     
  0.66000000000000036       0.24840776269633091     
  0.67000000000000037       0.25083807393623148     
  0.68000000000000038       0.25322057809839610     
  0.69000000000000039       0.25555549389843485     
  0.70000000000000040       0.25784307658631028     
  0.71000000000000041       0.26008361732921931     
  0.72000000000000042       0.26227744251073581     
  0.73000000000000043       0.26442491295042042     
  0.74000000000000044       0.26652642304856505     
  0.75000000000000044       0.26858239986123189     
  0.76000000000000045       0.27059330211110055     
  0.77000000000000046       0.27255961913997495     
  0.78000000000000047       0.27448186980907813     
  0.79000000000000048       0.27636060135342072     
  0.80000000000000049       0.27819638819670034     
  0.81000000000000050       0.27998983073323147     
  0.82000000000000051       0.28174155408341889     
  0.83000000000000052       0.28345220682925781     
  0.84000000000000052       0.28512245973620576     
  0.85000000000000053       0.28675300446765517     
  0.86000000000000054       0.28834455229801853     
  0.87000000000000055       0.28989783283019743     
  0.88000000000000056       0.29141359272295020     
  0.89000000000000057       0.29289259443334159     
  0.90000000000000058       0.29433561497916982     
  0.91000000000000059       0.29574344472585889     
  0.92000000000000060       0.29711688620199589     
  0.93000000000000060       0.29845675294727525     
  0.94000000000000061       0.29976386839625180     
  0.95000000000000062       0.30103906480090348     
  0.96000000000000063       0.30228318219463052     
  0.97000000000000064       0.30349706739993948     
  0.98000000000000065       0.30468157308168459     
  0.99000000000000066       0.30583755684737057     
   1.0000000000000007       0.30696588039569944     
   1.0100000000000007       0.30806740871417870     
   1.0200000000000007       0.30914300932632116     
   1.0300000000000007       0.31019355158864492     
   1.0400000000000007       0.31121990603741506     
   1.0500000000000007       0.31222294378481152     
   1.0600000000000007       0.31320353596393768     
   1.0700000000000007       0.31416255322189879     
   1.0800000000000007       0.31510086525995173     
   1.0900000000000007       0.31601934041953489     
   1.1000000000000008       0.31691884531283687     
   1.1100000000000008       0.31780024449640421     
   1.1200000000000008       0.31866440018614117     
   1.1300000000000008       0.31951217201194804     
   1.1400000000000008       0.32034441681013853     
   1.1500000000000008       0.32116198845166022     
   1.1600000000000008       0.32196573770410442     
   1.1700000000000008       0.32275651212537942     
   1.1800000000000008       0.32353515598688232     
   1.1900000000000008       0.32430251022396223     
   1.2000000000000008       0.32505941241141317     
   1.2100000000000009       0.32580669676171536     
   1.2200000000000009       0.32654519414371058     
   1.2300000000000009       0.32727573211938493     
   1.2400000000000009       0.32799913499642430     
   1.2500000000000009       0.32871622389419602     
   1.2600000000000009       0.32942781682083394     
   1.2700000000000009       0.33013472875907018     
   1.2800000000000009       0.33083777175852119     
   1.2900000000000009       0.33153775503209937     
   1.3000000000000009       0.33223548505431222     
   1.3100000000000009       0.33293176565916122     
   1.3200000000000010       0.33362739813544207     
   1.3300000000000010       0.33432318131728700     
   1.3400000000000010       0.33501991166777090     
   1.3500000000000010       0.33571838335354837     
   1.3600000000000010       0.33641938830844748     
   1.3700000000000010       0.33712371628406007     
   1.3800000000000010       0.33783215488543106     
   1.3900000000000010       0.33854548958997865     
   1.4000000000000010       0.33926450374788891     
   1.4100000000000010       0.33998997856228735     
   1.4200000000000010       0.34072269304757880     
   1.4300000000000010       0.34146342396442786     
   1.4400000000000011       0.34221294572994237     
   1.4500000000000011       0.34297203030173190     
   1.4600000000000011       0.34374144703458398     
   1.4700000000000011       0.34452196250864769     
   1.4800000000000011       0.34531434032804731     
   1.4900000000000011       0.34611934088905921     
   1.5000000000000011       0.34693772111698146     
   1.5100000000000011       0.34777023417104275     
   1.5200000000000011       0.34861762911673233     
   1.5300000000000011       0.34948065056508548     
   1.5400000000000011       0.35036003827859041     
   1.5500000000000012       0.35125652674345453     
   1.5600000000000012       0.35217084470812043     
   1.5700000000000012       0.35310371468802837     
   1.5800000000000012       0.35405585243673843     
   1.5900000000000012       0.35502796638364320     
   1.6000000000000012       0.35602075703861502     
   1.6100000000000012       0.35703491636405099     
   1.6200000000000012       0.35807112711490180     
   1.6300000000000012       0.35913006214735632     
   1.6400000000000012       0.36021238369702513     
   1.6500000000000012       0.36131874262751235     
   1.6600000000000013       0.36244977765044140     
   1.6700000000000013       0.36360611451810271     
   1.6800000000000013       0.36478836518998864     
   1.6900000000000013       0.36599712697463505     
   1.7000000000000013       0.36723298164830026     
   1.7100000000000013       0.36849649455215538     
   1.7200000000000013       0.36978821366976750     
   1.7300000000000013       0.37110866868681364     
   1.7400000000000013       0.37245837003511789     
   1.7500000000000013       0.37383780792318788     
   1.7600000000000013       0.37524745135564352     
   1.7700000000000014       0.37668774714402048     
   1.7800000000000014       0.37815911891160159     
   1.7900000000000014       0.37966196609506403     
   1.8000000000000014       0.38119666294587062     
   1.8100000000000014       0.38276355753444224     
   1.8200000000000014       0.38436297076033094     
   1.8300000000000014       0.38599519537163662     
   1.8400000000000014       0.38766049499709754     
   1.8500000000000014       0.38935910319428740     
   1.8600000000000014       0.39109122251747247     
   1.8700000000000014       0.39285702360867025     
   1.8800000000000014       0.39465664431550873     
   1.8900000000000015       0.39649018883942105     
   1.9000000000000015       0.39835772691771926     
   1.9100000000000015       0.40025929304296032     
   1.9200000000000015       0.40219488572296086     
   1.9300000000000015       0.40416446678465012     
   1.9400000000000015       0.40616796072478406     
   1.9500000000000015       0.40820525411038039     
   1.9600000000000015       0.41027619503145918     
   1.9700000000000015       0.41238059260847426     
   1.9800000000000015       0.41451821655654059     
   1.9900000000000015       0.41668879680828341     
   2.0000000000000013       0.41889202319684427     
   2.0100000000000011       0.42112754520030898     
   2.0200000000000009       0.42339497174850099     
   2.0300000000000007       0.42569387109285189     
   2.0400000000000005       0.42802377073975806     
   2.0500000000000003       0.43038415744761399     
   2.0600000000000001       0.43277447728750801     
   2.0699999999999998       0.43519413576738580     
   2.0799999999999996       0.43764249801932747     
   2.0899999999999994       0.44011888904953472     
   2.0999999999999992       0.44262259405054633     
   2.1099999999999990       0.44515285877520361     
   2.1199999999999988       0.44770888997194846     
   2.1299999999999986       0.45028985588111942     
   2.1399999999999983       0.45289488679206535     
   2.1499999999999981       0.45552307566108247     
   2.1599999999999979       0.45817347879036985     
   2.1699999999999977       0.46084511656849320     
   2.1799999999999975       0.46353697427310420     
   2.1899999999999973       0.46624800293691115     
   2.1999999999999971       0.46897712027825644     
   2.2099999999999969       0.47172321169787756     
   2.2199999999999966       0.47448513134373754     
   2.2299999999999964       0.47726170324600120     
   2.2399999999999962       0.48005172252449735     
   2.2499999999999960       0.48285395667106068     
   2.2599999999999958       0.48566714690932050     
   2.2699999999999956       0.48849000963444900     
   2.2799999999999954       0.49132123793532878     
   2.2899999999999952       0.49415950320144736     
   2.2999999999999949       0.49700345681657360     
   2.3099999999999947       0.49985173194088989     
   2.3199999999999945       0.50270294538285487     
   2.3299999999999943       0.50555569956145596     
   2.3399999999999941       0.50840858455891713     
   2.3499999999999939       0.51126018026316244     
   2.3599999999999937       0.51410905859848632     
   2.3699999999999934       0.51695378584202967     
   2.3799999999999932       0.51979292502263763     
   2.3899999999999930       0.52262503839767516     
   2.3999999999999928       0.52544869000232197     
   2.4099999999999926       0.52826244826478230     
   2.4199999999999924       0.53106488867975021     
   2.4299999999999922       0.53385459653140532     
   2.4399999999999920       0.53663016965619992     
   2.4499999999999917       0.53939022123467883     
   2.4599999999999915       0.54213338260070731     
   2.4699999999999913       0.54485830605561902     
   2.4799999999999911       0.54756366767412123     
   2.4899999999999909       0.55024817008819116     
   2.4999999999999907       0.55291054523473926     
   2.5099999999999905       0.55554955705253772     
   2.5199999999999902       0.55816400411372913     
   2.5299999999999900       0.56075272217530980     
   2.5399999999999898       0.56331458663609379     
   2.5499999999999896       0.56584851488510424     
   2.5599999999999894       0.56835346852778335     
   2.5699999999999892       0.57082845547718042     
   2.5799999999999890       0.57327253189803351     
   2.5899999999999888       0.57568480399269983     
   2.5999999999999885       0.57806442961900217     
   2.6099999999999883       0.58041061973122543     
   2.6199999999999881       0.58272263963691995     
   2.6299999999999879       0.58499981006345569     
   2.6399999999999877       0.58724150802983610     
   2.6499999999999875       0.58944716752071746     
   2.6599999999999873       0.59161627996110799     
   2.6699999999999871       0.59374839449176153     
   2.6799999999999868       0.59584311804675671     
   2.6899999999999866       0.59790011523616216     
   2.6999999999999864       0.59991910803819548     
   2.7099999999999862       0.60189987530645650     
   2.7199999999999860       0.60384225209916020     
   2.7299999999999858       0.60574612883834189     
   2.7399999999999856       0.60761145030808728     
   2.7499999999999853       0.60943821450165780     
   2.7599999999999851       0.61122647132820129     
   2.7699999999999849       0.61297632119036494     
   2.7799999999999847       0.61468791344459994     
   2.7899999999999845       0.61636144475634247     
   2.7999999999999843       0.61799715736249694     
   2.8099999999999841       0.61959533725375660     
   2.8199999999999839       0.62115631228927182     
   2.8299999999999836       0.62268045025611440     
   2.8399999999999834       0.62416815688569671     
   2.8499999999999832       0.62561987383903095     
   2.8599999999999830       0.62703607667232542     
   2.8699999999999828       0.62841727279385295     
   2.8799999999999826       0.62976399942260264     
   2.8899999999999824       0.63107682155851530     
   2.8999999999999821       0.63235632997354463     
   2.9099999999999819       0.63360313923201994     
   2.9199999999999817       0.63481788574819908     
   2.9299999999999815       0.63600122588805452     
   2.9399999999999813       0.63715383412171056     
   2.9499999999999811       0.63827640123215956     
   2.9599999999999809       0.63936963258520463     
   2.9699999999999807       0.64043424646484959     
   2.9799999999999804       0.64147097247770868     
   2.9899999999999802       0.64248055002929561     
   2.9999999999999800       0.64346372687447118     
   3.0099999999999798       0.64442125774371062     
   3.0199999999999796       0.64535390304627915     
   3.0299999999999794       0.64626242765092157     
   3.0399999999999792       0.64714759974410951     
   3.0499999999999790       0.64801018976551927     
   3.0599999999999787       0.64885096941994647     
   3.0699999999999785       0.64967071076451433     
   3.0799999999999783       0.65047018536971180     
   3.0899999999999781       0.65125016355246046     
   3.0999999999999779       0.65201141367919890     
   3.1099999999999777       0.65275470153668258     
   3.1199999999999775       0.65348078976810886     
   3.1299999999999772       0.65419043737186033     
   3.1399999999999770       0.65488439926019060     
   3.1499999999999768       0.65556342587492977     
   3.1599999999999766       0.65622826285732383     
   3.1699999999999764       0.65687965076893651     
   3.1799999999999762       0.65751832486065753     
   3.1899999999999760       0.65814501488667598     
   3.1999999999999758       0.65876044496042452     
   3.2099999999999755       0.65936533344940684     
   3.2199999999999753       0.65996039290591890     
   3.2299999999999751       0.66054633003067498     
   3.2399999999999749       0.66112384566643134     
   3.2499999999999747       0.66169363481870180     
   3.2599999999999745       0.66225638670086284     
   3.2699999999999743       0.66281278480081418     
   3.2799999999999740       0.66336350696668023     
   3.2899999999999738       0.66390922550894438     
   3.2999999999999736       0.66445060731656147     
   3.3099999999999734       0.66498831398475111     
   3.3199999999999732       0.66552300195216996     
   3.3299999999999730       0.66605532264534206     
   3.3399999999999728       0.66658592262828686     
   3.3499999999999726       0.66711544375541110     
   3.3599999999999723       0.66764452332585000     
   3.3699999999999721       0.66817379423749113     
   3.3799999999999719       0.66870388513911005     
   3.3899999999999717       0.66923542057905516     
   3.3999999999999715       0.66976902114911241     
   3.4099999999999713       0.67030530362222984     
   3.4199999999999711       0.67084488108287954     
   3.4299999999999708       0.67138836304898120     
   3.4399999999999706       0.67193635558437104     
   3.4499999999999704       0.67248946140087751     
   3.4599999999999702       0.67304827994921057     
   3.4699999999999700       0.67361340749789234     
   3.4799999999999698       0.67418543719958790     
   3.4899999999999696       0.67476495914425660     
   3.4999999999999694       0.67535256039856839     
   3.5099999999999691       0.67594882503117282     
   3.5199999999999689       0.67655433412342014     
   3.5299999999999687       0.67716966576516391     
   3.5399999999999685       0.67779539503537767     
   3.5499999999999683       0.67843209396731741     
   3.5599999999999681       0.67908033149799274     
   3.5699999999999679       0.67974067340175393     
   3.5799999999999677       0.68041368220784448     
   3.5899999999999674       0.68109991710170115     
   3.5999999999999672       0.68179993380992765     
   3.6099999999999670       0.68251428446873108     
   3.6199999999999668       0.68324351747576140     
   3.6299999999999666       0.68398817732520711     
   3.6399999999999664       0.68474880442604646     
   3.6499999999999662       0.68552593490332314     
   3.6599999999999659       0.68632010038246272     
   3.6699999999999657       0.68713182775647363     
   3.6799999999999655       0.68796163893607232     
   3.6899999999999653       0.68881005058272005     
   3.6999999999999651       0.68967757382465844     
   3.7099999999999649       0.69056471395604568     
   3.7199999999999647       0.69147197011939077     
   3.7299999999999645       0.69239983497158242     
   3.7399999999999642       0.69334879433388619     
   3.7499999999999640       0.69431932682634334     
   3.7599999999999638       0.69531190348724725     
   3.7699999999999636       0.69632698737837495     
   3.7799999999999634       0.69736503317682552     
   3.7899999999999632       0.69842648675450791     
   3.7999999999999630       0.69951178474635811     
   3.8099999999999627       0.70062135410862081     
   3.8199999999999625       0.70175561166854128     
   3.8299999999999623       0.70291496366703543     
   3.8399999999999621       0.70409980529593286     
   3.8499999999999619       0.70531052023155882     
   3.8599999999999617       0.70654748016635505     
   3.8699999999999615       0.70781104434042197     
   3.8799999999999613       0.70910155907474204     
   3.8899999999999610       0.71041935730784900     
   3.8999999999999608       0.71176475813766749     
   3.9099999999999606       0.71313806637003296     
   3.9199999999999604       0.71453957207535335     
   3.9299999999999602       0.71596955015454167     
   3.9399999999999600       0.71742825991517933     
   3.9499999999999598       0.71891594465855380     
   3.9599999999999596       0.72043283127785263     
   3.9699999999999593       0.72197912986741952     
   3.9799999999999591       0.72355503334262694     
   3.9899999999999589       0.72516071706943197     
   3.9999999999999587       0.72679633850226244     
   4.0099999999999589       0.72846203682845434     
   4.0199999999999587       0.73015793261696871     
   4.0299999999999585       0.73188412746871023     
   4.0399999999999583       0.73364070366538636     
   4.0499999999999581       0.73542772381341237     
   4.0599999999999579       0.73724523047909685     
   4.0699999999999577       0.73909324581106906     
   4.0799999999999574       0.74097177114567259     
   4.0899999999999572       0.74288078659102563     
   4.0999999999999570       0.74482025058531276     
   4.1099999999999568       0.74679009942506436     
   4.1199999999999566       0.74879024675928463     
   4.1299999999999564       0.75082058304559163     
   4.1399999999999562       0.75288097496503337     
   4.1499999999999559       0.75497126479263055     
   4.1599999999999557       0.75709126972147989     
   4.1699999999999555       0.75924078113891635     
   4.1799999999999553       0.76141956385417786     
   4.1899999999999551       0.76362735527790793     
   4.1999999999999549       0.76586386455501321     
   4.2099999999999547       0.76812877165339999     
   4.2199999999999545       0.77042172641244544     
   4.2299999999999542       0.77274234755624416     
   4.2399999999999540       0.77509022167797803     
   4.2499999999999538       0.77746490220309816     
   4.2599999999999536       0.77986590834020586     
   4.2699999999999534       0.78229272402984329     
   4.2799999999999532       0.78474479690259313     
   4.2899999999999530       0.78722153725894506     
   4.2999999999999527       0.78972231708442053     
   4.3099999999999525       0.79224646911432817     
   4.3199999999999523       0.79479328596323418     
   4.3299999999999521       0.79736201933475337     
   4.3399999999999519       0.79995187932766421     
   4.3499999999999517       0.80256203385449798     
   4.3599999999999515       0.80519160818862823     
   4.3699999999999513       0.80783968465567935     
   4.3799999999999510       0.81050530248447838     
   4.3899999999999508       0.81318745783203306     
   4.3999999999999506       0.81588510399598757     
   4.4099999999999504       0.81859715182686232     
   4.4199999999999502       0.82132247035082084     
   4.4299999999999500       0.82405988761215765     
   4.4399999999999498       0.82680819174284825     
   4.4499999999999496       0.82956613226444420     
   4.4599999999999493       0.83233242162559473     
   4.4699999999999491       0.83510573697608947     
   4.4799999999999489       0.83788472217615773     
   4.4899999999999487       0.84066799003724746     
   4.4999999999999485       0.84345412478828574     
   4.5099999999999483       0.84624168475892014     
   4.5199999999999481       0.84902920526910275     
   4.5299999999999478       0.85181520171201586     
   4.5399999999999476       0.85459817281537687     
   4.5499999999999474       0.85737660406415084     
   4.5599999999999472       0.86014897126592971     
   4.5699999999999470       0.86291374423873679     
   4.5799999999999468       0.86566939059954229     
   4.5899999999999466       0.86841437963083901     
   4.5999999999999464       0.87114718620155751     
   4.6099999999999461       0.87386629471817212     
   4.6199999999999459       0.87657020308138178     
   4.6299999999999457       0.87925742662373252     
   4.6399999999999455       0.88192650200367384     
   4.6499999999999453       0.88457599103198858     
   4.6599999999999451       0.88720448440724720     
   4.6699999999999449       0.88981060533771739     
   4.6799999999999446       0.89239301302841134     
   4.6899999999999444       0.89495040601312204     
   4.6999999999999442       0.89748152531287828     
   4.7099999999999440       0.89998515740381513     
   4.7199999999999438       0.90246013697921701     
   4.7299999999999436       0.90490534949235757     
   4.7399999999999434       0.90731973346870531     
   4.7499999999999432       0.90970228257803853     
   4.7599999999999429       0.91205204745902047     
   4.7699999999999427       0.91436813729084832     
   4.7799999999999425       0.91664972110859755     
   4.7899999999999423       0.91889602886081745     
   4.7999999999999421       0.92110635220990866     
   4.8099999999999419       0.92328004507762140     
   4.8199999999999417       0.92541652393977514     
   4.8299999999999415       0.92751526787597816     
   4.8399999999999412       0.92957581838158831     
   4.8499999999999410       0.93159777895064455     
   4.8599999999999408       0.93358081443965812     
   4.8699999999999406       0.93552465022339726     
   4.8799999999999404       0.93742907115464180     
   4.8899999999999402       0.93929392034081849     
   4.8999999999999400       0.94111909775098890     
   4.9099999999999397       0.94290455866732970     
   4.9199999999999395       0.94465031199544847     
   4.9299999999999393       0.94635641844823348     
   4.9399999999999391       0.94802298861804435     
   4.9499999999999389       0.94965018095189868     
   4.9599999999999387       0.95123819964429335     
   4.9699999999999385       0.95278729246200655     
   4.9799999999999383       0.95429774851475846     
   4.9899999999999380       0.95576989598538253     
   4.9999999999999378       0.95720409983234767     
   5.0099999999999376       0.95860075947713719     
   5.0199999999999374       0.95996030648811392     
   5.0299999999999372       0.96128320227198494     
   5.0399999999999370       0.96256993578303873     
   5.0499999999999368       0.96382102125973557     
   5.0599999999999365       0.96503699599734416     
   5.0699999999999363       0.96621841816451570     
   5.0799999999999361       0.96736586467090180     
   5.0899999999999359       0.96847992909220604     
   5.0999999999999357       0.96956121965810693     
   5.1099999999999355       0.97061035730792022     
   5.1199999999999353       0.97162797381796284     
   5.1299999999999351       0.97261471000403488     
   5.1399999999999348       0.97357121400161517     
   5.1499999999999346       0.97449813962581988     
   5.1599999999999344       0.97539614481257730     
   5.1699999999999342       0.97626589014182474     
   5.1799999999999340       0.97710803744316221     
   5.1899999999999338       0.97792324848373502     
   5.1999999999999336       0.97871218373791447     
   5.2099999999999334       0.97947550123770732     
   5.2199999999999331       0.98021385550269213     
   5.2299999999999329       0.98092789654784851     
   5.2399999999999327       0.98161826896735649     
   5.2499999999999325       0.98228561109236223     
   5.2599999999999323       0.98293055422028630     
   5.2699999999999321       0.98355372191330037     
   5.2799999999999319       0.98415572936329976     
   5.2899999999999316       0.98473718282070266     
   5.2999999999999314       0.98529867908426771     
   5.3099999999999312       0.98584080504909744     
   5.3199999999999310       0.98636413730993699     
   5.3299999999999308       0.98686924181692415     
   5.3399999999999306       0.98735667358089296     
   5.3499999999999304       0.98782697642534012     
   5.3599999999999302       0.98828068278234271     
   5.3699999999999299       0.98871831352957151     
   5.3799999999999297       0.98914037786573117     
   5.3899999999999295       0.98954737322185216     
   5.3999999999999293       0.98993978520575820     
   5.4099999999999291       0.99031808757742801     
   5.4199999999999289       0.99068274225270303     
   5.4299999999999287       0.99103419933315717     
   5.4399999999999284       0.99137289715995003     
   5.4499999999999282       0.99169926238951289     
   5.4599999999999280       0.99201371008916783     
   5.4699999999999278       0.99231664385072649     
   5.4799999999999276       0.99260845592033131     
   5.4899999999999274       0.99288952734282343     
   5.4999999999999272       0.99316022811906102     
   5.5099999999999270       0.99342091737468674     
   5.5199999999999267       0.99367194353897270     
   5.5299999999999265       0.99391364453236819     
   5.5399999999999263       0.99414634796160162     
   5.5499999999999261       0.99437037132113504     
   5.5599999999999259       0.99458602219994585     
   5.5699999999999257       0.99479359849265281     
   5.5799999999999255       0.99499338861405062     
   5.5899999999999253       0.99518567171625105     
   5.5999999999999250       0.99537071790765042     
   5.6099999999999248       0.99554878847298911     
   5.6199999999999246       0.99572013609391075     
   5.6299999999999244       0.99588500506938493     
   5.6399999999999242       0.99604363153547970     
   5.6499999999999240       0.99619624368399995     
   5.6599999999999238       0.99634306197955702     
   5.6699999999999235       0.99648429937465399     
   5.6799999999999233       0.99662016152248356     
   5.6899999999999231       0.99675084698708061     
   5.6999999999999229       0.99687654745055110     
   5.7099999999999227       0.99699744791720524     
   5.7199999999999225       0.99711372691429556     
   5.7299999999999223       0.99722555668922108     
   5.7399999999999221       0.99733310340305503     
   5.7499999999999218       0.99743652732021770     
   5.7599999999999216       0.99753598299426294     
   5.7699999999999214       0.99763161944959733     
   5.7799999999999212       0.99772358035913211     
   5.7899999999999210       0.99781200421780880     
   5.7999999999999208       0.99789702451191364     
   5.8099999999999206       0.99797876988424816     
   5.8199999999999203       0.99805736429503489     
   5.8299999999999201       0.99813292717868984     
   5.8399999999999199       0.99820557359635942     
   5.8499999999999197       0.99827541438432621     
   5.8599999999999195       0.99834255629828039     
   5.8699999999999193       0.99840710215350637     
   5.8799999999999191       0.99846915096102695     
   5.8899999999999189       0.99852879805977779     
   5.8999999999999186       0.99858613524483153     
   5.9099999999999184       0.99864125089177802     
   5.9199999999999182       0.99869423007730485     
   5.9299999999999180       0.99874515469604586     
   5.9399999999999178       0.99879410357377985     
   5.9499999999999176       0.99884115257704931     
   5.9599999999999174       0.99888637471928754     
   5.9699999999999172       0.99892984026351861     
   5.9799999999999169       0.99897161682170510     
   5.9899999999999167       0.99901176945084746     
   5.9999999999999165       0.99905036074591436     
   6.0099999999999163       0.99908745092963636     
   6.0199999999999161       0.99912309793932985     
   6.0299999999999159       0.99915735751073687     
   6.0399999999999157       0.99919028325905324     
   6.0499999999999154       0.99922192675714205     
   6.0599999999999152       0.99925233761107490     
   6.0699999999999150       0.99928156353305342     
   6.0799999999999148       0.99930965041175979     
   6.0899999999999146       0.99933664238028963     
   6.0999999999999144       0.99936258188164817     
   6.1099999999999142       0.99938750973195511     
   6.1199999999999140       0.99941146518139090     
   6.1299999999999137       0.99943448597298967     
   6.1399999999999135       0.99945660839928241     
   6.1499999999999133       0.99947786735696587     
   6.1599999999999131       0.99949829639951504     
   6.1699999999999129       0.99951792778798731     
   6.1799999999999127       0.99953679253988970     
   6.1899999999999125       0.99955492047633732     
   6.1999999999999122       0.99957234026741604     
   6.2099999999999120       0.99958907947594644     
   6.2199999999999118       0.99960516459961657     
   6.2299999999999116       0.99962062111152228     
   6.2399999999999114       0.99963547349926807     
   6.2499999999999112       0.99964974530258366     
   6.2599999999999110       0.99966345914955135     
   6.2699999999999108       0.99967663679148144     
   6.2799999999999105       0.99968929913649351     
   6.2899999999999103       0.99970146628183088     
   6.2999999999999101       0.99971315754497780     
   6.3099999999999099       0.99972439149360193     
   6.3199999999999097       0.99973518597436750     
   6.3299999999999095       0.99974555814066512     
   6.3399999999999093       0.99975552447930771     
   6.3499999999999091       0.99976510083619319     
   6.3599999999999088       0.99977430244102006     
   6.3699999999999086       0.99978314393105283     
   6.3799999999999084       0.99979163937399385     
   6.3899999999999082       0.99979980228997223     
   6.3999999999999080       0.99980764567272307     
   6.4099999999999078       0.99981518200991060     
   6.4199999999999076       0.99982242330273574     
   6.4299999999999073       0.99982938108476926     
   6.4399999999999071       0.99983606644003631     
   6.4499999999999069       0.99984249002046732     
   6.4599999999999067       0.99984866206261491     
   6.4699999999999065       0.99985459240379515     
   6.4799999999999063       0.99986029049756819     
   6.4899999999999061       0.99986576542862482     
   6.4999999999999059       0.99987102592712018     
   6.5099999999999056       0.99987608038244191     
   6.5199999999999054       0.99988093685645940     
   6.5299999999999052       0.99988560309625529     
   6.5399999999999050       0.99989008654635514     
   6.5499999999999048       0.99989439436050997     
   6.5599999999999046       0.99989853341300883     
   6.5699999999999044       0.99990251030956123     
   6.5799999999999041       0.99990633139773599     
   6.5899999999999039       0.99991000277703523     
   6.5999999999999037       0.99991353030855901     
   6.6099999999999035       0.99991691962426787     
   6.6199999999999033       0.99992017613595496     
   6.6299999999999031       0.99992330504378990     
   6.6399999999999029       0.99992631134461007     
   6.6499999999999027       0.99992919983981032     
   6.6599999999999024       0.99993197514299714     
   6.6699999999999022       0.99993464168730739     
   6.6799999999999020       0.99993720373244732     
   6.6899999999999018       0.99993966537146783     
   6.6999999999999016       0.99994203053726660     
   6.7099999999999014       0.99994430300884596     
   6.7199999999999012       0.99994648641732198     
   6.7299999999999010       0.99994858425169408     
   6.7399999999999007       0.99995059986441082     
   6.7499999999999005       0.99995253647669169     
   6.7599999999999003       0.99995439718365775     
   6.7699999999999001       0.99995618495927219     
   6.7799999999998999       0.99995790266105911     
   6.7899999999998997       0.99995955303466599     
   6.7999999999998995       0.99996113871823578     
   6.8099999999998992       0.99996266224660169     
   6.8199999999998990       0.99996412605534546     
   6.8299999999998988       0.99996553248466291     
   6.8399999999998986       0.99996688378309861     
   6.8499999999998984       0.99996818211114014     
   6.8599999999998982       0.99996942954464585     
   6.8699999999998980       0.99997062807817549     
   6.8799999999998978       0.99997177962814954     
   6.8899999999998975       0.99997288603593404     
   6.8999999999998973       0.99997394907075032     
   6.9099999999998971       0.99997497043251904     
   6.9199999999998969       0.99997595175456055     
   6.9299999999998967       0.99997689460619998     
   6.9399999999998965       0.99997780049529239     
   6.9499999999998963       0.99997867087060366     
   6.9599999999998960       0.99997950712413952     
   6.9699999999998958       0.99998031059336234     
   6.9799999999998956       0.99998108256332807     
   6.9899999999998954       0.99998182426874227     
   6.9999999999998952       0.99998253689592054     
   7.0099999999998950       0.99998322158469433     
   7.0199999999998948       0.99998387943022771     
   7.0299999999998946       0.99998451148477252     
   7.0399999999998943       0.99998511875933616     
   7.0499999999998941       0.99998570222530558     
   7.0599999999998939       0.99998626281600123     
   7.0699999999998937       0.99998680142816232     
   7.0799999999998935       0.99998731892338977     
   7.0899999999998933       0.99998781612950238     
   7.0999999999998931       0.99998829384188348     
   7.1099999999998929       0.99998875282474187     
   7.1199999999998926       0.99998919381233076     
   7.1299999999998924       0.99998961751012139     
   7.1399999999998922       0.99999002459593467     
   7.1499999999998920       0.99999041572102410     
   7.1599999999998918       0.99999079151111792     
   7.1699999999998916       0.99999115256741578     
   7.1799999999998914       0.99999149946754573     
   7.1899999999998911       0.99999183276650416     
   7.1999999999998909       0.99999215299751765     
   7.2099999999998907       0.99999246067292491     
   7.2199999999998905       0.99999275628497164     
   7.2299999999998903       0.99999304030661507     
   7.2399999999998901       0.99999331319225959     
   7.2499999999998899       0.99999357537851008     
   7.2599999999998897       0.99999382728484465     
   7.2699999999998894       0.99999406931430301     
   7.2799999999998892       0.99999430185412874     
   7.2899999999998890       0.99999452527637056     
   7.2999999999998888       0.99999473993850452     
   7.3099999999998886       0.99999494618399010     
   7.3199999999998884       0.99999514434281811     
   7.3299999999998882       0.99999533473204638     
   7.3399999999998879       0.99999551765629835     
   7.3499999999998877       0.99999569340826178     
   7.3599999999998875       0.99999586226913817     
   7.3699999999998873       0.99999602450911218     
   7.3799999999998871       0.99999618038778360     
   7.3899999999998869       0.99999633015456146     
   7.3999999999998867       0.99999647404908298     
   7.4099999999998865       0.99999661230158443     
   7.4199999999998862       0.99999674513328318     
   7.4299999999998860       0.99999687275671933     
   7.4399999999998858       0.99999699537609765     
   7.4499999999998856       0.99999711318762774     
   7.4599999999998854       0.99999722637981203     
   7.4699999999998852       0.99999733513376798     
   7.4799999999998850       0.99999743962351828     
   7.4899999999998847       0.99999754001625518     
   7.4999999999998845       0.99999763647262074     
   7.5099999999998843       0.99999772914695240     
   7.5199999999998841       0.99999781818753775     
   7.5299999999998839       0.99999790373685860     
   7.5399999999998837       0.99999798593180200     
   7.5499999999998835       0.99999806490388798     
   7.5599999999998833       0.99999814077948712     
   7.5699999999998830       0.99999821368000508     
   7.5799999999998828       0.99999828372209953     
   7.5899999999998826       0.99999835101784185     
   7.5999999999998824       0.99999841567492054     
   7.6099999999998822       0.99999847779679085     
   7.6199999999998820       0.99999853748285294     
   7.6299999999998818       0.99999859482862408     
   7.6399999999998816       0.99999864992586307     
   7.6499999999998813       0.99999870286273118     
   7.6599999999998811       0.99999875372394043     
   7.6699999999998809       0.99999880259087137     
   7.6799999999998807       0.99999884954172336     
   7.6899999999998805       0.99999889465162173     
   7.6999999999998803       0.99999893799275719     
   7.7099999999998801       0.99999897963447260     
   7.7199999999998798       0.99999901964340665     
   7.7299999999998796       0.99999905808358613     
   7.7399999999998794       0.99999909501651363     
   7.7499999999998792       0.99999913050129174     
   7.7599999999998790       0.99999916459469973     
   7.7699999999998788       0.99999919735129728     
   7.7799999999998786       0.99999922882349812     
   7.7899999999998784       0.99999925906166620     
   7.7999999999998781       0.99999928811418470     
   7.8099999999998779       0.99999931602754422     
   7.8199999999998777       0.99999934284641390     
   7.8299999999998775       0.99999936861370420     
   7.8399999999998773       0.99999939337064969     
   7.8499999999998771       0.99999941715686769     
   7.8599999999998769       0.99999944001041918     
   7.8699999999998766       0.99999946196787604     
   7.8799999999998764       0.99999948306436759     
   7.8899999999998762       0.99999950333365961     
   7.8999999999998760       0.99999952280818727     
   7.9099999999998758       0.99999954151911041     
   7.9199999999998756       0.99999955949636643     
   7.9299999999998754       0.99999957676873152     
   7.9399999999998752       0.99999959336383448     
   7.9499999999998749       0.99999960930824139     
   7.9599999999998747       0.99999962462745995     
   7.9699999999998745       0.99999963934600444     
   7.9799999999998743       0.99999965348743081     
   7.9899999999998741       0.99999966707436339     
   7.9999999999998739       0.99999968012854679     
   8.0099999999998737       0.99999969267086775     
   8.0199999999998735       0.99999970472139954     
   8.0299999999998732       0.99999971629942652     
   8.0399999999998730       0.99999972742347076     
   8.0499999999998728       0.99999973811133747     
   8.0599999999998726       0.99999974838012939     
   8.0699999999998724       0.99999975824627518     
   8.0799999999998722       0.99999976772556454     
   8.0899999999998720       0.99999977683316799     
   8.0999999999998717       0.99999978558365399     
   8.1099999999998715       0.99999979399103234     
   8.1199999999998713       0.99999980206875216     
   8.1299999999998711       0.99999980982973913     
   8.1399999999998709       0.99999981728641874     
   8.1499999999998707       0.99999982445071545     
   8.1599999999998705       0.99999983133409631     
   8.1699999999998703       0.99999983794757519     
   8.1799999999998700       0.99999984430173683     
   8.1899999999998698       0.99999985040675066     
   8.1999999999998696       0.99999985627238286     
   8.2099999999998694       0.99999986190801970     
   8.2199999999998692       0.99999986732268087     
   8.2299999999998690       0.99999987252502842     
   8.2399999999998688       0.99999987752338693     
   8.2499999999998685       0.99999988232576387     
   8.2599999999998683       0.99999988693983299     
   8.2699999999998681       0.99999989137298673     
   8.2799999999998679       0.99999989563231184     
   8.2899999999998677       0.99999989972462588     
   8.2999999999998675       0.99999990365647828     
   8.3099999999998673       0.99999990743415790     
   8.3199999999998671       0.99999991106371278     
   8.3299999999998668       0.99999991455095605     
   8.3399999999998666       0.99999991790145992     
   8.3499999999998664       0.99999992112058911     
   8.3599999999998662       0.99999992421349160     
   8.3699999999998660       0.99999992718512221     
   8.3799999999998658       0.99999993004023402     
   8.3899999999998656       0.99999993278339938     
   8.3999999999998654       0.99999993541899590     
   8.4099999999998651       0.99999993795125475     
   8.4199999999998649       0.99999994038421736     
   8.4299999999998647       0.99999994272178405     
   8.4399999999998645       0.99999994496769806     
   8.4499999999998643       0.99999994712554430     
   8.4599999999998641       0.99999994919878221     
   8.4699999999998639       0.99999995119072316     
   8.4799999999998636       0.99999995310456302     
   8.4899999999998634       0.99999995494335880     
   8.4999999999998632       0.99999995671005482     
   8.5099999999998630       0.99999995840747824     
   8.5199999999998628       0.99999996003834279     
   8.5299999999998626       0.99999996160526261     
   8.5399999999998624       0.99999996311074268     
   8.5499999999998622       0.99999996455719042     
   8.5599999999998619       0.99999996594692142     
   8.5699999999998617       0.99999996728216134     
   8.5799999999998615       0.99999996856504791     
   8.5899999999998613       0.99999996979762829     
   8.5999999999998611       0.99999997098188054     
   8.6099999999998609       0.99999997211969738     
   8.6199999999998607       0.99999997321289313     
   8.6299999999998604       0.99999997426323706     
   8.6399999999998602       0.99999997527238793     
   8.6499999999998600       0.99999997624197146     
   8.6599999999998598       0.99999997717353550     
   8.6699999999998596       0.99999997806857766     
   8.6799999999998594       0.99999997892851900     
   8.6899999999998592       0.99999997975473920     
   8.6999999999998590       0.99999998054857198     
   8.7099999999998587       0.99999998131127266     
   8.7199999999998585       0.99999998204406770     
   8.7299999999998583       0.99999998274812973     
   8.7399999999998581       0.99999998342458885     
   8.7499999999998579       0.99999998407451651     
   8.7599999999998577       0.99999998469896623     
   8.7699999999998575       0.99999998529892742     
   8.7799999999998573       0.99999998587536454     
   8.7899999999998570       0.99999998642919807     
   8.7999999999998568       0.99999998696131953     
   8.8099999999998566       0.99999998747257168     
   8.8199999999998564       0.99999998796377809     
   8.8299999999998562       0.99999998843572580     
   8.8399999999998560       0.99999998888916708     
   8.8499999999998558       0.99999998932482859     
   8.8599999999998555       0.99999998974340987     
   8.8699999999998553       0.99999999014557417     
   8.8799999999998551       0.99999999053197364     
   8.8899999999998549       0.99999999090321989     
   8.8999999999998547       0.99999999125991001     
   8.9099999999998545       0.99999999160261488     
   8.9199999999998543       0.99999999193187750     
   8.9299999999998541       0.99999999224823466     
   8.9399999999998538       0.99999999255218697     
   8.9499999999998536       0.99999999284422003     
   8.9599999999998534       0.99999999312480126     
   8.9699999999998532       0.99999999339438006     
   8.9799999999998530       0.99999999365339298     
   8.9899999999998528       0.99999999390224437     
   8.9999999999998526       0.99999999414134189     
   9.0099999999998523       0.99999999437106390     
   9.0199999999998521       0.99999999459177857     
   9.0299999999998519       0.99999999480383528     
   9.0399999999998517       0.99999999500758208     
   9.0499999999998515       0.99999999520333571     
   9.0599999999998513       0.99999999539141593     
   9.0699999999998511       0.99999999557212293     
   9.0799999999998509       0.99999999574573972     
   9.0899999999998506       0.99999999591255362     
   9.0999999999998504       0.99999999607282231     
   9.1099999999998502       0.99999999622681091     
   9.1199999999998500       0.99999999637476056     
   9.1299999999998498       0.99999999651690852     
   9.1399999999998496       0.99999999665348116     
   9.1499999999998494       0.99999999678469920     
   9.1599999999998492       0.99999999691077401     
   9.1699999999998489       0.99999999703190479     
   9.1799999999998487       0.99999999714828669     
   9.1899999999998485       0.99999999726010191     
   9.1999999999998483       0.99999999736753598     
   9.2099999999998481       0.99999999747075641     
   9.2199999999998479       0.99999999756992164     
   9.2299999999998477       0.99999999766521186     
   9.2399999999998474       0.99999999775676229     
   9.2499999999998472       0.99999999784472071     
   9.2599999999998470       0.99999999792922878     
   9.2699999999998468       0.99999999801042527     
   9.2799999999998466       0.99999999808843776     
   9.2899999999998464       0.99999999816339169     
   9.2999999999998462       0.99999999823540775     
   9.3099999999998460       0.99999999830459663     
   9.3199999999998457       0.99999999837107423     
   9.3299999999998455       0.99999999843494469     
   9.3399999999998453       0.99999999849631016     
   9.3499999999998451       0.99999999855527311     
   9.3599999999998449       0.99999999861192057     
   9.3699999999998447       0.99999999866634792     
   9.3799999999998445       0.99999999871864198     
   9.3899999999998442       0.99999999876888557     
   9.3999999999998440       0.99999999881715762     
   9.4099999999998438       0.99999999886353796     
   9.4199999999998436       0.99999999890809843     
   9.4299999999998434       0.99999999895091407     
   9.4399999999998432       0.99999999899204828     
   9.4499999999998430       0.99999999903156989     
   9.4599999999998428       0.99999999906954329     
   9.4699999999998425       0.99999999910602655     
   9.4799999999998423       0.99999999914107773     
   9.4899999999998421       0.99999999917475935     
   9.4999999999998419       0.99999999920711713     
   9.5099999999998417       0.99999999923820670     
   9.5199999999998415       0.99999999926807470     
   9.5299999999998413       0.99999999929677530     
   9.5399999999998411       0.99999999932435024     
   9.5499999999998408       0.99999999935084238     
   9.5599999999998406       0.99999999937629813     
   9.5699999999998404       0.99999999940075113     
   9.5799999999998402       0.99999999942424866     
   9.5899999999998400       0.99999999944682449     
   9.5999999999998398       0.99999999946851592     
   9.6099999999998396       0.99999999948935236     
   9.6199999999998393       0.99999999950937590     
   9.6299999999998391       0.99999999952861263     
   9.6399999999998389       0.99999999954709928     
   9.6499999999998387       0.99999999956485464     
   9.6599999999998385       0.99999999958191921     
   9.6699999999998383       0.99999999959831065     
   9.6799999999998381       0.99999999961406294     
   9.6899999999998379       0.99999999962919539     
   9.6999999999998376       0.99999999964373576     
   9.7099999999998374       0.99999999965770525     
   9.7199999999998372       0.99999999967113029     
   9.7299999999998370       0.99999999968402065     
   9.7399999999998368       0.99999999969641029     
   9.7499999999998366       0.99999999970831233     
   9.7599999999998364       0.99999999971975062     
   9.7699999999998361       0.99999999973073528     
   9.7799999999998359       0.99999999974130072     
   9.7899999999998357       0.99999999975144216     
   9.7999999999998355       0.99999999976118814     
   9.8099999999998353       0.99999999977055387     
   9.8199999999998351       0.99999999977954668     
   9.8299999999998349       0.99999999978819232     
   9.8399999999998347       0.99999999979649923     
   9.8499999999998344       0.99999999980447651     
   9.8599999999998342       0.99999999981214294     
   9.8699999999998340       0.99999999981951004     
   9.8799999999998338       0.99999999982658616     
   9.8899999999998336       0.99999999983338617     
   9.8999999999998334       0.99999999983991816     
   9.9099999999998332       0.99999999984619703     
   9.9199999999998330       0.99999999985222687     
   9.9299999999998327       0.99999999985801968     
   9.9399999999998325       0.99999999986358989     
   9.9499999999998323       0.99999999986893606     
   9.9599999999998321       0.99999999987407617     
   9.9699999999998319       0.99999999987901456     
   9.9799999999998317       0.99999999988375665     
   9.9899999999998315       0.99999999988831301     
   9.9999999999998312       0.99999999989269461     
