   0.0000000000000000       0.33333333333333331     
   1.0000000000000000E-002  0.33333333333333331     
   2.0000000000000000E-002  0.33333333333333331     
   2.9999999999999999E-002  0.33333333333333331     
   4.0000000000000001E-002  0.33333333333333331     
   5.0000000000000003E-002  0.33333333333333331     
   6.0000000000000005E-002  0.33333333333333331     
   7.0000000000000007E-002  0.33333333333333331     
   8.0000000000000002E-002  0.33333333333333331     
   8.9999999999999997E-002  0.33333333333333331     
   9.9999999999999992E-002  0.33333333333333331     
  0.10999999999999999       0.33333333333333331     
  0.11999999999999998       0.33333333333333331     
  0.12999999999999998       0.33333333333333331     
  0.13999999999999999       0.33333333333333331     
  0.14999999999999999       0.33333333333333331     
  0.16000000000000000       0.33333333333333331     
  0.17000000000000001       0.33333333333333331     
  0.18000000000000002       0.33333333333333331     
  0.19000000000000003       0.33333333333333331     
  0.20000000000000004       0.33333333333333331     
  0.21000000000000005       0.33333333333333331     
  0.22000000000000006       0.33333333333333331     
  0.23000000000000007       0.33333333333333331     
  0.24000000000000007       0.33333333333333331     
  0.25000000000000006       0.33333333333333331     
  0.26000000000000006       0.33333333333333331     
  0.27000000000000007       0.33333333333333331     
  0.28000000000000008       0.33333333333333331     
  0.29000000000000009       0.33333333333333331     
  0.30000000000000010       0.33333333333333331     
  0.31000000000000011       0.33333333333333331     
  0.32000000000000012       0.33333333333333331     
  0.33000000000000013       0.33333333333333331     
  0.34000000000000014       0.33333333333333331     
  0.35000000000000014       0.33333333333333331     
  0.36000000000000015       0.33333333333333331     
  0.37000000000000016       0.33333333333333331     
  0.38000000000000017       0.33333333333333331     
  0.39000000000000018       0.33333333333333331     
  0.40000000000000019       0.33333333333333331     
  0.41000000000000020       0.33333333333333331     
  0.42000000000000021       0.33333333333333331     
  0.43000000000000022       0.33333333333333331     
  0.44000000000000022       0.33333333333333331     
  0.45000000000000023       0.33333333333333331     
  0.46000000000000024       0.33333333333333331     
  0.47000000000000025       0.33333333333333331     
  0.48000000000000026       0.33333333333333331     
  0.49000000000000027       0.33333333333333331     
  0.50000000000000022       0.33333333333333331     
  0.51000000000000023       0.33333333333333331     
  0.52000000000000024       0.33333333333333331     
  0.53000000000000025       0.33333333333333331     
  0.54000000000000026       0.33333333333333331     
  0.55000000000000027       0.33333333333333331     
  0.56000000000000028       0.33333333333333331     
  0.57000000000000028       0.33333333333333331     
  0.58000000000000029       0.33333333333333331     
  0.59000000000000030       0.33333333333333331     
  0.60000000000000031       0.33333333333333331     
  0.61000000000000032       0.33333333333333331     
  0.62000000000000033       0.33333333333333331     
  0.63000000000000034       0.33333333333333331     
  0.64000000000000035       0.33333333333333331     
  0.65000000000000036       0.33333333333333331     
  0.66000000000000036       0.33333333333333331     
  0.67000000000000037       0.33333333333333331     
  0.68000000000000038       0.33333333333333331     
  0.69000000000000039       0.33333333333333331     
  0.70000000000000040       0.33333333333333331     
  0.71000000000000041       0.33333333333333331     
  0.72000000000000042       0.33333333333333331     
  0.73000000000000043       0.33333333333333331     
  0.74000000000000044       0.33333333333333331     
  0.75000000000000044       0.33333333333333331     
  0.76000000000000045       0.33333333333333331     
  0.77000000000000046       0.33333333333333331     
  0.78000000000000047       0.33333333333333331     
  0.79000000000000048       0.33333333333333331     
  0.80000000000000049       0.33333333333333331     
  0.81000000000000050       0.33333333333333331     
  0.82000000000000051       0.33333333333333331     
  0.83000000000000052       0.33333333333333331     
  0.84000000000000052       0.33333333333333331     
  0.85000000000000053       0.33333333333333331     
  0.86000000000000054       0.33333333333333331     
  0.87000000000000055       0.33333333333333331     
  0.88000000000000056       0.33333333333333331     
  0.89000000000000057       0.33333333333333331     
  0.90000000000000058       0.33333333333333331     
  0.91000000000000059       0.33333333333333331     
  0.92000000000000060       0.33333333333333331     
  0.93000000000000060       0.33333333333333331     
  0.94000000000000061       0.33333333333333331     
  0.95000000000000062       0.33333333333333331     
  0.96000000000000063       0.33333333333333331     
  0.97000000000000064       0.33333333333333331     
  0.98000000000000065       0.33333333333333331     
  0.99000000000000066       0.33333333333333331     
   1.0000000000000007       0.22916666666034458     
   1.0100000000000007        8.3333333333333329E-002
   1.0200000000000007        8.3333333333333329E-002
   1.0300000000000007        8.3333333333333329E-002
   1.0400000000000007        8.3333333333333329E-002
   1.0500000000000007        8.3333333333333329E-002
   1.0600000000000007        8.3333333333333329E-002
   1.0700000000000007        8.3333333333333329E-002
   1.0800000000000007        8.3333333333333329E-002
   1.0900000000000007        8.3333333333333329E-002
   1.1000000000000008        8.3333333333333329E-002
   1.1100000000000008        8.3333333333333329E-002
   1.1200000000000008        8.3333333333333329E-002
   1.1300000000000008        8.3333333333333329E-002
   1.1400000000000008        8.3333333333333329E-002
   1.1500000000000008        8.3333333333333329E-002
   1.1600000000000008        8.3333333333333329E-002
   1.1700000000000008        8.3333333333333329E-002
   1.1800000000000008        8.3333333333333329E-002
   1.1900000000000008        8.3333333333333329E-002
   1.2000000000000008        8.3333333333333329E-002
   1.2100000000000009        8.3333333333333329E-002
   1.2200000000000009        8.3333333333333329E-002
   1.2300000000000009        8.3333333333333329E-002
   1.2400000000000009        8.3333333333333329E-002
   1.2500000000000009        8.3333333333333329E-002
   1.2600000000000009        8.3333333333333329E-002
   1.2700000000000009        8.3333333333333329E-002
   1.2800000000000009        8.3333333333333329E-002
   1.2900000000000009        8.3333333333333329E-002
   1.3000000000000009        8.3333333333333329E-002
   1.3100000000000009        8.3333333333333329E-002
   1.3200000000000010        8.3333333333333329E-002
   1.3300000000000010        8.3333333333333329E-002
   1.3400000000000010        8.3333333333333329E-002
   1.3500000000000010        8.3333333333333329E-002
   1.3600000000000010        8.3333333333333329E-002
   1.3700000000000010        8.3333333333333329E-002
   1.3800000000000010        8.3333333333333329E-002
   1.3900000000000010        8.3333333333333329E-002
   1.4000000000000010        8.3333333333333329E-002
   1.4100000000000010        8.3333333333333329E-002
   1.4200000000000010        8.3333333333333329E-002
   1.4300000000000010        8.3333333333333329E-002
   1.4400000000000011        8.3333333333333329E-002
   1.4500000000000011        8.3333333333333329E-002
   1.4600000000000011        8.3333333333333329E-002
   1.4700000000000011        8.3333333333333329E-002
   1.4800000000000011        8.3333333333333329E-002
   1.4900000000000011        8.3333333333333329E-002
   1.5000000000000011        8.3333333333333329E-002
   1.5100000000000011        8.3333333333333329E-002
   1.5200000000000011        8.3333333333333329E-002
   1.5300000000000011        8.3333333333333329E-002
   1.5400000000000011        8.3333333333333329E-002
   1.5500000000000012        8.3333333333333329E-002
   1.5600000000000012        8.3333333333333329E-002
   1.5700000000000012        8.3333333333333329E-002
   1.5800000000000012        8.3333333333333329E-002
   1.5900000000000012        8.3333333333333329E-002
   1.6000000000000012        8.3333333333333329E-002
   1.6100000000000012        8.3333333333333329E-002
   1.6200000000000012        8.3333333333333329E-002
   1.6300000000000012        8.3333333333333329E-002
   1.6400000000000012        8.3333333333333329E-002
   1.6500000000000012        8.3333333333333329E-002
   1.6600000000000013        8.3333333333333329E-002
   1.6700000000000013        8.3333333333333329E-002
   1.6800000000000013        8.3333333333333329E-002
   1.6900000000000013        8.3333333333333329E-002
   1.7000000000000013        8.3333333333333329E-002
   1.7100000000000013        8.3333333333333329E-002
   1.7200000000000013        8.3333333333333329E-002
   1.7300000000000013        8.3333333333333329E-002
   1.7400000000000013        8.3333333333333329E-002
   1.7500000000000013        8.3333333333333329E-002
   1.7600000000000013        8.3333333333333329E-002
   1.7700000000000014        8.3333333333333329E-002
   1.7800000000000014        8.3333333333333329E-002
   1.7900000000000014        8.3333333333333329E-002
   1.8000000000000014        8.3333333333333329E-002
   1.8100000000000014        8.3333333333333329E-002
   1.8200000000000014        8.3333333333333329E-002
   1.8300000000000014        8.3333333333333329E-002
   1.8400000000000014        8.3333333333333329E-002
   1.8500000000000014        8.3333333333333329E-002
   1.8600000000000014        8.3333333333333329E-002
   1.8700000000000014        8.3333333333333329E-002
   1.8800000000000014        8.3333333333333329E-002
   1.8900000000000015        8.3333333333333329E-002
   1.9000000000000015        8.3333333333333329E-002
   1.9100000000000015        8.3333333333333329E-002
   1.9200000000000015        8.3333333333333329E-002
   1.9300000000000015        8.3333333333333329E-002
   1.9400000000000015        8.3333333333333329E-002
   1.9500000000000015        8.3333333333333329E-002
   1.9600000000000015        8.3333333333333329E-002
   1.9700000000000015        8.3333333333333329E-002
   1.9800000000000015        8.3333333333333329E-002
   1.9900000000000015        8.3333333333333329E-002
   2.0000000000000013        8.3333333333333329E-002
   2.0100000000000011        8.3333333333333329E-002
   2.0200000000000009        8.3333333333333329E-002
   2.0300000000000007        8.3333333333333329E-002
   2.0400000000000005        8.3333333333333329E-002
   2.0500000000000003        8.3333333333333329E-002
   2.0600000000000001        8.3333333333333329E-002
   2.0699999999999998        8.3333333333333329E-002
   2.0799999999999996        8.3333333333333329E-002
   2.0899999999999994        8.3333333333333329E-002
   2.0999999999999992        8.3333333333333329E-002
   2.1099999999999990        8.3333333333333329E-002
   2.1199999999999988        8.3333333333333329E-002
   2.1299999999999986        8.3333333333333329E-002
   2.1399999999999983        8.3333333333333329E-002
   2.1499999999999981        8.3333333333333329E-002
   2.1599999999999979        8.3333333333333329E-002
   2.1699999999999977        8.3333333333333329E-002
   2.1799999999999975        8.3333333333333329E-002
   2.1899999999999973        8.3333333333333329E-002
   2.1999999999999971        8.3333333333333329E-002
   2.2099999999999969        8.3333333333333329E-002
   2.2199999999999966        8.3333333333333329E-002
   2.2299999999999964        8.3333333333333329E-002
   2.2399999999999962        8.3333333333333329E-002
   2.2499999999999960        8.3333333333333329E-002
   2.2599999999999958        8.3333333333333329E-002
   2.2699999999999956        8.3333333333333329E-002
   2.2799999999999954        8.3333333333333329E-002
   2.2899999999999952        8.3333333333333329E-002
   2.2999999999999949        8.3333333333333329E-002
   2.3099999999999947        8.3333333333333329E-002
   2.3199999999999945        8.3333333333333329E-002
   2.3299999999999943        8.3333333333333329E-002
   2.3399999999999941        8.3333333333333329E-002
   2.3499999999999939        8.3333333333333329E-002
   2.3599999999999937        8.3333333333333329E-002
   2.3699999999999934        8.3333333333333329E-002
   2.3799999999999932        8.3333333333333329E-002
   2.3899999999999930        8.3333333333333329E-002
   2.3999999999999928        8.3333333333333329E-002
   2.4099999999999926        8.3333333333333329E-002
   2.4199999999999924        8.3333333333333329E-002
   2.4299999999999922        8.3333333333333329E-002
   2.4399999999999920        8.3333333333333329E-002
   2.4499999999999917        8.3333333333333329E-002
   2.4599999999999915        8.3333333333333329E-002
   2.4699999999999913        8.3333333333333329E-002
   2.4799999999999911        8.3333333333333329E-002
   2.4899999999999909        8.3333333333333329E-002
   2.4999999999999907        8.3333333333333329E-002
   2.5099999999999905        8.3333333333333329E-002
   2.5199999999999902        8.3333333333333329E-002
   2.5299999999999900        8.3333333333333329E-002
   2.5399999999999898        8.3333333333333329E-002
   2.5499999999999896        8.3333333333333329E-002
   2.5599999999999894        8.3333333333333329E-002
   2.5699999999999892        8.3333333333333329E-002
   2.5799999999999890        8.3333333333333329E-002
   2.5899999999999888        8.3333333333333329E-002
   2.5999999999999885        8.3333333333333329E-002
   2.6099999999999883        8.3333333333333329E-002
   2.6199999999999881        8.3333333333333329E-002
   2.6299999999999879        8.3333333333333329E-002
   2.6399999999999877        8.3333333333333329E-002
   2.6499999999999875        8.3333333333333329E-002
   2.6599999999999873        8.3333333333333329E-002
   2.6699999999999871        8.3333333333333329E-002
   2.6799999999999868        8.3333333333333329E-002
   2.6899999999999866        8.3333333333333329E-002
   2.6999999999999864        8.3333333333333329E-002
   2.7099999999999862        8.3333333333333329E-002
   2.7199999999999860        8.3333333333333329E-002
   2.7299999999999858        8.3333333333333329E-002
   2.7399999999999856        8.3333333333333329E-002
   2.7499999999999853        8.3333333333333329E-002
   2.7599999999999851        8.3333333333333329E-002
   2.7699999999999849        8.3333333333333329E-002
   2.7799999999999847        8.3333333333333329E-002
   2.7899999999999845        8.3333333333333329E-002
   2.7999999999999843        8.3333333333333329E-002
   2.8099999999999841        8.3333333333333329E-002
   2.8199999999999839        8.3333333333333329E-002
   2.8299999999999836        8.3333333333333329E-002
   2.8399999999999834        8.3333333333333329E-002
   2.8499999999999832        8.3333333333333329E-002
   2.8599999999999830        8.3333333333333329E-002
   2.8699999999999828        8.3333333333333329E-002
   2.8799999999999826        8.3333333333333329E-002
   2.8899999999999824        8.3333333333333329E-002
   2.8999999999999821        8.3333333333333329E-002
   2.9099999999999819        8.3333333333333329E-002
   2.9199999999999817        8.3333333333333329E-002
   2.9299999999999815        8.3333333333333329E-002
   2.9399999999999813        8.3333333333333329E-002
   2.9499999999999811        8.3333333333333329E-002
   2.9599999999999809        8.3333333333333329E-002
   2.9699999999999807        8.3333333333333329E-002
   2.9799999999999804        8.3333333333333329E-002
   2.9899999999999802        8.3333333333333329E-002
   2.9999999999999800        6.2500000063143935E-002
   3.0099999999999798        0.0000000000000000     
   3.0199999999999796        0.0000000000000000     
   3.0299999999999794        0.0000000000000000     
   3.0399999999999792        0.0000000000000000     
   3.0499999999999790        0.0000000000000000     
   3.0599999999999787        0.0000000000000000     
   3.0699999999999785        0.0000000000000000     
   3.0799999999999783        0.0000000000000000     
   3.0899999999999781        0.0000000000000000     
   3.0999999999999779        0.0000000000000000     
   3.1099999999999777        0.0000000000000000     
   3.1199999999999775        0.0000000000000000     
   3.1299999999999772        0.0000000000000000     
   3.1399999999999770        0.0000000000000000     
   3.1499999999999768        0.0000000000000000     
   3.1599999999999766        0.0000000000000000     
   3.1699999999999764        0.0000000000000000     
   3.1799999999999762        0.0000000000000000     
   3.1899999999999760        0.0000000000000000     
   3.1999999999999758        0.0000000000000000     
   3.2099999999999755        0.0000000000000000     
   3.2199999999999753        0.0000000000000000     
   3.2299999999999751        0.0000000000000000     
   3.2399999999999749        0.0000000000000000     
   3.2499999999999747        0.0000000000000000     
   3.2599999999999745        0.0000000000000000     
   3.2699999999999743        0.0000000000000000     
   3.2799999999999740        0.0000000000000000     
   3.2899999999999738        0.0000000000000000     
   3.2999999999999736        0.0000000000000000     
   3.3099999999999734        0.0000000000000000     
   3.3199999999999732        0.0000000000000000     
   3.3299999999999730        0.0000000000000000     
   3.3399999999999728        0.0000000000000000     
   3.3499999999999726        0.0000000000000000     
   3.3599999999999723        0.0000000000000000     
   3.3699999999999721        0.0000000000000000     
   3.3799999999999719        0.0000000000000000     
   3.3899999999999717        0.0000000000000000     
   3.3999999999999715        0.0000000000000000     
   3.4099999999999713        0.0000000000000000     
   3.4199999999999711        0.0000000000000000     
   3.4299999999999708        0.0000000000000000     
   3.4399999999999706        0.0000000000000000     
   3.4499999999999704        0.0000000000000000     
   3.4599999999999702        0.0000000000000000     
   3.4699999999999700        0.0000000000000000     
   3.4799999999999698        0.0000000000000000     
   3.4899999999999696        0.0000000000000000     
   3.4999999999999694        0.0000000000000000     
   3.5099999999999691        0.0000000000000000     
   3.5199999999999689        0.0000000000000000     
   3.5299999999999687        0.0000000000000000     
   3.5399999999999685        0.0000000000000000     
   3.5499999999999683        0.0000000000000000     
   3.5599999999999681        0.0000000000000000     
   3.5699999999999679        0.0000000000000000     
   3.5799999999999677        0.0000000000000000     
   3.5899999999999674        0.0000000000000000     
   3.5999999999999672        0.0000000000000000     
   3.6099999999999670        0.0000000000000000     
   3.6199999999999668        0.0000000000000000     
   3.6299999999999666        0.0000000000000000     
   3.6399999999999664        0.0000000000000000     
   3.6499999999999662        0.0000000000000000     
   3.6599999999999659        0.0000000000000000     
   3.6699999999999657        0.0000000000000000     
   3.6799999999999655        0.0000000000000000     
   3.6899999999999653        0.0000000000000000     
   3.6999999999999651        0.0000000000000000     
   3.7099999999999649        0.0000000000000000     
   3.7199999999999647        0.0000000000000000     
   3.7299999999999645        0.0000000000000000     
   3.7399999999999642        0.0000000000000000     
   3.7499999999999640        0.0000000000000000     
   3.7599999999999638        0.0000000000000000     
   3.7699999999999636        0.0000000000000000     
   3.7799999999999634        0.0000000000000000     
   3.7899999999999632        0.0000000000000000     
   3.7999999999999630        0.0000000000000000     
   3.8099999999999627        0.0000000000000000     
   3.8199999999999625        0.0000000000000000     
   3.8299999999999623        0.0000000000000000     
   3.8399999999999621        0.0000000000000000     
   3.8499999999999619        0.0000000000000000     
   3.8599999999999617        0.0000000000000000     
   3.8699999999999615        0.0000000000000000     
   3.8799999999999613        0.0000000000000000     
   3.8899999999999610        0.0000000000000000     
   3.8999999999999608        0.0000000000000000     
   3.9099999999999606        0.0000000000000000     
   3.9199999999999604        0.0000000000000000     
   3.9299999999999602        0.0000000000000000     
   3.9399999999999600        0.0000000000000000     
   3.9499999999999598        0.0000000000000000     
   3.9599999999999596        0.0000000000000000     
   3.9699999999999593        0.0000000000000000     
   3.9799999999999591        0.0000000000000000     
   3.9899999999999589        0.0000000000000000     
   3.9999999999999587        0.0000000000000000     
   4.0099999999999589        0.0000000000000000     
   4.0199999999999587        0.0000000000000000     
   4.0299999999999585        0.0000000000000000     
   4.0399999999999583        0.0000000000000000     
   4.0499999999999581        0.0000000000000000     
   4.0599999999999579        0.0000000000000000     
   4.0699999999999577        0.0000000000000000     
   4.0799999999999574        0.0000000000000000     
   4.0899999999999572        0.0000000000000000     
   4.0999999999999570        0.0000000000000000     
   4.1099999999999568        0.0000000000000000     
   4.1199999999999566        0.0000000000000000     
   4.1299999999999564        0.0000000000000000     
   4.1399999999999562        0.0000000000000000     
   4.1499999999999559        0.0000000000000000     
   4.1599999999999557        0.0000000000000000     
   4.1699999999999555        0.0000000000000000     
   4.1799999999999553        0.0000000000000000     
   4.1899999999999551        0.0000000000000000     
   4.1999999999999549        0.0000000000000000     
   4.2099999999999547        0.0000000000000000     
   4.2199999999999545        0.0000000000000000     
   4.2299999999999542        0.0000000000000000     
   4.2399999999999540        0.0000000000000000     
   4.2499999999999538        0.0000000000000000     
   4.2599999999999536        0.0000000000000000     
   4.2699999999999534        0.0000000000000000     
   4.2799999999999532        0.0000000000000000     
   4.2899999999999530        0.0000000000000000     
   4.2999999999999527        0.0000000000000000     
   4.3099999999999525        0.0000000000000000     
   4.3199999999999523        0.0000000000000000     
   4.3299999999999521        0.0000000000000000     
   4.3399999999999519        0.0000000000000000     
   4.3499999999999517        0.0000000000000000     
   4.3599999999999515        0.0000000000000000     
   4.3699999999999513        0.0000000000000000     
   4.3799999999999510        0.0000000000000000     
   4.3899999999999508        0.0000000000000000     
   4.3999999999999506        0.0000000000000000     
   4.4099999999999504        0.0000000000000000     
   4.4199999999999502        0.0000000000000000     
   4.4299999999999500        0.0000000000000000     
   4.4399999999999498        0.0000000000000000     
   4.4499999999999496        0.0000000000000000     
   4.4599999999999493        0.0000000000000000     
   4.4699999999999491        0.0000000000000000     
   4.4799999999999489        0.0000000000000000     
   4.4899999999999487        0.0000000000000000     
   4.4999999999999485        0.0000000000000000     
   4.5099999999999483        0.0000000000000000     
   4.5199999999999481        0.0000000000000000     
   4.5299999999999478        0.0000000000000000     
   4.5399999999999476        0.0000000000000000     
   4.5499999999999474        0.0000000000000000     
   4.5599999999999472        0.0000000000000000     
   4.5699999999999470        0.0000000000000000     
   4.5799999999999468        0.0000000000000000     
   4.5899999999999466        0.0000000000000000     
   4.5999999999999464        0.0000000000000000     
   4.6099999999999461        0.0000000000000000     
   4.6199999999999459        0.0000000000000000     
   4.6299999999999457        0.0000000000000000     
   4.6399999999999455        0.0000000000000000     
   4.6499999999999453        0.0000000000000000     
   4.6599999999999451        0.0000000000000000     
   4.6699999999999449        0.0000000000000000     
   4.6799999999999446        0.0000000000000000     
   4.6899999999999444        0.0000000000000000     
   4.6999999999999442        0.0000000000000000     
   4.7099999999999440        0.0000000000000000     
   4.7199999999999438        0.0000000000000000     
   4.7299999999999436        0.0000000000000000     
   4.7399999999999434        0.0000000000000000     
   4.7499999999999432        0.0000000000000000     
   4.7599999999999429        0.0000000000000000     
   4.7699999999999427        0.0000000000000000     
   4.7799999999999425        0.0000000000000000     
   4.7899999999999423        0.0000000000000000     
   4.7999999999999421        0.0000000000000000     
   4.8099999999999419        0.0000000000000000     
   4.8199999999999417        0.0000000000000000     
   4.8299999999999415        0.0000000000000000     
   4.8399999999999412        0.0000000000000000     
   4.8499999999999410        0.0000000000000000     
   4.8599999999999408        0.0000000000000000     
   4.8699999999999406        0.0000000000000000     
   4.8799999999999404        0.0000000000000000     
   4.8899999999999402        0.0000000000000000     
   4.8999999999999400        0.0000000000000000     
   4.9099999999999397        0.0000000000000000     
   4.9199999999999395        0.0000000000000000     
   4.9299999999999393        0.0000000000000000     
   4.9399999999999391        0.0000000000000000     
   4.9499999999999389        0.0000000000000000     
   4.9599999999999387        0.0000000000000000     
   4.9699999999999385        0.0000000000000000     
   4.9799999999999383        0.0000000000000000     
   4.9899999999999380        0.0000000000000000     
   4.9999999999999378        0.0000000000000000     
   5.0099999999999376        0.0000000000000000     
   5.0199999999999374        0.0000000000000000     
   5.0299999999999372        0.0000000000000000     
   5.0399999999999370        0.0000000000000000     
   5.0499999999999368        0.0000000000000000     
   5.0599999999999365        0.0000000000000000     
   5.0699999999999363        0.0000000000000000     
   5.0799999999999361        0.0000000000000000     
   5.0899999999999359        0.0000000000000000     
   5.0999999999999357        0.0000000000000000     
   5.1099999999999355        0.0000000000000000     
   5.1199999999999353        0.0000000000000000     
   5.1299999999999351        0.0000000000000000     
   5.1399999999999348        0.0000000000000000     
   5.1499999999999346        0.0000000000000000     
   5.1599999999999344        0.0000000000000000     
   5.1699999999999342        0.0000000000000000     
   5.1799999999999340        0.0000000000000000     
   5.1899999999999338        0.0000000000000000     
   5.1999999999999336        0.0000000000000000     
   5.2099999999999334        0.0000000000000000     
   5.2199999999999331        0.0000000000000000     
   5.2299999999999329        0.0000000000000000     
   5.2399999999999327        0.0000000000000000     
   5.2499999999999325        0.0000000000000000     
   5.2599999999999323        0.0000000000000000     
   5.2699999999999321        0.0000000000000000     
   5.2799999999999319        0.0000000000000000     
   5.2899999999999316        0.0000000000000000     
   5.2999999999999314        0.0000000000000000     
   5.3099999999999312        0.0000000000000000     
   5.3199999999999310        0.0000000000000000     
   5.3299999999999308        0.0000000000000000     
   5.3399999999999306        0.0000000000000000     
   5.3499999999999304        0.0000000000000000     
   5.3599999999999302        0.0000000000000000     
   5.3699999999999299        0.0000000000000000     
   5.3799999999999297        0.0000000000000000     
   5.3899999999999295        0.0000000000000000     
   5.3999999999999293        0.0000000000000000     
   5.4099999999999291        0.0000000000000000     
   5.4199999999999289        0.0000000000000000     
   5.4299999999999287        0.0000000000000000     
   5.4399999999999284        0.0000000000000000     
   5.4499999999999282        0.0000000000000000     
   5.4599999999999280        0.0000000000000000     
   5.4699999999999278        0.0000000000000000     
   5.4799999999999276        0.0000000000000000     
   5.4899999999999274        0.0000000000000000     
   5.4999999999999272        0.0000000000000000     
   5.5099999999999270        0.0000000000000000     
   5.5199999999999267        0.0000000000000000     
   5.5299999999999265        0.0000000000000000     
   5.5399999999999263        0.0000000000000000     
   5.5499999999999261        0.0000000000000000     
   5.5599999999999259        0.0000000000000000     
   5.5699999999999257        0.0000000000000000     
   5.5799999999999255        0.0000000000000000     
   5.5899999999999253        0.0000000000000000     
   5.5999999999999250        0.0000000000000000     
   5.6099999999999248        0.0000000000000000     
   5.6199999999999246        0.0000000000000000     
   5.6299999999999244        0.0000000000000000     
   5.6399999999999242        0.0000000000000000     
   5.6499999999999240        0.0000000000000000     
   5.6599999999999238        0.0000000000000000     
   5.6699999999999235        0.0000000000000000     
   5.6799999999999233        0.0000000000000000     
   5.6899999999999231        0.0000000000000000     
   5.6999999999999229        0.0000000000000000     
   5.7099999999999227        0.0000000000000000     
   5.7199999999999225        0.0000000000000000     
   5.7299999999999223        0.0000000000000000     
   5.7399999999999221        0.0000000000000000     
   5.7499999999999218        0.0000000000000000     
   5.7599999999999216        0.0000000000000000     
   5.7699999999999214        0.0000000000000000     
   5.7799999999999212        0.0000000000000000     
   5.7899999999999210        0.0000000000000000     
   5.7999999999999208        0.0000000000000000     
   5.8099999999999206        0.0000000000000000     
   5.8199999999999203        0.0000000000000000     
   5.8299999999999201        0.0000000000000000     
   5.8399999999999199        0.0000000000000000     
   5.8499999999999197        0.0000000000000000     
   5.8599999999999195        0.0000000000000000     
   5.8699999999999193        0.0000000000000000     
   5.8799999999999191        0.0000000000000000     
   5.8899999999999189        0.0000000000000000     
   5.8999999999999186        0.0000000000000000     
   5.9099999999999184        0.0000000000000000     
   5.9199999999999182        0.0000000000000000     
   5.9299999999999180        0.0000000000000000     
   5.9399999999999178        0.0000000000000000     
   5.9499999999999176        0.0000000000000000     
   5.9599999999999174        0.0000000000000000     
   5.9699999999999172        0.0000000000000000     
   5.9799999999999169        0.0000000000000000     
   5.9899999999999167        0.0000000000000000     
   5.9999999999999165        0.0000000000000000     
   6.0099999999999163        0.0000000000000000     
   6.0199999999999161        0.0000000000000000     
   6.0299999999999159        0.0000000000000000     
   6.0399999999999157        0.0000000000000000     
   6.0499999999999154        0.0000000000000000     
   6.0599999999999152        0.0000000000000000     
   6.0699999999999150        0.0000000000000000     
   6.0799999999999148        0.0000000000000000     
   6.0899999999999146        0.0000000000000000     
   6.0999999999999144        0.0000000000000000     
   6.1099999999999142        0.0000000000000000     
   6.1199999999999140        0.0000000000000000     
   6.1299999999999137        0.0000000000000000     
   6.1399999999999135        0.0000000000000000     
   6.1499999999999133        0.0000000000000000     
   6.1599999999999131        0.0000000000000000     
   6.1699999999999129        0.0000000000000000     
   6.1799999999999127        0.0000000000000000     
   6.1899999999999125        0.0000000000000000     
   6.1999999999999122        0.0000000000000000     
   6.2099999999999120        0.0000000000000000     
   6.2199999999999118        0.0000000000000000     
   6.2299999999999116        0.0000000000000000     
   6.2399999999999114        0.0000000000000000     
   6.2499999999999112        0.0000000000000000     
   6.2599999999999110        0.0000000000000000     
   6.2699999999999108        0.0000000000000000     
   6.2799999999999105        0.0000000000000000     
   6.2899999999999103        0.0000000000000000     
   6.2999999999999101        0.0000000000000000     
   6.3099999999999099        0.0000000000000000     
   6.3199999999999097        0.0000000000000000     
   6.3299999999999095        0.0000000000000000     
   6.3399999999999093        0.0000000000000000     
   6.3499999999999091        0.0000000000000000     
   6.3599999999999088        0.0000000000000000     
   6.3699999999999086        0.0000000000000000     
   6.3799999999999084        0.0000000000000000     
   6.3899999999999082        0.0000000000000000     
   6.3999999999999080        0.0000000000000000     
   6.4099999999999078        0.0000000000000000     
   6.4199999999999076        0.0000000000000000     
   6.4299999999999073        0.0000000000000000     
   6.4399999999999071        0.0000000000000000     
   6.4499999999999069        0.0000000000000000     
   6.4599999999999067        0.0000000000000000     
   6.4699999999999065        0.0000000000000000     
   6.4799999999999063        0.0000000000000000     
   6.4899999999999061        0.0000000000000000     
   6.4999999999999059        0.0000000000000000     
   6.5099999999999056        0.0000000000000000     
   6.5199999999999054        0.0000000000000000     
   6.5299999999999052        0.0000000000000000     
   6.5399999999999050        0.0000000000000000     
   6.5499999999999048        0.0000000000000000     
   6.5599999999999046        0.0000000000000000     
   6.5699999999999044        0.0000000000000000     
   6.5799999999999041        0.0000000000000000     
   6.5899999999999039        0.0000000000000000     
   6.5999999999999037        0.0000000000000000     
   6.6099999999999035        0.0000000000000000     
   6.6199999999999033        0.0000000000000000     
   6.6299999999999031        0.0000000000000000     
   6.6399999999999029        0.0000000000000000     
   6.6499999999999027        0.0000000000000000     
   6.6599999999999024        0.0000000000000000     
   6.6699999999999022        0.0000000000000000     
   6.6799999999999020        0.0000000000000000     
   6.6899999999999018        0.0000000000000000     
   6.6999999999999016        0.0000000000000000     
   6.7099999999999014        0.0000000000000000     
   6.7199999999999012        0.0000000000000000     
   6.7299999999999010        0.0000000000000000     
   6.7399999999999007        0.0000000000000000     
   6.7499999999999005        0.0000000000000000     
   6.7599999999999003        0.0000000000000000     
   6.7699999999999001        0.0000000000000000     
   6.7799999999998999        0.0000000000000000     
   6.7899999999998997        0.0000000000000000     
   6.7999999999998995        0.0000000000000000     
   6.8099999999998992        0.0000000000000000     
   6.8199999999998990        0.0000000000000000     
   6.8299999999998988        0.0000000000000000     
   6.8399999999998986        0.0000000000000000     
   6.8499999999998984        0.0000000000000000     
   6.8599999999998982        0.0000000000000000     
   6.8699999999998980        0.0000000000000000     
   6.8799999999998978        0.0000000000000000     
   6.8899999999998975        0.0000000000000000     
   6.8999999999998973        0.0000000000000000     
   6.9099999999998971        0.0000000000000000     
   6.9199999999998969        0.0000000000000000     
   6.9299999999998967        0.0000000000000000     
   6.9399999999998965        0.0000000000000000     
   6.9499999999998963        0.0000000000000000     
   6.9599999999998960        0.0000000000000000     
   6.9699999999998958        0.0000000000000000     
   6.9799999999998956        0.0000000000000000     
   6.9899999999998954        0.0000000000000000     
   6.9999999999998952        0.0000000000000000     
   7.0099999999998950        0.0000000000000000     
   7.0199999999998948        0.0000000000000000     
   7.0299999999998946        0.0000000000000000     
   7.0399999999998943        0.0000000000000000     
   7.0499999999998941        0.0000000000000000     
   7.0599999999998939        0.0000000000000000     
   7.0699999999998937        0.0000000000000000     
   7.0799999999998935        0.0000000000000000     
   7.0899999999998933        0.0000000000000000     
   7.0999999999998931        0.0000000000000000     
   7.1099999999998929        0.0000000000000000     
   7.1199999999998926        0.0000000000000000     
   7.1299999999998924        0.0000000000000000     
   7.1399999999998922        0.0000000000000000     
   7.1499999999998920        0.0000000000000000     
   7.1599999999998918        0.0000000000000000     
   7.1699999999998916        0.0000000000000000     
   7.1799999999998914        0.0000000000000000     
   7.1899999999998911        0.0000000000000000     
   7.1999999999998909        0.0000000000000000     
   7.2099999999998907        0.0000000000000000     
   7.2199999999998905        0.0000000000000000     
   7.2299999999998903        0.0000000000000000     
   7.2399999999998901        0.0000000000000000     
   7.2499999999998899        0.0000000000000000     
   7.2599999999998897        0.0000000000000000     
   7.2699999999998894        0.0000000000000000     
   7.2799999999998892        0.0000000000000000     
   7.2899999999998890        0.0000000000000000     
   7.2999999999998888        0.0000000000000000     
   7.3099999999998886        0.0000000000000000     
   7.3199999999998884        0.0000000000000000     
   7.3299999999998882        0.0000000000000000     
   7.3399999999998879        0.0000000000000000     
   7.3499999999998877        0.0000000000000000     
   7.3599999999998875        0.0000000000000000     
   7.3699999999998873        0.0000000000000000     
   7.3799999999998871        0.0000000000000000     
   7.3899999999998869        0.0000000000000000     
   7.3999999999998867        0.0000000000000000     
   7.4099999999998865        0.0000000000000000     
   7.4199999999998862        0.0000000000000000     
   7.4299999999998860        0.0000000000000000     
   7.4399999999998858        0.0000000000000000     
   7.4499999999998856        0.0000000000000000     
   7.4599999999998854        0.0000000000000000     
   7.4699999999998852        0.0000000000000000     
   7.4799999999998850        0.0000000000000000     
   7.4899999999998847        0.0000000000000000     
   7.4999999999998845        0.0000000000000000     
   7.5099999999998843        0.0000000000000000     
   7.5199999999998841        0.0000000000000000     
   7.5299999999998839        0.0000000000000000     
   7.5399999999998837        0.0000000000000000     
   7.5499999999998835        0.0000000000000000     
   7.5599999999998833        0.0000000000000000     
   7.5699999999998830        0.0000000000000000     
   7.5799999999998828        0.0000000000000000     
   7.5899999999998826        0.0000000000000000     
   7.5999999999998824        0.0000000000000000     
   7.6099999999998822        0.0000000000000000     
   7.6199999999998820        0.0000000000000000     
   7.6299999999998818        0.0000000000000000     
   7.6399999999998816        0.0000000000000000     
   7.6499999999998813        0.0000000000000000     
   7.6599999999998811        0.0000000000000000     
   7.6699999999998809        0.0000000000000000     
   7.6799999999998807        0.0000000000000000     
   7.6899999999998805        0.0000000000000000     
   7.6999999999998803        0.0000000000000000     
   7.7099999999998801        0.0000000000000000     
   7.7199999999998798        0.0000000000000000     
   7.7299999999998796        0.0000000000000000     
   7.7399999999998794        0.0000000000000000     
   7.7499999999998792        0.0000000000000000     
   7.7599999999998790        0.0000000000000000     
   7.7699999999998788        0.0000000000000000     
   7.7799999999998786        0.0000000000000000     
   7.7899999999998784        0.0000000000000000     
   7.7999999999998781        0.0000000000000000     
   7.8099999999998779        0.0000000000000000     
   7.8199999999998777        0.0000000000000000     
   7.8299999999998775        0.0000000000000000     
   7.8399999999998773        0.0000000000000000     
   7.8499999999998771        0.0000000000000000     
   7.8599999999998769        0.0000000000000000     
   7.8699999999998766        0.0000000000000000     
   7.8799999999998764        0.0000000000000000     
   7.8899999999998762        0.0000000000000000     
   7.8999999999998760        0.0000000000000000     
   7.9099999999998758        0.0000000000000000     
   7.9199999999998756        0.0000000000000000     
   7.9299999999998754        0.0000000000000000     
   7.9399999999998752        0.0000000000000000     
   7.9499999999998749        0.0000000000000000     
   7.9599999999998747        0.0000000000000000     
   7.9699999999998745        0.0000000000000000     
   7.9799999999998743        0.0000000000000000     
   7.9899999999998741        0.0000000000000000     
   7.9999999999998739        0.0000000000000000     
   8.0099999999998737        0.0000000000000000     
   8.0199999999998735        0.0000000000000000     
   8.0299999999998732        0.0000000000000000     
   8.0399999999998730        0.0000000000000000     
   8.0499999999998728        0.0000000000000000     
   8.0599999999998726        0.0000000000000000     
   8.0699999999998724        0.0000000000000000     
   8.0799999999998722        0.0000000000000000     
   8.0899999999998720        0.0000000000000000     
   8.0999999999998717        0.0000000000000000     
   8.1099999999998715        0.0000000000000000     
   8.1199999999998713        0.0000000000000000     
   8.1299999999998711        0.0000000000000000     
   8.1399999999998709        0.0000000000000000     
   8.1499999999998707        0.0000000000000000     
   8.1599999999998705        0.0000000000000000     
   8.1699999999998703        0.0000000000000000     
   8.1799999999998700        0.0000000000000000     
   8.1899999999998698        0.0000000000000000     
   8.1999999999998696        0.0000000000000000     
   8.2099999999998694        0.0000000000000000     
   8.2199999999998692        0.0000000000000000     
   8.2299999999998690        0.0000000000000000     
   8.2399999999998688        0.0000000000000000     
   8.2499999999998685        0.0000000000000000     
   8.2599999999998683        0.0000000000000000     
   8.2699999999998681        0.0000000000000000     
   8.2799999999998679        0.0000000000000000     
   8.2899999999998677        0.0000000000000000     
   8.2999999999998675        0.0000000000000000     
   8.3099999999998673        0.0000000000000000     
   8.3199999999998671        0.0000000000000000     
   8.3299999999998668        0.0000000000000000     
   8.3399999999998666        0.0000000000000000     
   8.3499999999998664        0.0000000000000000     
   8.3599999999998662        0.0000000000000000     
   8.3699999999998660        0.0000000000000000     
   8.3799999999998658        0.0000000000000000     
   8.3899999999998656        0.0000000000000000     
   8.3999999999998654        0.0000000000000000     
   8.4099999999998651        0.0000000000000000     
   8.4199999999998649        0.0000000000000000     
   8.4299999999998647        0.0000000000000000     
   8.4399999999998645        0.0000000000000000     
   8.4499999999998643        0.0000000000000000     
   8.4599999999998641        0.0000000000000000     
   8.4699999999998639        0.0000000000000000     
   8.4799999999998636        0.0000000000000000     
   8.4899999999998634        0.0000000000000000     
   8.4999999999998632        0.0000000000000000     
   8.5099999999998630        0.0000000000000000     
   8.5199999999998628        0.0000000000000000     
   8.5299999999998626        0.0000000000000000     
   8.5399999999998624        0.0000000000000000     
   8.5499999999998622        0.0000000000000000     
   8.5599999999998619        0.0000000000000000     
   8.5699999999998617        0.0000000000000000     
   8.5799999999998615        0.0000000000000000     
   8.5899999999998613        0.0000000000000000     
   8.5999999999998611        0.0000000000000000     
   8.6099999999998609        0.0000000000000000     
   8.6199999999998607        0.0000000000000000     
   8.6299999999998604        0.0000000000000000     
   8.6399999999998602        0.0000000000000000     
   8.6499999999998600        0.0000000000000000     
   8.6599999999998598        0.0000000000000000     
   8.6699999999998596        0.0000000000000000     
   8.6799999999998594        0.0000000000000000     
   8.6899999999998592        0.0000000000000000     
   8.6999999999998590        0.0000000000000000     
   8.7099999999998587        0.0000000000000000     
   8.7199999999998585        0.0000000000000000     
   8.7299999999998583        0.0000000000000000     
   8.7399999999998581        0.0000000000000000     
   8.7499999999998579        0.0000000000000000     
   8.7599999999998577        0.0000000000000000     
   8.7699999999998575        0.0000000000000000     
   8.7799999999998573        0.0000000000000000     
   8.7899999999998570        0.0000000000000000     
   8.7999999999998568        0.0000000000000000     
   8.8099999999998566        0.0000000000000000     
   8.8199999999998564        0.0000000000000000     
   8.8299999999998562        0.0000000000000000     
   8.8399999999998560        0.0000000000000000     
   8.8499999999998558        0.0000000000000000     
   8.8599999999998555        0.0000000000000000     
   8.8699999999998553        0.0000000000000000     
   8.8799999999998551        0.0000000000000000     
   8.8899999999998549        0.0000000000000000     
   8.8999999999998547        0.0000000000000000     
   8.9099999999998545        0.0000000000000000     
   8.9199999999998543        0.0000000000000000     
   8.9299999999998541        0.0000000000000000     
   8.9399999999998538        0.0000000000000000     
   8.9499999999998536        0.0000000000000000     
   8.9599999999998534        0.0000000000000000     
   8.9699999999998532        0.0000000000000000     
   8.9799999999998530        0.0000000000000000     
   8.9899999999998528        0.0000000000000000     
   8.9999999999998526        0.0000000000000000     
   9.0099999999998523        0.0000000000000000     
   9.0199999999998521        0.0000000000000000     
   9.0299999999998519        0.0000000000000000     
   9.0399999999998517        0.0000000000000000     
   9.0499999999998515        0.0000000000000000     
   9.0599999999998513        0.0000000000000000     
   9.0699999999998511        0.0000000000000000     
   9.0799999999998509        0.0000000000000000     
   9.0899999999998506        0.0000000000000000     
   9.0999999999998504        0.0000000000000000     
   9.1099999999998502        0.0000000000000000     
   9.1199999999998500        0.0000000000000000     
   9.1299999999998498        0.0000000000000000     
   9.1399999999998496        0.0000000000000000     
   9.1499999999998494        0.0000000000000000     
   9.1599999999998492        0.0000000000000000     
   9.1699999999998489        0.0000000000000000     
   9.1799999999998487        0.0000000000000000     
   9.1899999999998485        0.0000000000000000     
   9.1999999999998483        0.0000000000000000     
   9.2099999999998481        0.0000000000000000     
   9.2199999999998479        0.0000000000000000     
   9.2299999999998477        0.0000000000000000     
   9.2399999999998474        0.0000000000000000     
   9.2499999999998472        0.0000000000000000     
   9.2599999999998470        0.0000000000000000     
   9.2699999999998468        0.0000000000000000     
   9.2799999999998466        0.0000000000000000     
   9.2899999999998464        0.0000000000000000     
   9.2999999999998462        0.0000000000000000     
   9.3099999999998460        0.0000000000000000     
   9.3199999999998457        0.0000000000000000     
   9.3299999999998455        0.0000000000000000     
   9.3399999999998453        0.0000000000000000     
   9.3499999999998451        0.0000000000000000     
   9.3599999999998449        0.0000000000000000     
   9.3699999999998447        0.0000000000000000     
   9.3799999999998445        0.0000000000000000     
   9.3899999999998442        0.0000000000000000     
   9.3999999999998440        0.0000000000000000     
   9.4099999999998438        0.0000000000000000     
   9.4199999999998436        0.0000000000000000     
   9.4299999999998434        0.0000000000000000     
   9.4399999999998432        0.0000000000000000     
   9.4499999999998430        0.0000000000000000     
   9.4599999999998428        0.0000000000000000     
   9.4699999999998425        0.0000000000000000     
   9.4799999999998423        0.0000000000000000     
   9.4899999999998421        0.0000000000000000     
   9.4999999999998419        0.0000000000000000     
   9.5099999999998417        0.0000000000000000     
   9.5199999999998415        0.0000000000000000     
   9.5299999999998413        0.0000000000000000     
   9.5399999999998411        0.0000000000000000     
   9.5499999999998408        0.0000000000000000     
   9.5599999999998406        0.0000000000000000     
   9.5699999999998404        0.0000000000000000     
   9.5799999999998402        0.0000000000000000     
   9.5899999999998400        0.0000000000000000     
   9.5999999999998398        0.0000000000000000     
   9.6099999999998396        0.0000000000000000     
   9.6199999999998393        0.0000000000000000     
   9.6299999999998391        0.0000000000000000     
   9.6399999999998389        0.0000000000000000     
   9.6499999999998387        0.0000000000000000     
   9.6599999999998385        0.0000000000000000     
   9.6699999999998383        0.0000000000000000     
   9.6799999999998381        0.0000000000000000     
   9.6899999999998379        0.0000000000000000     
   9.6999999999998376        0.0000000000000000     
   9.7099999999998374        0.0000000000000000     
   9.7199999999998372        0.0000000000000000     
   9.7299999999998370        0.0000000000000000     
   9.7399999999998368        0.0000000000000000     
   9.7499999999998366        0.0000000000000000     
   9.7599999999998364        0.0000000000000000     
   9.7699999999998361        0.0000000000000000     
   9.7799999999998359        0.0000000000000000     
   9.7899999999998357        0.0000000000000000     
   9.7999999999998355        0.0000000000000000     
   9.8099999999998353        0.0000000000000000     
   9.8199999999998351        0.0000000000000000     
   9.8299999999998349        0.0000000000000000     
   9.8399999999998347        0.0000000000000000     
   9.8499999999998344        0.0000000000000000     
   9.8599999999998342        0.0000000000000000     
   9.8699999999998340        0.0000000000000000     
   9.8799999999998338        0.0000000000000000     
   9.8899999999998336        0.0000000000000000     
   9.8999999999998334        0.0000000000000000     
   9.9099999999998332        0.0000000000000000     
   9.9199999999998330        0.0000000000000000     
   9.9299999999998327        0.0000000000000000     
   9.9399999999998325        0.0000000000000000     
   9.9499999999998323        0.0000000000000000     
   9.9599999999998321        0.0000000000000000     
   9.9699999999998319        0.0000000000000000     
   9.9799999999998317        0.0000000000000000     
   9.9899999999998315        0.0000000000000000     
   9.9999999999998312        0.0000000000000000     
