   0.0000000000000000        1.2698852012764767     
   1.0000000000000000E-002   1.2605844648627638     
   2.0000000000000000E-002   1.2331831534528597     
   2.9999999999999999E-002   1.1891282767248272     
   4.0000000000000001E-002   1.1306572145690359     
   5.0000000000000003E-002   1.0605719167156371     
   6.0000000000000005E-002  0.98198206250627162     
   7.0000000000000007E-002  0.89805458276669714     
   8.0000000000000002E-002  0.81179789509948341     
   8.9999999999999997E-002  0.72589740199477004     
   9.9999999999999992E-002  0.64260795616409150     
  0.10999999999999999       0.56370090773943338     
  0.11999999999999998       0.49045824396789711     
  0.12999999999999998       0.42370366351690203     
  0.13999999999999999       0.36385950699963404     
  0.14999999999999999       0.31101877718052695     
  0.16000000000000000       0.26502270339468498     
  0.17000000000000001       0.22553618402253606     
  0.18000000000000002       0.19211569209123730     
  0.19000000000000003       0.16426651906182468     
  0.20000000000000004       0.14148824819013056     
  0.21000000000000005       0.12330887965558876     
  0.22000000000000006       0.10930899878226459     
  0.23000000000000007        9.9137828829802765E-002
  0.24000000000000007        9.2523052878624501E-002
  0.25000000000000006        8.9276056329482906E-002
  0.26000000000000006        8.9293846392339185E-002
  0.27000000000000007        9.2558430023388691E-002
  0.28000000000000008        9.9133927520625220E-002
  0.29000000000000009       0.10916119408348626     
  0.30000000000000010       0.12284923701810536     
  0.31000000000000011       0.14046227987540094     
  0.32000000000000012       0.16230098551227035     
  0.33000000000000013       0.18867618707662531     
  0.34000000000000014       0.21987360084451302     
  0.35000000000000014       0.25610854137618932     
  0.36000000000000015       0.29747075800979217     
  0.37000000000000016       0.34386124864076772     
  0.38000000000000017       0.39492527133112182     
  0.39000000000000018       0.44998859410387876     
  0.40000000000000019       0.50800689027183843     
  0.41000000000000020       0.56754038753179015     
  0.42000000000000021       0.62676640081962165     
  0.43000000000000022       0.68354011282751503     
  0.44000000000000022       0.73550820153292318     
  0.45000000000000023       0.78027098742942846     
  0.46000000000000024       0.81557843382310291     
  0.47000000000000025       0.83953635726399967     
  0.48000000000000026       0.85079427236355198     
  0.49000000000000027       0.84868684180474163     
  0.50000000000000022       0.83330677745793946     
  0.51000000000000023       0.80549704305932190     
  0.52000000000000024       0.76676271603940949     
  0.53000000000000025       0.71911584742044821     
  0.54000000000000026       0.66487747823531618     
  0.55000000000000027       0.60646686059836086     
  0.56000000000000028       0.54620725881520771     
  0.57000000000000028       0.48617101166973786     
  0.58000000000000029       0.42807633344322754     
  0.59000000000000030       0.37323780589265904     
  0.60000000000000031       0.32256415847238329     
  0.61000000000000032       0.27659191169056635     
  0.62000000000000033       0.23554174216029675     
  0.63000000000000034       0.19938528460433608     
  0.64000000000000035       0.16791252840107457     
  0.65000000000000036       0.14079305078365861     
  0.66000000000000036       0.11762732167478858     
  0.67000000000000037        9.7986760903576872E-002
  0.68000000000000038        8.1442941895057602E-002
  0.69000000000000039        6.7587337196671801E-002
  0.70000000000000040        5.6043429418773910E-002
  0.71000000000000041        4.6473045474373365E-002
  0.72000000000000042        3.8578577592363252E-002
  0.73000000000000043        3.2102458330083662E-002
  0.74000000000000044        2.6824941485306876E-002
  0.75000000000000044        2.2560952865664830E-002
  0.76000000000000045        1.9156533930901307E-002
  0.77000000000000046        1.6485211039936401E-002
  0.78000000000000047        1.4444478205904662E-002
  0.79000000000000048        1.2952473380446954E-002
  0.80000000000000049        1.1944848689958517E-002
  0.81000000000000050        1.1371776798394554E-002
  0.82000000000000051        1.1194994821440039E-002
  0.83000000000000052        1.1384764125763978E-002
  0.84000000000000052        1.1916623692803672E-002
  0.85000000000000053        1.2767845876218695E-002
  0.86000000000000054        1.3913578601007733E-002
  0.87000000000000055        1.5322787879863870E-002
  0.88000000000000056        1.6954299385949209E-002
  0.89000000000000057        1.8753455650178837E-002
  0.90000000000000058        2.0650101651973743E-002
  0.91000000000000059        2.2558697126569494E-002
  0.92000000000000060        2.4381226962915534E-002
  0.93000000000000060        2.6013173329355488E-002
  0.94000000000000061        2.7352150276506153E-002
  0.95000000000000062        2.8308041425351239E-002
  0.96000000000000063        2.8812886135783113E-002
  0.97000000000000064        2.8828590755443795E-002
  0.98000000000000065        2.8350920942472525E-002
  0.99000000000000066        2.7409056486568672E-002
   1.0000000000000007        2.6060974783810645E-002
   1.0100000000000007        2.4385746776958594E-002
   1.0200000000000007        2.2474268170485295E-002
   1.0300000000000007        2.0419975969208113E-002
   1.0400000000000007        1.8310816326523687E-002
   1.0500000000000007        1.6223279893428928E-002
   1.0600000000000007        1.4218833100892812E-002
   1.0700000000000007        1.2342642583699088E-002
   1.0800000000000007        1.0624178168806658E-002
   1.0900000000000007        9.0791175722457866E-003
   1.1000000000000008        7.7119573501589662E-003
   1.1100000000000008        6.5188224805392738E-003
   1.1200000000000008        5.4901100935419262E-003
   1.1300000000000008        4.6127536407678076E-003
   1.1400000000000008        3.8720208777765245E-003
   1.1500000000000008        3.2528486398376941E-003
   1.1600000000000008        2.7407699510199066E-003
   1.1700000000000008        2.3225119677917770E-003
   1.1800000000000008        1.9863464606041993E-003
   1.1900000000000008        1.7222666091024864E-003
   1.2000000000000008        1.5220511339653147E-003
   1.2100000000000009        1.3792632493630089E-003
   1.2200000000000009        1.2892197171617476E-003
   1.2300000000000009        1.2489552094333846E-003
   1.2400000000000009        1.2571993873053398E-003
   1.2500000000000009        1.3143782728713813E-003
   1.2600000000000009        1.4226471696268885E-003
   1.2700000000000009        1.5859591023328038E-003
   1.2800000000000009        1.8101700396893363E-003
   1.2900000000000009        2.1031796625032816E-003
   1.3000000000000009        2.4751038526839571E-003
   1.3100000000000009        2.9384722949130581E-003
   1.3200000000000010        3.5084416017297170E-003
   1.3300000000000010        4.2030115410496951E-003
   1.3400000000000010        5.0432297029871075E-003
   1.3500000000000010        6.0533688807560210E-003
   1.3600000000000010        7.2610615613983021E-003
   1.3700000000000010        8.6973759248490379E-003
   1.3800000000000010        1.0396813482467503E-002
   1.3900000000000010        1.2397191886963069E-002
   1.4000000000000010        1.4739335863111316E-002
   1.4100000000000010        1.7466422907463416E-002
   1.4200000000000010        2.0622715401274479E-002
   1.4300000000000010        2.4251274798911541E-002
   1.4400000000000011        2.8390145084422998E-002
   1.4500000000000011        3.3066490159964879E-002
   1.4600000000000011        3.8288362377330847E-002
   1.4700000000000011        4.4034233391985034E-002
   1.4800000000000011        5.0241140837233945E-002
   1.4900000000000011        5.6793214105972427E-002
   1.5000000000000011        6.3513254223143994E-002
   1.5100000000000011        7.0160660452151927E-002
   1.5200000000000011        7.6438939723868796E-002
   1.5300000000000011        8.2014939165118303E-002
   1.5400000000000011        8.6549655661804684E-002
   1.5500000000000012        8.9737304303149801E-002
   1.5600000000000012        9.1346151686261076E-002
   1.5700000000000012        9.1252708187597481E-002
   1.5800000000000012        8.9461329444092019E-002
   1.5900000000000012        8.6104376477019323E-002
   1.6000000000000012        8.1422934807803937E-002
   1.6100000000000012        7.5732947946867177E-002
   1.6200000000000012        6.9384721929032958E-002
   1.6300000000000012        6.2724195439880753E-002
   1.6400000000000012        5.6062420113704103E-002
   1.6500000000000012        4.9656489631653956E-002
   1.6600000000000013        4.3701999592821707E-002
   1.6700000000000013        3.8334911121036354E-002
   1.6800000000000013        3.3639711501449836E-002
   1.6900000000000013        2.9660809172613874E-002
   1.7000000000000013        2.6414746750165995E-002
   1.7100000000000013        2.3901660132153269E-002
   1.7200000000000013        2.2115182893241204E-002
   1.7300000000000013        2.1050568182073504E-002
   1.7400000000000013        2.0711156419661612E-002
   1.7500000000000013        2.1113492742498779E-002
   1.7600000000000013        2.2291446335771421E-002
   1.7700000000000014        2.4299652209376646E-002
   1.7800000000000014        2.7216518261731801E-002
   1.7900000000000014        3.1146935920625150E-002
   1.8000000000000014        3.6224708673208275E-002
   1.8100000000000014        4.2614568958169022E-002
   1.8200000000000014        5.0513485629826452E-002
   1.8300000000000014        6.0150766734625188E-002
   1.8400000000000014        7.1786235162629788E-002
   1.8500000000000014        8.5705507193863481E-002
   1.8600000000000014       0.10221116221243084     
   1.8700000000000014       0.12160840686911496     
   1.8800000000000014       0.14418379185244953     
   1.8900000000000015       0.17017575308096858     
   1.9000000000000015       0.19973637059829119     
   1.9100000000000015       0.23288492418924400     
   1.9200000000000015       0.26945568776561629     
   1.9300000000000015       0.30904492536311640     
   1.9400000000000015       0.35096495181001841     
   1.9500000000000015       0.39421573782274499     
   1.9600000000000015       0.43748579815346739     
   1.9700000000000015       0.47919273653772926     
   1.9800000000000015       0.51756893064332965     
   1.9900000000000015       0.55078962779171525     
   2.0000000000000013       0.57713095297295158     
   2.0100000000000011       0.59513695347509465     
   2.0200000000000009       0.60377067731916567     
   2.0300000000000007       0.60252574796018743     
   2.0400000000000005       0.59148126812791813     
   2.0500000000000003       0.57129217978136237     
   2.0600000000000001       0.54311733890223235     
   2.0699999999999998       0.50849693111841643     
   2.0799999999999996       0.46919814768360035     
   2.0899999999999994       0.42705199108645203     
   2.0999999999999992       0.38380373758963010     
   2.1099999999999990       0.34099494987256368     
   2.1199999999999988       0.29988726743643418     
   2.1299999999999986       0.26142965817229852     
   2.1399999999999983       0.22626358644364811     
   2.1499999999999981       0.19475607817405968     
   2.1599999999999979       0.16704927464489436     
   2.1699999999999977       0.14311616870323957     
   2.1799999999999975       0.12281475703311545     
   2.1899999999999973       0.10593578433114779     
   2.1999999999999971        9.2241868068763957E-002
   2.2099999999999969        8.1497719557312831E-002
   2.2199999999999966        7.3492362158601651E-002
   2.2299999999999964        6.8054808627012020E-002
   2.2399999999999962        6.5064776433849447E-002
   2.2499999999999960        6.4459862527980125E-002
   2.2599999999999958        6.6240294690264115E-002
   2.2699999999999956        7.0472004677452321E-002
   2.2799999999999954        7.7288367190899571E-002
   2.2899999999999952        8.6890528833719852E-002
   2.2999999999999949        9.9545808042162578E-002
   2.3099999999999947       0.11558317450371856     
   2.3199999999999945       0.13538432074266329     
   2.3299999999999943       0.15936835409428010     
   2.3399999999999941       0.18796774625846605     
   2.3499999999999939       0.22159302794139485     
   2.3599999999999937       0.26058403116563306     
   2.3699999999999934       0.30514654591756668     
   2.3799999999999932       0.35527535579866781     
   2.3899999999999930       0.41066791063663571     
   2.3999999999999928       0.47063723922330891     
   2.4099999999999926       0.53403746526412232     
   2.4199999999999924       0.59921925152259947     
   2.4299999999999922       0.66403403173215259     
   2.4399999999999920       0.72590341595762342     
   2.4499999999999917       0.78196279404405644     
   2.4599999999999915       0.82927627242332713     
   2.4699999999999913       0.86510537929332787     
   2.4799999999999911       0.88719924078449852     
   2.4899999999999909       0.89406260450058139     
   2.4999999999999907       0.88515392652716407     
   2.5099999999999905       0.86097211938577101     
   2.5199999999999902       0.82300880726559755     
   2.5299999999999900       0.77357021212174248     
   2.5399999999999898       0.71550150706100846     
   2.5499999999999896       0.65186688135232085     
   2.5599999999999894       0.58564361095920148     
   2.5699999999999892       0.51947749195564075     
   2.5799999999999890       0.45552579067597632     
   2.5899999999999888       0.39539091661350206     
   2.5999999999999885       0.34013040048062254     
   2.6099999999999883       0.29031966686002447     
   2.6199999999999881       0.24614297404381463     
   2.6299999999999879       0.20749205814782903     
   2.6399999999999877       0.17405840408203638     
   2.6499999999999875       0.14541135788380508     
   2.6599999999999873       0.12105925026563552     
   2.6699999999999871       0.10049397141650600     
   2.6799999999999868        8.3221208419485618E-002
   2.6899999999999866        6.8779232105866464E-002
   2.6999999999999864        5.6749113079808587E-002
   2.7099999999999862        4.6758885808432245E-002
   2.7199999999999860        3.8483687478626918E-002
   2.7299999999999858        3.1643404833344789E-002
   2.7399999999999856        2.5998931102037031E-002
   2.7499999999999853        2.1347788573971026E-002
   2.7599999999999851        1.7519609605441095E-002
   2.7699999999999849        1.4371778465866496E-002
   2.7799999999999847        1.1785403993568677E-002
   2.7899999999999845        9.6617043827031384E-003
   2.7999999999999843        7.9188285208354834E-003
   2.8099999999999841        6.4891036946668939E-003
   2.8199999999999839        5.3166800094862068E-003
   2.8299999999999836        4.3555323171577216E-003
   2.8399999999999834        3.5677772081026821E-003
   2.8499999999999832        2.9222632070396624E-003
   2.8599999999999830        2.3933949952023594E-003
   2.8699999999999828        1.9601562372486355E-003
   2.8799999999999826        1.6052997824763755E-003
   2.8899999999999824        1.3146780732902533E-003
   2.8999999999999821        1.0766905477215454E-003
   2.9099999999999819        8.8182825516965990E-004
   2.9199999999999817        7.2229906910934393E-004
   2.9299999999999815        5.9171955390122284E-004
   2.9399999999999813        4.8486186223201469E-004
   2.9499999999999811        3.9744597208184293E-004
   2.9599999999999809        3.2596931250326535E-004
   2.9699999999999807        2.6756712276486199E-004
   2.9799999999999804        2.1989809295256408E-004
   2.9899999999999802        1.8105082304263297E-004
   2.9999999999999800        1.4946739055658533E-004
   3.0099999999999798        1.2388102140187751E-004
   3.0199999999999796        1.0326534740243299E-004
   3.0299999999999794        8.6793336959452874E-005
   3.0399999999999792        7.3804125846266161E-005
   3.0499999999999790        6.3776543905629988E-005
   3.0599999999999787        5.6308226155270262E-005
   3.0699999999999785        5.1099458558682379E-005
   3.0799999999999783        4.7941168921565897E-005
   3.0899999999999781        4.6706523573437165E-005
   3.0999999999999779        4.7345826732856763E-005
   3.1099999999999777        4.9884503619476999E-005
   3.1199999999999775        5.4424075601479110E-005
   3.1299999999999772        6.1146191259630462E-005
   3.1399999999999770        7.0319807521677973E-005
   3.1499999999999768        8.2311871511256749E-005
   3.1599999999999766        9.7601838072763791E-005
   3.1699999999999764        1.1680061278898921E-004
   3.1799999999999762        1.4067463838649159E-004
   3.1899999999999760        1.7017598813961742E-004
   3.1999999999999758        2.0647960020482052E-004
   3.2099999999999755        2.5102896768129049E-004
   3.2199999999999753        3.0559189533913234E-004
   3.2299999999999751        3.7232820883837113E-004
   3.2399999999999749        4.5387162568263884E-004
   3.2499999999999747        5.5342828397324532E-004
   3.2599999999999745        6.7489478287652955E-004
   3.2699999999999743        8.2299877501753270E-004
   3.2799999999999740        1.0034653041553954E-003
   3.2899999999999738        1.2232119226231559E-003
   3.2999999999999736        1.4905751174556345E-003
   3.3099999999999734        1.8155693928258538E-003
   3.3199999999999732        2.2101781475994888E-003
   3.3299999999999730        2.6886718163484655E-003
   3.3399999999999728        3.2679428466723575E-003
   3.3499999999999726        3.9678380930290918E-003
   3.3599999999999723        4.8114560411995563E-003
   3.3699999999999721        5.8253575860348957E-003
   3.3799999999999719        7.0396137176213314E-003
   3.3899999999999717        8.4875806120994039E-003
   3.3999999999999715        1.0205252820378140E-002
   3.4099999999999713        1.2230001572209400E-002
   3.4199999999999711        1.4598465549122636E-002
   3.4299999999999708        1.7343340867727673E-002
   3.4399999999999706        2.0488840467870917E-002
   3.4499999999999704        2.4044696675611783E-002
   3.4599999999999702        2.7998807868539498E-002
   3.4699999999999700        3.2309018682558789E-002
   3.4799999999999698        3.6895079205938423E-002
   3.4899999999999696        4.1632485449978149E-002
   3.4999999999999694        4.6350480504673428E-002
   3.5099999999999691        5.0836686481548495E-002
   3.5199999999999689        5.4850274644492450E-002
   3.5299999999999687        5.8144013479741088E-002
   3.5399999999999685        6.0493077303519396E-002
   3.5499999999999683        6.1725814487637067E-002
   3.5599999999999681        6.1749872834007055E-002
   3.5699999999999679        6.0567229739346758E-002
   3.5799999999999677        5.8274134649016672E-002
   3.5899999999999674        5.5045995731680619E-002
   3.5999999999999672        5.1111255324093802E-002
   3.6099999999999670        4.6720729151510314E-002
   3.6199999999999668        4.2119002933751780E-002
   3.6299999999999666        3.7522658661973685E-002
   3.6399999999999664        3.3107416100158382E-002
   3.6499999999999662        2.9003828058238094E-002
   3.6599999999999659        2.5299615713902286E-002
   3.6699999999999657        2.2046181571490839E-002
   3.6799999999999655        1.9267037768785373E-002
   3.6899999999999653        1.6966469189508105E-002
   3.6999999999999651        1.5137409086906386E-002
   3.7099999999999649        1.3768060594585758E-002
   3.7199999999999647        1.2847185431375606E-002
   3.7299999999999645        1.2368207372196491E-002
   3.7399999999999642        1.2332380536122270E-002
   3.7499999999999640        1.2751293688670139E-002
   3.7599999999999638        1.3648956494443754E-002
   3.7699999999999636        1.5063665016664786E-002
   3.7799999999999634        1.7049784580928859E-002
   3.7899999999999632        1.9679522754989763E-002
   3.7999999999999630        2.3044692510526332E-002
   3.8099999999999627        2.7258380752807551E-002
   3.8199999999999625        3.2456333204340861E-002
   3.8299999999999623        3.8797735487531682E-002
   3.8399999999999621        4.6464906004625758E-002
   3.8499999999999619        5.5661217854393874E-002
   3.8599999999999617        6.6606344193597289E-002
   3.8699999999999615        7.9527703192624977E-002
   3.8799999999999613        9.4646823973076971E-002
   3.8899999999999610       0.11215936388606473     
   3.8999999999999608       0.13220782593595432     
   3.9099999999999606       0.15484683140047031     
   3.9199999999999604       0.18000225965146058     
   3.9299999999999602       0.20742772648780822     
   3.9399999999999600       0.23666453415776662     
   3.9499999999999598       0.26701380454897117     
   3.9599999999999596       0.29753100523540643     
   3.9699999999999593       0.32705231016288677     
   3.9799999999999591       0.35425834902785025     
   3.9899999999999589       0.37777402247467518     
   3.9999999999999587       0.39629467161760595     
   4.0099999999999589       0.40872145969493878     
   4.0199999999999587       0.41428476406908654     
   4.0299999999999585       0.41263495231331154     
   4.0399999999999583       0.40388489023844659     
   4.0499999999999581       0.38859665860053394     
   4.0599999999999579       0.36771463870583332     
   4.0699999999999577       0.34245658926302669     
   4.0799999999999574       0.31418156012720583     
   4.0899999999999572       0.28425656911281749     
   4.0999999999999570       0.25394198880465624     
   4.1099999999999568       0.22430930499075122     
   4.1199999999999566       0.19619653381558677     
   4.1299999999999564       0.17019876921097088     
   4.1399999999999562       0.14668601585105540     
   4.1499999999999559       0.12583830298059429     
   4.1599999999999557       0.10768858762669728     
   4.1699999999999555        9.2166076285623996E-002
   4.1799999999999553        7.9135240507146251E-002
   4.1899999999999551        6.8428209695050340E-002
   4.1999999999999549        5.9870022462450011E-002
   4.2099999999999547        5.3297342161510240E-002
   4.2199999999999545        4.8571801785372903E-002
   4.2299999999999542        4.5589306723204867E-002
   4.2399999999999540        4.4286549492986792E-002
   4.2499999999999538        4.4645797717820644E-002
   4.2599999999999536        4.6698780595124070E-002
   4.2699999999999534        5.0530258406675535E-002
   4.2799999999999532        5.6281626258511790E-002
   4.2899999999999530        6.4154671516463341E-002
   4.2999999999999527        7.4415357551849304E-002
   4.3099999999999525        8.7397221124131910E-002
   4.3199999999999523       0.10350362065220813     
   4.3299999999999521       0.12320763314710176     
   4.3399999999999519       0.14704785323776728     
   4.3499999999999517       0.17561770532229048     
   4.3599999999999515       0.20954518983237330     
   4.3699999999999513       0.24945937162459428     
   4.3799999999999510       0.29593961981610228     
   4.3899999999999508       0.34944400784871488     
   4.3999999999999506       0.41021491457328263     
   4.4099999999999504       0.47816334364547136     
   4.4199999999999502       0.55273927612799811     
   4.4299999999999500       0.63280343298867858     
   4.4399999999999498       0.71652501514091449     
   4.4499999999999496       0.80133763078489850     
   4.4599999999999493       0.88398756921654986     
   4.4699999999999491       0.96070039442747157     
   4.4799999999999489        1.0274711833605608     
   4.4899999999999487        1.0804532042905266     
   4.4999999999999485        1.1163880740153387     
   4.5099999999999483        1.1329997164369932     
   4.5199999999999481        1.1292747484766661     
   4.5299999999999478        1.1055749824501879     
   4.5399999999999476        1.0635655663033434     
   4.5499999999999474        1.0059815691836034     
   4.5599999999999472       0.93628484840463233     
   4.5699999999999470       0.85827614348416115     
   4.5799999999999468       0.77572492576426888     
   4.5899999999999466       0.69206554737712145     
   4.5999999999999464       0.61018794207667815     
   4.6099999999999461       0.53232986407772387     
   4.6199999999999459       0.46005995956106571     
   4.6299999999999457       0.39432974029843371     
   4.6399999999999455       0.33556846830774240     
   4.6499999999999453       0.28379680397912044     
   4.6599999999999451       0.23874048517222635     
   4.6699999999999449       0.19993190636894406     
   4.6799999999999446       0.16679350506984597     
   4.6899999999999444       0.13870143481652170     
   4.6999999999999442       0.11503091674072009     
   4.7099999999999440        9.5186149342123147E-002
   4.7199999999999438        7.8618122128300619E-002
   4.7299999999999436        6.4833521740843447E-002
   4.7399999999999434        5.3397452462019837E-002
   4.7499999999999432        4.3932126694626754E-002
   4.7599999999999429        3.6113136111494283E-002
   4.7699999999999427        2.9664448050069667E-002
   4.7799999999999425        2.4352901877278336E-002
   4.7899999999999423        1.9982702278743585E-002
   4.7999999999999421        1.6390206955198331E-002
   4.8099999999999419        1.3439168628969851E-002
   4.8199999999999417        1.1016500114236378E-002
   4.8299999999999415        9.0285735871148513E-003
   4.8399999999999412        7.3980308439683820E-003
   4.8499999999999410        6.0610627677725746E-003
   4.8599999999999408        4.9651078432653281E-003
   4.8699999999999406        4.0669176193203274E-003
   4.8799999999999404        3.3309388475876618E-003
   4.8899999999999402        2.7279659207818780E-003
   4.8999999999999400        2.2340220993764611E-003
   4.9099999999999397        1.8294330981764345E-003
   4.9199999999999395        1.4980615721722442E-003
   4.9299999999999393        1.2266756524795480E-003
   4.9399999999999391        1.0044287629783352E-003
   4.9499999999999389        8.2243159366194370E-004
   4.9599999999999387        6.7340023605503001E-004
   4.9699999999999385        5.5136713466807496E-004
   4.9799999999999383        4.5144378967652707E-004
   4.9899999999999380        3.6962603796982771E-004
   4.9999999999999378        3.0263434183602089E-004
   5.0099999999999376        2.4778284001673260E-004
   5.0199999999999374        2.0287198653376839E-004
   5.0299999999999372        1.6610058856645086E-004
   5.0399999999999370        1.3599370714110310E-004
   5.0499999999999368        1.1134360176265016E-004
   5.0599999999999365        9.1161351554179421E-005
   5.0699999999999363        7.4637218621774625E-005
   5.0799999999999361        6.1108199688713426E-005
   5.0899999999999359        5.0031439460663697E-005
   5.0999999999999357        4.0962463729580016E-005
   5.1099999999999355        3.3537353138937473E-005
   5.1199999999999353        2.7458145230885285E-005
   5.1299999999999351        2.2480884471327943E-005
   5.1399999999999348        1.8405828986084680E-005
   5.1499999999999346        1.5069443330690639E-005
   5.1599999999999344        1.2337833618128488E-005
   5.1699999999999342        1.0101375382486870E-005
   5.1799999999999340        8.2703140802505486E-006
   5.1899999999999338        6.7711658568154965E-006
   5.1999999999999336        5.5437647643626451E-006
   5.2099999999999334        4.5388531118138315E-006
   5.2199999999999331        3.7160998126282994E-006
   5.2299999999999329        3.0424858189417741E-006
   5.2399999999999327        2.4909775283765499E-006
   5.2499999999999325        2.0394407665930478E-006
   5.2599999999999323        1.6697530474539435E-006
   5.2699999999999321        1.3670786110774150E-006
   5.2799999999999319        1.1192691775178375E-006
   5.2899999999999316        9.1638032812136535E-007
   5.2999999999999314        7.5026872756770636E-007
   5.3099999999999312        6.1426791132573462E-007
   5.3199999999999310        5.0291955684897062E-007
   5.3299999999999308        4.1175629105094185E-007
   5.3399999999999306        3.3711791412386125E-007
   5.3499999999999304        2.7600846860040702E-007
   5.3599999999999302        2.2597682869650905E-007
   5.3699999999999299        1.8501384705472790E-007
   5.3799999999999297        1.5147664027334327E-007
   5.3899999999999295        1.2401852149592046E-007
   5.3999999999999293        1.0153782049923213E-007
   5.4099999999999291        8.3132953925763120E-008
   5.4199999999999289        6.8063389292924150E-008
   5.4299999999999287        5.5725055608402126E-008
   5.4399999999999284        4.5624026971875671E-008
   5.4499999999999282        3.7353715029832365E-008
   5.4599999999999280        3.0582752467193738E-008
   5.4699999999999278        2.5038791974618860E-008
   5.4799999999999276        2.0500090483637179E-008
   5.4899999999999274        1.6784352110291634E-008
   5.4999999999999272        1.3741052538971503E-008
   5.5099999999999270        1.1251000415775566E-008
   5.5199999999999267        9.2113424840708677E-009
   5.5299999999999265        7.5415670128525205E-009
   5.5399999999999263        6.1745123606626393E-009
   5.5499999999999261        5.0548318523570418E-009
   5.5599999999999259        4.1389115403603124E-009
   5.5699999999999257        3.3884007567542025E-009
   5.5799999999999255        2.7744611150841491E-009
   5.5899999999999253        2.2715163657664121E-009
   5.5999999999999250        1.8596099067677533E-009
   5.6099999999999248        1.5224858795638569E-009
   5.6199999999999246        1.2464104137994889E-009
   5.6299999999999244        1.0206650597562283E-009
   5.6399999999999242        8.3562788431093728E-010
   5.6499999999999240        6.8389740044579533E-010
   5.6599999999999238        5.5993619935489369E-010
   5.6699999999999235        4.5870030470016005E-010
   5.6799999999999233        3.7561175969650194E-010
   5.6899999999999231        3.0754549204751553E-010
   5.6999999999999229        2.5165055860559777E-010
   5.7099999999999227        2.0630959739277963E-010
   5.7199999999999225        1.6875390400610544E-010
   5.7299999999999223        1.3785954893546181E-010
   5.7399999999999221        1.1285897056418782E-010
   5.7499999999999218        9.2518587722646244E-011
   5.7599999999999216        7.6043425879294280E-011
   5.7699999999999214        6.2172490949618394E-011
   5.7799999999999212        5.1070260422900210E-011
   5.7899999999999210        4.1804695193195796E-011
   5.7999999999999208        3.4046840281933861E-011
   5.8099999999999206        2.7741869859353265E-011
   5.8199999999999203        2.2560828946885115E-011
   5.8299999999999201        1.8503717544529069E-011
   5.8399999999999199        1.5351232333239094E-011
   5.8499999999999197        1.2582527930279776E-011
   5.8599999999999195        1.0362081824936450E-011
   5.8699999999999193        8.1416357195928548E-012
   5.8799999999999191        7.2095966136462441E-012
   5.8899999999999189        5.7292992100838666E-012
   5.8999999999999186        4.4408922106870331E-012
   5.9099999999999184        4.2490018065215610E-012
   5.9199999999999182        3.1524852112901669E-012
   5.9299999999999180        2.2204461053435165E-012
   5.9399999999999178        2.2204461053435165E-012
   5.9499999999999176        1.6721878077278199E-012
   5.9599999999999174        1.4802974035623324E-012
   5.9699999999999172        1.2884069993968448E-012
   5.9799999999999169        9.3203910594665375E-013
   5.9899999999999167        7.4014870178116622E-013
   5.9999999999999165        1.9189040416548752E-013
   6.0099999999999163        7.4014870178116622E-013
   6.0199999999999161        5.4825829761567870E-013
   6.0299999999999159        1.9189040416548752E-013
   6.0399999999999157        1.9189040416548752E-013
   6.0499999999999154        0.0000000000000000     
   6.0599999999999152        0.0000000000000000     
   6.0699999999999150        0.0000000000000000     
   6.0799999999999148        0.0000000000000000     
   6.0899999999999146        0.0000000000000000     
   6.0999999999999144        0.0000000000000000     
   6.1099999999999142        0.0000000000000000     
   6.1199999999999140        0.0000000000000000     
   6.1299999999999137        0.0000000000000000     
   6.1399999999999135        0.0000000000000000     
   6.1499999999999133        0.0000000000000000     
   6.1599999999999131        0.0000000000000000     
   6.1699999999999129        0.0000000000000000     
   6.1799999999999127        1.9189040416548752E-013
   6.1899999999999125        0.0000000000000000     
   6.1999999999999122        0.0000000000000000     
   6.2099999999999120        0.0000000000000000     
   6.2199999999999118        0.0000000000000000     
   6.2299999999999116        0.0000000000000000     
   6.2399999999999114        0.0000000000000000     
   6.2499999999999112        0.0000000000000000     
   6.2599999999999110        0.0000000000000000     
   6.2699999999999108        0.0000000000000000     
   6.2799999999999105        0.0000000000000000     
   6.2899999999999103        0.0000000000000000     
   6.2999999999999101        0.0000000000000000     
   6.3099999999999099        0.0000000000000000     
   6.3199999999999097        0.0000000000000000     
   6.3299999999999095        0.0000000000000000     
   6.3399999999999093        0.0000000000000000     
   6.3499999999999091        0.0000000000000000     
   6.3599999999999088        0.0000000000000000     
   6.3699999999999086        0.0000000000000000     
   6.3799999999999084        0.0000000000000000     
   6.3899999999999082        0.0000000000000000     
   6.3999999999999080        0.0000000000000000     
   6.4099999999999078        0.0000000000000000     
   6.4199999999999076        0.0000000000000000     
   6.4299999999999073        0.0000000000000000     
   6.4399999999999071        0.0000000000000000     
   6.4499999999999069        0.0000000000000000     
   6.4599999999999067        0.0000000000000000     
   6.4699999999999065        0.0000000000000000     
   6.4799999999999063        0.0000000000000000     
   6.4899999999999061        0.0000000000000000     
   6.4999999999999059        0.0000000000000000     
   6.5099999999999056        0.0000000000000000     
   6.5199999999999054        0.0000000000000000     
   6.5299999999999052        0.0000000000000000     
   6.5399999999999050        0.0000000000000000     
   6.5499999999999048        0.0000000000000000     
   6.5599999999999046        0.0000000000000000     
   6.5699999999999044        0.0000000000000000     
   6.5799999999999041        0.0000000000000000     
   6.5899999999999039        0.0000000000000000     
   6.5999999999999037        0.0000000000000000     
   6.6099999999999035        0.0000000000000000     
   6.6199999999999033        0.0000000000000000     
   6.6299999999999031        0.0000000000000000     
   6.6399999999999029        0.0000000000000000     
   6.6499999999999027        0.0000000000000000     
   6.6599999999999024        0.0000000000000000     
   6.6699999999999022        0.0000000000000000     
   6.6799999999999020        0.0000000000000000     
   6.6899999999999018        0.0000000000000000     
   6.6999999999999016        0.0000000000000000     
   6.7099999999999014        0.0000000000000000     
   6.7199999999999012        0.0000000000000000     
   6.7299999999999010        0.0000000000000000     
   6.7399999999999007        0.0000000000000000     
   6.7499999999999005        0.0000000000000000     
   6.7599999999999003        0.0000000000000000     
   6.7699999999999001        0.0000000000000000     
   6.7799999999998999        0.0000000000000000     
   6.7899999999998997        0.0000000000000000     
   6.7999999999998995        0.0000000000000000     
   6.8099999999998992        0.0000000000000000     
   6.8199999999998990        0.0000000000000000     
   6.8299999999998988        0.0000000000000000     
   6.8399999999998986        0.0000000000000000     
   6.8499999999998984        0.0000000000000000     
   6.8599999999998982        0.0000000000000000     
   6.8699999999998980        0.0000000000000000     
   6.8799999999998978        0.0000000000000000     
   6.8899999999998975        0.0000000000000000     
   6.8999999999998973        0.0000000000000000     
   6.9099999999998971        0.0000000000000000     
   6.9199999999998969        0.0000000000000000     
   6.9299999999998967        0.0000000000000000     
   6.9399999999998965        0.0000000000000000     
   6.9499999999998963        0.0000000000000000     
   6.9599999999998960        0.0000000000000000     
   6.9699999999998958        0.0000000000000000     
   6.9799999999998956        0.0000000000000000     
   6.9899999999998954        0.0000000000000000     
   6.9999999999998952        0.0000000000000000     
   7.0099999999998950        0.0000000000000000     
   7.0199999999998948        0.0000000000000000     
   7.0299999999998946        0.0000000000000000     
   7.0399999999998943        0.0000000000000000     
   7.0499999999998941        0.0000000000000000     
   7.0599999999998939        0.0000000000000000     
   7.0699999999998937        0.0000000000000000     
   7.0799999999998935        0.0000000000000000     
   7.0899999999998933        0.0000000000000000     
   7.0999999999998931        0.0000000000000000     
   7.1099999999998929        0.0000000000000000     
   7.1199999999998926        0.0000000000000000     
   7.1299999999998924        0.0000000000000000     
   7.1399999999998922        0.0000000000000000     
   7.1499999999998920        0.0000000000000000     
   7.1599999999998918        0.0000000000000000     
   7.1699999999998916        0.0000000000000000     
   7.1799999999998914        0.0000000000000000     
   7.1899999999998911        0.0000000000000000     
   7.1999999999998909        0.0000000000000000     
   7.2099999999998907        0.0000000000000000     
   7.2199999999998905        0.0000000000000000     
   7.2299999999998903        0.0000000000000000     
   7.2399999999998901        0.0000000000000000     
   7.2499999999998899        0.0000000000000000     
   7.2599999999998897        0.0000000000000000     
   7.2699999999998894        0.0000000000000000     
   7.2799999999998892        0.0000000000000000     
   7.2899999999998890        0.0000000000000000     
   7.2999999999998888        0.0000000000000000     
   7.3099999999998886        0.0000000000000000     
   7.3199999999998884        0.0000000000000000     
   7.3299999999998882        0.0000000000000000     
   7.3399999999998879        0.0000000000000000     
   7.3499999999998877        0.0000000000000000     
   7.3599999999998875        0.0000000000000000     
   7.3699999999998873        0.0000000000000000     
   7.3799999999998871        0.0000000000000000     
   7.3899999999998869        0.0000000000000000     
   7.3999999999998867        0.0000000000000000     
   7.4099999999998865        0.0000000000000000     
   7.4199999999998862        0.0000000000000000     
   7.4299999999998860        0.0000000000000000     
   7.4399999999998858        0.0000000000000000     
   7.4499999999998856        0.0000000000000000     
   7.4599999999998854        0.0000000000000000     
   7.4699999999998852        0.0000000000000000     
   7.4799999999998850        0.0000000000000000     
   7.4899999999998847        0.0000000000000000     
   7.4999999999998845        0.0000000000000000     
   7.5099999999998843        0.0000000000000000     
   7.5199999999998841        0.0000000000000000     
   7.5299999999998839        0.0000000000000000     
   7.5399999999998837        0.0000000000000000     
   7.5499999999998835        0.0000000000000000     
   7.5599999999998833        0.0000000000000000     
   7.5699999999998830        0.0000000000000000     
   7.5799999999998828        0.0000000000000000     
   7.5899999999998826        0.0000000000000000     
   7.5999999999998824        0.0000000000000000     
   7.6099999999998822        0.0000000000000000     
   7.6199999999998820        0.0000000000000000     
   7.6299999999998818        0.0000000000000000     
   7.6399999999998816        0.0000000000000000     
   7.6499999999998813        0.0000000000000000     
   7.6599999999998811        0.0000000000000000     
   7.6699999999998809        0.0000000000000000     
   7.6799999999998807        0.0000000000000000     
   7.6899999999998805        0.0000000000000000     
   7.6999999999998803        0.0000000000000000     
   7.7099999999998801        0.0000000000000000     
   7.7199999999998798        0.0000000000000000     
   7.7299999999998796        0.0000000000000000     
   7.7399999999998794        0.0000000000000000     
   7.7499999999998792        0.0000000000000000     
   7.7599999999998790        0.0000000000000000     
   7.7699999999998788        0.0000000000000000     
   7.7799999999998786        0.0000000000000000     
   7.7899999999998784        0.0000000000000000     
   7.7999999999998781        0.0000000000000000     
   7.8099999999998779        0.0000000000000000     
   7.8199999999998777        0.0000000000000000     
   7.8299999999998775        0.0000000000000000     
   7.8399999999998773        0.0000000000000000     
   7.8499999999998771        0.0000000000000000     
   7.8599999999998769        0.0000000000000000     
   7.8699999999998766        0.0000000000000000     
   7.8799999999998764        0.0000000000000000     
   7.8899999999998762        0.0000000000000000     
   7.8999999999998760        0.0000000000000000     
   7.9099999999998758        0.0000000000000000     
   7.9199999999998756        0.0000000000000000     
   7.9299999999998754        0.0000000000000000     
   7.9399999999998752        0.0000000000000000     
   7.9499999999998749        0.0000000000000000     
   7.9599999999998747        0.0000000000000000     
   7.9699999999998745        0.0000000000000000     
   7.9799999999998743        0.0000000000000000     
   7.9899999999998741        0.0000000000000000     
   7.9999999999998739        0.0000000000000000     
   8.0099999999998737        0.0000000000000000     
   8.0199999999998735        0.0000000000000000     
   8.0299999999998732        0.0000000000000000     
   8.0399999999998730        0.0000000000000000     
   8.0499999999998728        0.0000000000000000     
   8.0599999999998726        0.0000000000000000     
   8.0699999999998724        0.0000000000000000     
   8.0799999999998722        0.0000000000000000     
   8.0899999999998720        0.0000000000000000     
   8.0999999999998717        0.0000000000000000     
   8.1099999999998715        0.0000000000000000     
   8.1199999999998713        0.0000000000000000     
   8.1299999999998711        0.0000000000000000     
   8.1399999999998709        0.0000000000000000     
   8.1499999999998707        0.0000000000000000     
   8.1599999999998705        0.0000000000000000     
   8.1699999999998703        0.0000000000000000     
   8.1799999999998700        0.0000000000000000     
   8.1899999999998698        0.0000000000000000     
   8.1999999999998696        0.0000000000000000     
   8.2099999999998694        0.0000000000000000     
   8.2199999999998692        0.0000000000000000     
   8.2299999999998690        0.0000000000000000     
   8.2399999999998688        0.0000000000000000     
   8.2499999999998685        0.0000000000000000     
   8.2599999999998683        0.0000000000000000     
   8.2699999999998681        0.0000000000000000     
   8.2799999999998679        0.0000000000000000     
   8.2899999999998677        0.0000000000000000     
   8.2999999999998675        0.0000000000000000     
   8.3099999999998673        0.0000000000000000     
   8.3199999999998671        0.0000000000000000     
   8.3299999999998668        0.0000000000000000     
   8.3399999999998666        0.0000000000000000     
   8.3499999999998664        0.0000000000000000     
   8.3599999999998662        0.0000000000000000     
   8.3699999999998660        0.0000000000000000     
   8.3799999999998658        0.0000000000000000     
   8.3899999999998656        0.0000000000000000     
   8.3999999999998654        0.0000000000000000     
   8.4099999999998651        0.0000000000000000     
   8.4199999999998649        0.0000000000000000     
   8.4299999999998647        0.0000000000000000     
   8.4399999999998645        0.0000000000000000     
   8.4499999999998643        0.0000000000000000     
   8.4599999999998641        0.0000000000000000     
   8.4699999999998639        0.0000000000000000     
   8.4799999999998636        0.0000000000000000     
   8.4899999999998634        0.0000000000000000     
   8.4999999999998632        0.0000000000000000     
   8.5099999999998630        0.0000000000000000     
   8.5199999999998628        0.0000000000000000     
   8.5299999999998626        0.0000000000000000     
   8.5399999999998624        0.0000000000000000     
   8.5499999999998622        0.0000000000000000     
   8.5599999999998619        0.0000000000000000     
   8.5699999999998617        0.0000000000000000     
   8.5799999999998615        0.0000000000000000     
   8.5899999999998613        0.0000000000000000     
   8.5999999999998611        0.0000000000000000     
   8.6099999999998609        0.0000000000000000     
   8.6199999999998607        0.0000000000000000     
   8.6299999999998604        0.0000000000000000     
   8.6399999999998602        0.0000000000000000     
   8.6499999999998600        0.0000000000000000     
   8.6599999999998598        0.0000000000000000     
   8.6699999999998596        0.0000000000000000     
   8.6799999999998594        0.0000000000000000     
   8.6899999999998592        0.0000000000000000     
   8.6999999999998590        0.0000000000000000     
   8.7099999999998587        0.0000000000000000     
   8.7199999999998585        0.0000000000000000     
   8.7299999999998583        0.0000000000000000     
   8.7399999999998581        0.0000000000000000     
   8.7499999999998579        0.0000000000000000     
   8.7599999999998577        0.0000000000000000     
   8.7699999999998575        0.0000000000000000     
   8.7799999999998573        0.0000000000000000     
   8.7899999999998570        0.0000000000000000     
   8.7999999999998568        0.0000000000000000     
   8.8099999999998566        0.0000000000000000     
   8.8199999999998564        0.0000000000000000     
   8.8299999999998562        0.0000000000000000     
   8.8399999999998560        0.0000000000000000     
   8.8499999999998558        0.0000000000000000     
   8.8599999999998555        0.0000000000000000     
   8.8699999999998553        0.0000000000000000     
   8.8799999999998551        0.0000000000000000     
   8.8899999999998549        0.0000000000000000     
   8.8999999999998547        0.0000000000000000     
   8.9099999999998545        0.0000000000000000     
   8.9199999999998543        0.0000000000000000     
   8.9299999999998541        0.0000000000000000     
   8.9399999999998538        0.0000000000000000     
   8.9499999999998536        0.0000000000000000     
   8.9599999999998534        0.0000000000000000     
   8.9699999999998532        0.0000000000000000     
   8.9799999999998530        0.0000000000000000     
   8.9899999999998528        0.0000000000000000     
   8.9999999999998526        0.0000000000000000     
   9.0099999999998523        0.0000000000000000     
   9.0199999999998521        0.0000000000000000     
   9.0299999999998519        0.0000000000000000     
   9.0399999999998517        0.0000000000000000     
   9.0499999999998515        0.0000000000000000     
   9.0599999999998513        0.0000000000000000     
   9.0699999999998511        0.0000000000000000     
   9.0799999999998509        0.0000000000000000     
   9.0899999999998506        0.0000000000000000     
   9.0999999999998504        0.0000000000000000     
   9.1099999999998502        0.0000000000000000     
   9.1199999999998500        0.0000000000000000     
   9.1299999999998498        0.0000000000000000     
   9.1399999999998496        0.0000000000000000     
   9.1499999999998494        0.0000000000000000     
   9.1599999999998492        0.0000000000000000     
   9.1699999999998489        0.0000000000000000     
   9.1799999999998487        0.0000000000000000     
   9.1899999999998485        0.0000000000000000     
   9.1999999999998483        0.0000000000000000     
   9.2099999999998481        0.0000000000000000     
   9.2199999999998479        0.0000000000000000     
   9.2299999999998477        0.0000000000000000     
   9.2399999999998474        0.0000000000000000     
   9.2499999999998472        0.0000000000000000     
   9.2599999999998470        0.0000000000000000     
   9.2699999999998468        0.0000000000000000     
   9.2799999999998466        0.0000000000000000     
   9.2899999999998464        0.0000000000000000     
   9.2999999999998462        0.0000000000000000     
   9.3099999999998460        0.0000000000000000     
   9.3199999999998457        0.0000000000000000     
   9.3299999999998455        0.0000000000000000     
   9.3399999999998453        0.0000000000000000     
   9.3499999999998451        0.0000000000000000     
   9.3599999999998449        0.0000000000000000     
   9.3699999999998447        0.0000000000000000     
   9.3799999999998445        0.0000000000000000     
   9.3899999999998442        0.0000000000000000     
   9.3999999999998440        0.0000000000000000     
   9.4099999999998438        0.0000000000000000     
   9.4199999999998436        0.0000000000000000     
   9.4299999999998434        0.0000000000000000     
   9.4399999999998432        0.0000000000000000     
   9.4499999999998430        0.0000000000000000     
   9.4599999999998428        0.0000000000000000     
   9.4699999999998425        0.0000000000000000     
   9.4799999999998423        0.0000000000000000     
   9.4899999999998421        0.0000000000000000     
   9.4999999999998419        0.0000000000000000     
   9.5099999999998417        0.0000000000000000     
   9.5199999999998415        0.0000000000000000     
   9.5299999999998413        0.0000000000000000     
   9.5399999999998411        0.0000000000000000     
   9.5499999999998408        0.0000000000000000     
   9.5599999999998406        0.0000000000000000     
   9.5699999999998404        0.0000000000000000     
   9.5799999999998402        0.0000000000000000     
   9.5899999999998400        0.0000000000000000     
   9.5999999999998398        0.0000000000000000     
   9.6099999999998396        0.0000000000000000     
   9.6199999999998393        0.0000000000000000     
   9.6299999999998391        0.0000000000000000     
   9.6399999999998389        0.0000000000000000     
   9.6499999999998387        0.0000000000000000     
   9.6599999999998385        0.0000000000000000     
   9.6699999999998383        0.0000000000000000     
   9.6799999999998381        0.0000000000000000     
   9.6899999999998379        0.0000000000000000     
   9.6999999999998376        0.0000000000000000     
   9.7099999999998374        0.0000000000000000     
   9.7199999999998372        0.0000000000000000     
   9.7299999999998370        0.0000000000000000     
   9.7399999999998368        0.0000000000000000     
   9.7499999999998366        0.0000000000000000     
   9.7599999999998364        0.0000000000000000     
   9.7699999999998361        0.0000000000000000     
   9.7799999999998359        0.0000000000000000     
   9.7899999999998357        0.0000000000000000     
   9.7999999999998355        0.0000000000000000     
   9.8099999999998353        0.0000000000000000     
   9.8199999999998351        0.0000000000000000     
   9.8299999999998349        0.0000000000000000     
   9.8399999999998347        0.0000000000000000     
   9.8499999999998344        0.0000000000000000     
   9.8599999999998342        0.0000000000000000     
   9.8699999999998340        0.0000000000000000     
   9.8799999999998338        0.0000000000000000     
   9.8899999999998336        0.0000000000000000     
   9.8999999999998334        0.0000000000000000     
   9.9099999999998332        0.0000000000000000     
   9.9199999999998330        0.0000000000000000     
   9.9299999999998327        0.0000000000000000     
   9.9399999999998325        0.0000000000000000     
   9.9499999999998323        0.0000000000000000     
   9.9599999999998321        0.0000000000000000     
   9.9699999999998319        0.0000000000000000     
   9.9799999999998317        0.0000000000000000     
   9.9899999999998315        0.0000000000000000     
   9.9999999999998312        0.0000000000000000     
