   0.0000000000000000       0.67608044792157673     
   1.0000000000000000E-002  0.67508924096236866     
   2.0000000000000000E-002  0.67213274806384704     
   2.9999999999999999E-002  0.66726189054359597     
   4.0000000000000001E-002  0.66056001874879355     
   5.0000000000000003E-002  0.65214071449590016     
   6.0000000000000005E-002  0.64214486711692298     
   7.0000000000000007E-002  0.63073715874754110     
   8.0000000000000002E-002  0.61810211181863084     
   8.9999999999999997E-002  0.60443985718500637     
   9.9999999999999992E-002  0.58996177609150657     
  0.10999999999999999       0.57488615514951769     
  0.11999999999999998       0.55943397337791612     
  0.12999999999999998       0.54382491677682654     
  0.13999999999999999       0.52827369134010682     
  0.14999999999999999       0.51298668186274243     
  0.16000000000000000       0.49815898276618537     
  0.17000000000000001       0.48397180933699002     
  0.18000000000000002       0.47059028369821904     
  0.19000000000000003       0.45816157949324887     
  0.20000000000000004       0.44681340252599427     
  0.21000000000000005       0.43665278115687883     
  0.22000000000000006       0.42776513960665230     
  0.23000000000000007       0.42021362918684962     
  0.24000000000000007       0.41403869632573231     
  0.25000000000000006       0.40925787177368722     
  0.26000000000000006       0.40586577206428620     
  0.27000000000000007       0.40383431173112039     
  0.28000000000000008       0.40311313243475644     
  0.29000000000000009       0.40363026225716436     
  0.30000000000000010       0.40529302441954879     
  0.31000000000000011       0.40798921863473764     
  0.32000000000000012       0.41158859942683496     
  0.33000000000000013       0.41594467348759651     
  0.34000000000000014       0.42089683175721976     
  0.35000000000000014       0.42627282159351820     
  0.36000000000000015       0.43189155013668679     
  0.37000000000000016       0.43756619276597503     
  0.38000000000000017       0.44310756150722042     
  0.39000000000000018       0.44832766890833636     
  0.40000000000000019       0.45304340509925389     
  0.41000000000000020       0.45708023088878347     
  0.42000000000000021       0.46027577945269982     
  0.43000000000000022       0.46248325415598418     
  0.44000000000000022       0.46357451081908058     
  0.45000000000000023       0.46344271922346120     
  0.46000000000000024       0.46200451039630125     
  0.47000000000000025       0.45920153253562884     
  0.48000000000000026       0.45500135859546575     
  0.49000000000000027       0.44939771168173126     
  0.50000000000000022       0.44240999979006201     
  0.51000000000000023       0.43408217789259629     
  0.52000000000000024       0.42448098207431550     
  0.53000000000000025       0.41369360574110348     
  0.54000000000000026       0.40182491037224161     
  0.55000000000000027       0.38899428143771042     
  0.56000000000000028       0.37533225223519467     
  0.57000000000000028       0.36097702379479213     
  0.58000000000000029       0.34607100714676731     
  0.59000000000000030       0.33075750534453141     
  0.60000000000000031       0.31517763795679199     
  0.61000000000000032       0.29946759132583090     
  0.62000000000000033       0.28375625593160558     
  0.63000000000000034       0.26816328919329374     
  0.64000000000000035       0.25279761978689241     
  0.65000000000000036       0.23775638937877805     
  0.66000000000000036       0.22312431047000214     
  0.67000000000000037       0.20897340538717221     
  0.68000000000000038       0.19536308159960988     
  0.69000000000000039       0.18234049232558541     
  0.70000000000000040       0.16994112854286234     
  0.71000000000000041       0.15818958868790844     
  0.72000000000000042       0.14710047485426347     
  0.73000000000000043       0.13667936880618853     
  0.74000000000000044       0.12692384688907188     
  0.75000000000000044       0.11782449960508505     
  0.76000000000000045       0.10936592853777556     
  0.77000000000000046       0.10152770020872916     
  0.78000000000000047        9.4285242927204804E-002
  0.79000000000000048        8.7610678340237239E-002
  0.80000000000000049        8.1473584213046860E-002
  0.81000000000000050        7.5841688712667138E-002
  0.82000000000000051        7.0681499019175795E-002
  0.83000000000000052        6.5958868720221456E-002
  0.84000000000000052        6.1639508879316983E-002
  0.85000000000000053        5.7689447490421805E-002
  0.86000000000000054        5.4075441043801437E-002
  0.87000000000000055        5.0765340665248272E-002
  0.88000000000000056        4.7728413872440922E-002
  0.89000000000000057        4.4935621635952112E-002
  0.90000000000000058        4.2359849520839543E-002
  0.91000000000000059        3.9976091093360512E-002
  0.92000000000000060        3.7761581887529531E-002
  0.93000000000000060        3.5695882811562989E-002
  0.94000000000000061        3.3760912948525797E-002
  0.95000000000000062        3.1940933142638961E-002
  0.96000000000000063        3.0222483326122814E-002
  0.97000000000000064        2.8594278128040794E-002
  0.98000000000000065        2.7047066634676788E-002
  0.99000000000000066        2.5573463234739614E-002
   1.0000000000000007        2.4167757160343088E-002
   1.0100000000000007        2.2825708467883451E-002
   1.0200000000000007        2.1544338138411487E-002
   1.0300000000000007        2.0321719406201335E-002
   1.0400000000000007        1.9156776587936210E-002
   1.0500000000000007        1.8049096805723416E-002
   1.0600000000000007        1.6998758818801179E-002
   1.0700000000000007        1.6006182032775585E-002
   1.0800000000000007        1.5071997688994615E-002
   1.0900000000000007        1.4196943037412781E-002
   1.1000000000000008        1.3381778440194900E-002
   1.1100000000000008        1.2627226381800831E-002
   1.1200000000000008        1.1933930773444549E-002
   1.1300000000000008        1.1302434326919570E-002
   1.1400000000000008        1.0733171492418607E-002
   1.1500000000000008        1.0226474247274053E-002
   1.1600000000000008        9.7825880070722768E-003
   1.1700000000000008        9.4016950414874938E-003
   1.1800000000000008        9.0839429862919277E-003
   1.1900000000000008        8.8294763391872418E-003
   1.2000000000000008        8.6384691208417734E-003
   1.2100000000000009        8.5111572533646367E-003
   1.2200000000000009        8.4478695061696758E-003
   1.2300000000000009        8.4490561669554702E-003
   1.2400000000000009        8.5153148117956181E-003
   1.2500000000000009        8.6474127881970703E-003
   1.2600000000000009        8.8463060771925041E-003
   1.2700000000000009        9.1131542591294679E-003
   1.2800000000000009        9.4493313295439339E-003
   1.2900000000000009        9.8564318984311217E-003
   1.3000000000000009        1.0336272198628690E-002
   1.3100000000000009        1.0890885076138959E-002
   1.3200000000000010        1.1522507828219449E-002
   1.3300000000000010        1.2233561506014073E-002
   1.3400000000000010        1.3026619998021863E-002
   1.3500000000000010        1.3904367053318566E-002
   1.3600000000000010        1.4869539306481678E-002
   1.3700000000000010        1.5924853489283963E-002
   1.3800000000000010        1.7072916308924175E-002
   1.3900000000000010        1.8316116078526141E-002
   1.4000000000000010        1.9656496041796995E-002
   1.4100000000000010        2.1095610467841638E-002
   1.4200000000000010        2.2634366072107868E-002
   1.4300000000000010        2.4272852966402223E-002
   1.4400000000000011        2.6010171191385198E-002
   1.4500000000000011        2.7844260880340522E-002
   1.4600000000000011        2.9771745933478502E-002
   1.4700000000000011        3.1787802922224412E-002
   1.4800000000000011        3.3886068218315218E-002
   1.4900000000000011        3.6058597235769846E-002
   1.5000000000000011        3.8295889726048304E-002
   1.5100000000000011        4.0586994043658113E-002
   1.5200000000000011        4.2919701308034179E-002
   1.5300000000000011        4.5280836909949114E-002
   1.5400000000000011        4.7656652103387945E-002
   1.5500000000000012        5.0033312569267539E-002
   1.5600000000000012        5.2397473999261125E-002
   1.5700000000000012        5.4736927482084224E-002
   1.5800000000000012        5.7041290442988939E-002
   1.5900000000000012        5.9302712591900703E-002
   1.6000000000000012        6.1516561830259574E-002
   1.6100000000000012        6.3682052650531507E-002
   1.6200000000000012        6.5802780084254470E-002
   1.6300000000000012        6.7887125548712499E-002
   1.6400000000000012        6.9948507205667657E-002
   1.6500000000000012        7.2005455910733027E-002
   1.6600000000000013        7.4081507859526247E-002
   1.6700000000000013        7.6204915620066996E-002
   1.6800000000000013        7.8408189151475294E-002
   1.6900000000000013        8.0727486933832859E-002
   1.7000000000000013        8.3201883341756419E-002
   1.7100000000000013        8.5872541760011675E-002
   1.7200000000000013        8.8781823379775193E-002
   1.7300000000000013        9.1972359399925346E-002
   1.7400000000000013        9.5486110184874087E-002
   1.7500000000000013        9.9363429424501423E-002
   1.7600000000000013       0.10364214543965881     
   1.7700000000000014       0.10835666620061273     
   1.7800000000000014       0.11353711030976031     
   1.7900000000000014       0.11920846334241002     
   1.8000000000000014       0.12538975819661932     
   1.8100000000000014       0.13209327943268409     
   1.8200000000000014       0.13932379486794452     
   1.8300000000000014       0.14707782282547535     
   1.8400000000000014       0.15534294981774005     
   1.8500000000000014       0.16409722069092827     
   1.8600000000000014       0.17330863057239734     
   1.8700000000000014       0.18293475465484965     
   1.8800000000000014       0.19292255705277916     
   1.8900000000000015       0.20320842288904020     
   1.9000000000000015       0.21371845754014465     
   1.9100000000000015       0.22436909297177587     
   1.9200000000000015       0.23506803295790141     
   1.9300000000000015       0.24571555655208394     
   1.9400000000000015       0.25620618293108177     
   1.9500000000000015       0.26643068153666577     
   1.9600000000000015       0.27627839053770414     
   1.9700000000000015       0.28563978587284650     
   1.9800000000000015       0.29440922412812454     
   1.9900000000000015       0.30248776725577114     
   2.0000000000000013       0.30978598692426951     
   2.0100000000000011       0.31622664198920031     
   2.0200000000000009       0.32174712468032174     
   2.0300000000000007       0.32630157900029239     
   2.0400000000000005       0.32986260778148296     
   2.0500000000000003       0.33242250177751992     
   2.0600000000000001       0.33399394354986445     
   2.0699999999999998       0.33461015972259667     
   2.0799999999999996       0.33432451636392035     
   2.0899999999999994       0.33320957275789842     
   2.0999999999999992       0.33135562822829179     
   2.1099999999999990       0.32886881392413314     
   2.1199999999999988       0.32586879623277104     
   2.1299999999999986       0.32248616986641332     
   2.1399999999999983       0.31885962608647639     
   2.1499999999999981       0.31513298461440747     
   2.1599999999999979       0.31145217608415054     
   2.1699999999999977       0.30796225581311015     
   2.1799999999999975       0.30480451952767268     
   2.1899999999999973       0.30211377846946003     
   2.1999999999999971       0.30001583624598316     
   2.2099999999999969       0.29862519433792617     
   2.2199999999999966       0.29804299870935352     
   2.2299999999999964       0.29835522791816332     
   2.2399999999999962       0.29963111447302498     
   2.2499999999999960       0.30192178685526422     
   2.2599999999999958       0.30525911956274826     
   2.2699999999999956       0.30965478287379139     
   2.2799999999999954       0.31509949205542692     
   2.2899999999999952       0.32156246622743451     
   2.2999999999999949       0.32899111909612355     
   2.3099999999999947       0.33731101558707050     
   2.3199999999999945       0.34642613835108410     
   2.3299999999999943       0.35621951513771183     
   2.3399999999999941       0.36655426032188182     
   2.3499999999999939       0.37727508085547912     
   2.3599999999999937       0.38821028799843549     
   2.3699999999999934       0.39917434103632332     
   2.3799999999999932       0.40997092868658558     
   2.3899999999999930       0.42039656846483581     
   2.3999999999999928       0.43024467563768126     
   2.4099999999999926       0.43931002261623070     
   2.4199999999999924       0.44739347913143634     
   2.4299999999999922       0.45430689463230711     
   2.4399999999999920       0.45987795957121841     
   2.4499999999999917       0.46395486341696435     
   2.4599999999999915       0.46641055666850306     
   2.4699999999999913       0.46714642369252668     
   2.4799999999999911       0.46609518473213396     
   2.4899999999999909       0.46322286979579258     
   2.4999999999999907       0.45852974446264083     
   2.5099999999999905       0.45205011658581501     
   2.5199999999999902       0.44385101068539190     
   2.5299999999999900       0.43402975919231895     
   2.5399999999999898       0.42271062132977999     
   2.5499999999999896       0.41004059588001185     
   2.5599999999999894       0.39618463765528605     
   2.5699999999999892       0.38132051539209549     
   2.5799999999999890       0.36563355863729546     
   2.5899999999999888       0.34931153250121083     
   2.5999999999999885       0.33253985418568610     
   2.6099999999999883       0.31549732695854760     
   2.6199999999999881       0.29835252074477925     
   2.6299999999999879       0.28126087842101288     
   2.6399999999999877       0.26436257794570872     
   2.6499999999999875       0.24778113661085255     
   2.6599999999999873       0.23162270738923713     
   2.6699999999999871       0.21597599050654823     
   2.6799999999999868       0.20091266584900586     
   2.6899999999999866       0.18648824344090720     
   2.6999999999999864       0.17274322857823290     
   2.7099999999999862       0.15970450353506518     
   2.7199999999999860       0.14738683764148941     
   2.7299999999999858       0.13579444997511414     
   2.7399999999999856       0.12492256250938273     
   2.7499999999999853       0.11475889549220604     
   2.7599999999999851       0.10528506960596926     
   2.7699999999999849        9.6477891055434126E-002
   2.7799999999999847        8.8310505695370009E-002
   2.7899999999999845        8.0753416224740096E-002
   2.7999999999999843        7.3775362850784620E-002
   2.8099999999999841        6.7344072569519978E-002
   2.8199999999999839        6.1426885320426457E-002
   2.8299999999999836        5.5991267540597633E-002
   2.8399999999999834        5.1005224619058466E-002
   2.8499999999999832        4.6437624204212109E-002
   2.8599999999999830        4.2258442156519624E-002
   2.8699999999999828        3.8438942330563351E-002
   2.8799999999999826        3.4951800621162384E-002
   2.8899999999999824        3.1771182696699617E-002
   2.8999999999999821        2.8872783904979347E-002
   2.9099999999999819        2.6233838672709602E-002
   2.9199999999999817        2.3833105895245562E-002
   2.9299999999999815        2.1650835732967649E-002
   2.9399999999999813        1.9668722477908265E-002
   2.9499999999999811        1.7869847333640644E-002
   2.9599999999999809        1.6238614338818659E-002
   2.9699999999999807        1.4760681966171304E-002
   2.9799999999999804        1.3422892557601858E-002
   2.9899999999999802        1.2213201217883647E-002
   2.9999999999999800        1.1120605492186001E-002
   3.0099999999999798        1.0135076782929410E-002
   3.0199999999999796        9.2474942885796881E-003
   3.0299999999999794        8.4495819978229886E-003
   3.0399999999999792        7.7338490609173529E-003
   3.0499999999999790        7.0935338533054644E-003
   3.0599999999999787        6.5225517843245972E-003
   3.0699999999999785        6.0154469500310571E-003
   3.0799999999999783        5.5673475867371947E-003
   3.0899999999999781        5.1739252356985616E-003
   3.0999999999999779        4.8313575626395726E-003
   3.1099999999999777        4.5362946387937962E-003
   3.1199999999999775        4.2858285409958022E-003
   3.1299999999999772        4.0774660978621768E-003
   3.1399999999999770        3.9091045690736537E-003
   3.1499999999999768        3.7790100806006270E-003
   3.1599999999999766        3.6857985354218589E-003
   3.1699999999999764        3.6284188244146559E-003
   3.1799999999999762        3.6061380354720342E-003
   3.1899999999999760        3.6185283969566977E-003
   3.1999999999999758        3.6654556585492565E-003
   3.2099999999999755        3.7470685522668235E-003
   3.2199999999999753        3.8637889645568298E-003
   3.2299999999999751        4.0163024225433981E-003
   3.2399999999999749        4.2055483475822242E-003
   3.2499999999999747        4.4327096196603742E-003
   3.2599999999999745        4.6992007891524358E-003
   3.2699999999999743        5.0066542507641613E-003
   3.2799999999999740        5.3569036549348803E-003
   3.2899999999999738        5.7519636818102711E-003
   3.2999999999999736        6.1940052432692197E-003
   3.3099999999999734        6.6853251865799206E-003
   3.3199999999999732        7.2283093987760864E-003
   3.3299999999999730        7.8253883441273368E-003
   3.3399999999999728        8.4789839690668778E-003
   3.3499999999999726        9.1914471199872252E-003
   3.3599999999999723        9.9649847354286621E-003
   3.3699999999999721        1.0801576392629254E-002
   3.3799999999999719        1.1702880250406510E-002
   3.3899999999999717        1.2670128931834059E-002
   3.3999999999999715        1.3704016773031420E-002
   3.4099999999999713        1.4804580651179742E-002
   3.4199999999999711        1.5971077879356598E-002
   3.4299999999999708        1.7201865808703119E-002
   3.4399999999999706        1.8494289193673356E-002
   3.4499999999999704        1.9844582796429085E-002
   3.4599999999999702        2.1247797934846709E-002
   3.4699999999999700        2.2697762702916912E-002
   3.4799999999999698        2.4187086219504030E-002
   3.4899999999999696        2.5707217069466094E-002
   3.4999999999999694        2.7248565259839767E-002
   3.5099999999999691        2.8800694861492327E-002
   3.5199999999999689        3.0352591576289948E-002
   3.5299999999999687        3.1893005095936046E-002
   3.5399999999999685        3.3410860972242426E-002
   3.5499999999999683        3.4895731001888697E-002
   3.5599999999999681        3.6338345119885068E-002
   3.5699999999999679        3.7731122446835276E-002
   3.5799999999999677        3.9068694880820889E-002
   3.5899999999999674        4.0348394183252055E-002
   3.5999999999999672        4.1570673486787613E-002
   3.6099999999999670        4.2739436545542416E-002
   3.6199999999999668        4.3862253057610767E-002
   3.6299999999999666        4.4950445488109059E-002
   3.6399999999999664        4.6019041195097365E-002
   3.6499999999999662        4.7086592614381126E-002
   3.6599999999999659        4.8174876513767652E-002
   3.6699999999999657        4.9308490282051809E-002
   3.6799999999999655        5.0514367826014775E-002
   3.6899999999999653        5.1821239856470809E-002
   3.6999999999999651        5.3259062837215820E-002
   3.7099999999999649        5.4858438140079520E-002
   3.7199999999999647        5.6650038406801648E-002
   3.7299999999999645        5.8664052555127431E-002
   3.7399999999999642        6.0929654855308393E-002
   3.7499999999999640        6.3474498092415441E-002
   3.7599999999999638        6.6324226069795655E-002
   3.7699999999999636        6.9501997506835667E-002
   3.7799999999999634        7.3028011790813696E-002
   3.7899999999999632        7.6919027046107633E-002
   3.7999999999999630        8.1187862856801893E-002
   3.8099999999999627        8.5842883396834949E-002
   3.8199999999999625        9.0887461515378104E-002
   3.8299999999999623        9.6319430352516139E-002
   3.8399999999999621       0.10213053574941222     
   3.8499999999999619       0.10830590996172410     
   3.8599999999999617       0.11482359416244758     
   3.8699999999999615       0.12165414357433650     
   3.8799999999999613       0.12876035402689703     
   3.8899999999999610       0.13609715162774810     
   3.8999999999999608       0.14361168745931577     
   3.9099999999999606       0.15124367602189939     
   3.9199999999999604       0.15892600949708802     
   3.9299999999999602       0.16658566941023178     
   3.9399999999999600       0.17414494348710935     
   3.9499999999999598       0.18152293913049944     
   3.9599999999999596       0.18863736693829591     
   3.9699999999999593       0.19540654970324639     
   3.9799999999999591       0.20175159567086456     
   3.9899999999999589       0.20759866103321178     
   3.9999999999999587       0.21288121702777107     
   4.0099999999999589       0.21754223200506972     
   4.0199999999999587       0.22153617937438488     
   4.0299999999999585       0.22483078756701833     
   4.0399999999999583       0.22740845823837358     
   4.0499999999999581       0.22926729270398277     
   4.0599999999999579       0.23042168338385438     
   4.0699999999999577       0.23090244591853304     
   4.0799999999999574       0.23075648775429852     
   4.0899999999999572       0.23004602934651922     
   4.0999999999999570       0.22884741383466439     
   4.1099999999999568       0.22724955881506895     
   4.1199999999999566       0.22535211865460508     
   4.1299999999999564       0.22326343648165609     
   4.1399999999999562       0.22109837057188736     
   4.1499999999999559       0.21897607991841511     
   4.1599999999999557       0.21701784799731508     
   4.1699999999999555       0.21534501292392599     
   4.1799999999999553       0.21407705695409254     
   4.1899999999999551       0.21332989022246934     
   4.1999999999999549       0.21321434418403004     
   4.2099999999999547       0.21383487115886571     
   4.2199999999999545       0.21528842903228013     
   4.2299999999999542       0.21766351591794877     
   4.2399999999999540       0.22103930915593573     
   4.2499999999999538       0.22548485722842343     
   4.2599999999999536       0.23105827188853345     
   4.2699999999999534       0.23780587129538183     
   4.2799999999999532       0.24576123302960329     
   4.2899999999999530       0.25494412784354642     
   4.2999999999999527       0.26535932099095072     
   4.3099999999999525       0.27699524707471829     
   4.3199999999999523       0.28982258600100230     
   4.3299999999999521       0.30379279120786645     
   4.3399999999999519       0.31883664542082440     
   4.3499999999999517       0.33486294264451616     
   4.3599999999999515       0.35175741599394972     
   4.3699999999999513       0.36938204704726213     
   4.3799999999999510       0.38757490146023937     
   4.3899999999999508       0.40615063478558544     
   4.3999999999999506       0.42490179993859739     
   4.4099999999999504       0.44360106139841415     
   4.4199999999999502       0.46200438107292729     
   4.4299999999999500       0.47985518720513515     
   4.4399999999999498       0.49688947376949094     
   4.4499999999999496       0.51284170801037121     
   4.4599999999999493       0.52745135401482413     
   4.4699999999999491       0.54046975778391448     
   4.4799999999999489       0.55166709113767531     
   4.4899999999999487       0.56083902414313769     
   4.4999999999999485       0.56781279296339393     
   4.5099999999999483       0.57245235303356545     
   4.5199999999999481       0.57466235533879151     
   4.5299999999999478       0.57439075098910441     
   4.5399999999999476       0.57162991013909970     
   4.5499999999999474       0.56641622762176125     
   4.5599999999999472       0.55882827152697634     
   4.5699999999999470       0.54898360598550056     
   4.5799999999999468       0.53703448059044478     
   4.5899999999999466       0.52316262315686146     
   4.5999999999999464       0.50757339920403788     
   4.6099999999999461       0.49048961092549276     
   4.6199999999999459       0.47214520220410477     
   4.6299999999999457       0.45277911690475975     
   4.6399999999999455       0.43262952744981659     
   4.6499999999999453       0.41192861294989180     
   4.6599999999999451       0.39089802304562843     
   4.6699999999999449       0.36974511864928644     
   4.6799999999999446       0.34866003614507735     
   4.6899999999999444       0.32781357987234855     
   4.6999999999999442       0.30735591116768818     
   4.7099999999999440       0.28741597209222502     
   4.7199999999999438       0.26810155939091679     
   4.7299999999999436       0.24949994938451722     
   4.7399999999999434       0.23167896712796193     
   4.7499999999999432       0.21468839257043865     
   4.7599999999999429       0.19856160123150929     
   4.7699999999999427       0.18331734604290401     
   4.7799999999999425       0.16896159896033908     
   4.7899999999999423       0.15548938427815875     
   4.7999999999999421       0.14288654961793562     
   4.8099999999999419       0.13113143389358345     
   4.8199999999999417       0.12019640389566361     
   4.8299999999999415       0.11004924197066253     
   4.8399999999999412       0.10065437632273563     
   4.8499999999999410        9.1973952732440301E-002
   4.8599999999999408        8.3968752170787170E-002
   4.8699999999999406        7.6598962727586248E-002
   4.8799999999999404        6.9824817114089610E-002
   4.8899999999999402        6.3607108491102377E-002
   4.8999999999999400        5.7907598213806262E-002
   4.9099999999999397        5.2689329019423539E-002
   4.9199999999999395        4.7916856779774870E-002
   4.9299999999999393        4.3556413168698849E-002
   4.9399999999999391        3.9576010486211483E-002
   4.9499999999999389        3.5945498871115741E-002
   4.9599999999999387        3.2636584853783360E-002
   4.9699999999999385        2.9622819160456379E-002
   4.9799999999999383        2.6879560482859506E-002
   4.9899999999999380        2.4383920988614943E-002
   4.9999999999999378        2.2114698408616552E-002
   5.0099999999999376        2.0052298672456569E-002
   5.0199999999999374        1.8178652401912732E-002
   5.0299999999999372        1.6477127926794104E-002
   5.0399999999999370        1.4932442902646526E-002
   5.0499999999999368        1.3530576238064933E-002
   5.0599999999999365        1.2258681586835993E-002
   5.0699999999999363        1.1105003363565626E-002
   5.0799999999999361        1.0058795996639889E-002
   5.0899999999999359        9.1102468973251541E-003
   5.0999999999999357        8.2504034512260217E-003
   5.1099999999999355        7.4711042239559468E-003
   5.1199999999999353        6.7649144235628813E-003
   5.1299999999999351        6.1250656343076228E-003
   5.1399999999999348        5.5453997128433021E-003
   5.1499999999999346        5.0203167432508293E-003
   5.1599999999999344        4.5447268751491708E-003
   5.1699999999999342        4.1140058616290168E-003
   5.1799999999999340        3.7239541145482643E-003
   5.1899999999999338        3.3707590428320600E-003
   5.1999999999999336        3.0509605058319815E-003
   5.2099999999999334        2.7614191236116840E-003
   5.2199999999999331        2.4992872857253260E-003
   5.2299999999999329        2.2619826469748704E-003
   5.2399999999999327        2.0471639049654974E-003
   5.2499999999999325        1.8527087141505983E-003
   5.2599999999999323        1.6766935435499782E-003
   5.2699999999999321        1.5173753208679659E-003
   5.2799999999999319        1.3731747298380292E-003
   5.2899999999999316        1.2426610117849052E-003
   5.2999999999999314        1.1245381350729082E-003
   5.3099999999999312        1.0176322385299817E-003
   5.3199999999999310        9.2088021185373985E-004
   5.3299999999999308        8.3331932939743772E-004
   5.3399999999999306        7.5407784113261551E-004
   5.3499999999999304        6.8236642893600467E-004
   5.3599999999999302        6.1747045840626874E-004
   5.3699999999999299        5.5874294824431953E-004
   5.3799999999999297        5.0559819806031111E-004
   5.3899999999999295        4.5750600563344466E-004
   5.3999999999999293        4.1398643441908635E-004
   5.4099999999999291        3.7460505718970048E-004
   5.4199999999999289        3.3896866049712112E-004
   5.4299999999999287        3.0672134319033762E-004
   5.4399999999999284        2.7754098486857049E-004
   5.4499999999999282        2.5113604821347098E-004
   5.4599999999999280        2.2724268032923821E-004
   5.4699999999999278        2.0562209139276798E-004
   5.4799999999999276        1.8605817461568371E-004
   5.4899999999999274        1.6835535426448778E-004
   5.4999999999999272        1.5233664544045712E-004
   5.5099999999999270        1.3784187977974356E-004
   5.5199999999999267        1.2472611308892635E-004
   5.5299999999999265        1.1285818335055644E-004
   5.5399999999999263        1.0211939509310061E-004
   5.5499999999999261        9.2402340377722549E-005
   5.5599999999999259        8.3609825024248143E-005
   5.5699999999999257        7.5653894753154613E-005
   5.5799999999999255        6.8454964296553258E-005
   5.5899999999999253        6.1941013237286601E-005
   5.5999999999999250        5.6046873891451565E-005
   5.6099999999999248        5.0713576842323013E-005
   5.6199999999999246        4.5887761600242916E-005
   5.6299999999999244        4.1521143589969719E-005
   5.6399999999999242        3.7570031490468518E-005
   5.6499999999999240        3.3994891326921681E-005
   5.6599999999999238        3.0759948162092360E-005
   5.6699999999999235        2.7832832802737796E-005
   5.6799999999999233        2.5184254632560962E-005
   5.6899999999999231        2.2787710152010646E-005
   5.6999999999999229        2.0619217329873489E-005
   5.7099999999999227        1.8657076081409047E-005
   5.7199999999999225        1.6881649382314916E-005
   5.7299999999999223        1.5275172651501228E-005
   5.7399999999999221        1.3821567970719871E-005
   5.7499999999999218        1.2506287695916474E-005
   5.7599999999999216        1.1316171119158593E-005
   5.7699999999999214        1.0239305930871976E-005
   5.7799999999999212        9.2649157629256395E-006
   5.7899999999999210        8.3832493511098157E-006
   5.7999999999999208        7.5854839472537126E-006
   5.8099999999999206        6.8636349124468025E-006
   5.8199999999999203        6.2104776166302537E-006
   5.8299999999999201        5.6194757812360184E-006
   5.8399999999999199        5.0847148079331625E-006
   5.8499999999999197        4.6008422377757897E-006
   5.8599999999999195        4.1630158260666321E-006
   5.8699999999999193        3.7668539473167893E-006
   5.8799999999999191        3.4083921640516286E-006
   5.8899999999999189        3.0840413804880390E-006
   5.8999999999999186        2.7905567999467919E-006
   5.9099999999999184        2.5250009011727614E-006
   5.9199999999999182        2.2847154923911012E-006
   5.9299999999999180        2.0672970579591178E-006
   5.9399999999999178        1.8705681524819927E-006
   5.9499999999999176        1.6925604657231065E-006
   5.9599999999999174        1.5314919815542182E-006
   5.9699999999999172        1.3857511373517849E-006
   5.9799999999999169        1.2538803457892923E-006
   5.9899999999999167        1.1345570301765813E-006
   5.9999999999999165        1.0265901105303034E-006
   6.0099999999999163        9.2889754224371360E-007
   6.0199999999999161        8.4050105077638229E-007
   6.0299999999999159        7.6051671684091508E-007
   6.0399999999999157        6.8814415439330006E-007
   6.0499999999999154        6.2265875785450662E-007
   6.0599999999999152        5.6340467323601566E-007
   6.0699999999999150        5.0978971558233540E-007
   6.0799999999999148        4.6127706488841326E-007
   6.0899999999999146        4.1738076632040315E-007
   6.0999999999999144        3.7766183656644915E-007
   6.1099999999999142        3.4172208171675314E-007
   6.1199999999999140        3.0920281291773990E-007
   6.1299999999999137        2.7977864800741450E-007
   6.1399999999999135        2.5315423922555295E-007
   6.1499999999999133        2.2906381125533710E-007
   6.1599999999999131        2.0726485523763054E-007
   6.1699999999999129        1.8754128937852792E-007
   6.1799999999999127        1.6969424922526080E-007
   6.1899999999999125        1.5354532848190655E-007
   6.1999999999999122        1.3893413519878882E-007
   6.2099999999999120        1.2571329754551045E-007
   6.2199999999999118        1.1374920497494047E-007
   6.2299999999999116        1.0292518812134886E-007
   6.2399999999999114        9.3130663286104274E-008
   6.2499999999999112        8.4267601885593625E-008
   6.2599999999999110        7.6248638960092464E-008
   6.2699999999999108        6.8992769346127689E-008
   6.2799999999999105        6.2426690909307558E-008
   6.2899999999999103        5.6485928473833398E-008
   6.2999999999999101        5.1110612233605283E-008
   6.3099999999999099        4.6247095114201175E-008
   6.3199999999999097        4.1845787152601844E-008
   6.3299999999999095        3.7863896788678459E-008
   6.3399999999999093        3.4260743256748490E-008
   6.3499999999999091        3.1000415638317322E-008
   6.3599999999999088        2.8050319977592143E-008
   6.3699999999999086        2.5380959978160772E-008
   6.3799999999999084        2.2965745112589224E-008
   6.3899999999999082        2.0780031170399740E-008
   6.3999999999999080        1.8802847271708285E-008
   6.4099999999999078        1.7013578904524568E-008
   6.4199999999999076        1.5394160957942412E-008
   6.4299999999999073        1.3929598567521543E-008
   6.4399999999999071        1.2603992242631414E-008
   6.4499999999999069        1.1404786868256712E-008
   6.4599999999999067        1.0319345090637193E-008
   6.4699999999999065        9.3367839825652083E-009
   6.4799999999999063        8.4487974308320473E-009
   6.4899999999999061        7.6442557919958738E-009
   6.4999999999999059        6.9166896181450317E-009
   6.5099999999999056        6.2590537901550194E-009
   6.5199999999999054        5.6628777173277305E-009
   6.5299999999999052        5.1242413528351707E-009
   6.5399999999999050        4.6366752487655672E-009
   6.5499999999999048        4.1955192095891059E-009
   6.5599999999999046        3.7960308010314500E-009
   6.5699999999999044        3.4346463441580622E-009
   6.5799999999999041        3.1082407666725290E-009
   6.5899999999999039        2.8125650667684230E-009
   6.5999999999999037        2.5446312367236313E-009
   6.6099999999999035        2.3020543529435971E-009
   6.6199999999999033        2.0831622276205317E-009
   6.6299999999999031        1.8851587434366338E-009
   6.6399999999999029        1.7058508672014257E-009
   6.6499999999999027        1.5437583015113391E-009
   6.6599999999999024        1.3962768194527247E-009
   6.6699999999999022        1.2636257243446221E-009
   6.6799999999999020        1.1433378538477386E-009
   6.6899999999999018        1.0339877363882854E-009
   6.6999999999999016        9.3628810775317411E-010
   6.7099999999999014        8.4747026353943438E-010
   6.7199999999999012        7.6624579674767195E-010
   6.7299999999999010        6.9371122397311561E-010
   6.7399999999999007        6.2764609911042898E-010
   6.7499999999999005        5.6750216386198847E-010
   6.7599999999999003        5.1366319903613136E-010
   6.7699999999999001        4.6516975261202315E-010
   6.7799999999998999        4.2059635301586691E-010
   6.7899999999998997        3.8043643271552001E-010
   6.7999999999998995        3.4416914632824033E-010
   6.8099999999998992        3.1160260344987285E-010
   6.8199999999998990        2.8180476497445917E-010
   6.8299999999998988        2.5499493422105180E-010
   6.8399999999998986        2.3092639495572422E-010
   6.8499999999998984        2.0927019219990329E-010
   6.8599999999998982        1.8912169976252695E-010
   6.8699999999998980        1.7078245970728459E-010
   6.8799999999998978        1.5488296907642918E-010
   6.8899999999998975        1.3988810463664050E-010
   6.8999999999998973        1.2694920881291097E-010
   6.9099999999998971        1.1472304877608071E-010
   6.9199999999998969        1.0362081824936339E-010
   6.9299999999998967        9.3998885126208033E-011
   6.9399999999998965        8.5117100704833510E-011
   6.9499999999998963        7.7331832878691609E-011
   6.9599999999998960        6.9765868371594516E-011
   6.9699999999998958        6.2720749247233884E-011
   6.9799999999998956        5.6991450037149895E-011
   6.9899999999998954        5.1262150827065744E-011
   6.9999999999998952        4.6437477808047835E-011
   7.0099999999998950        4.1996585597361162E-011
   7.0199999999998948        3.7747583790839369E-011
   7.0299999999998946        3.4430621090264657E-011
   7.0399999999998943        3.1634503772424636E-011
   7.0499999999998941        2.8317541071849888E-011
   7.0599999999998939        2.5356946264725166E-011
   7.0699999999998937        2.2944609755216037E-011
   7.0799999999998935        2.1080531543322967E-011
   7.0899999999998933        1.9243866246310423E-011
   7.0999999999998931        1.7023420140966931E-011
   7.1099999999998929        1.5159341929073590E-011
   7.1199999999998926        1.3870934929676636E-011
   7.1299999999998924        1.2582527930279776E-011
   7.1399999999998922        1.1486011335048525E-011
   7.1499999999998920        1.0362081824936450E-011
   7.1599999999998918        9.0736748255395399E-012
   7.1699999999998916        8.3335261237583334E-012
   7.1799999999998914        7.9497453154273424E-012
   7.1899999999998911        6.6613383160305048E-012
   7.1999999999998909        6.3049704225802949E-012
   7.2099999999998907        5.9211896142493298E-012
   7.2199999999998905        5.1810409124682251E-012
   7.2299999999998903        4.9891505083027174E-012
   7.2399999999998901        4.4408922106870331E-012
   7.2499999999998899        3.7007435089058573E-012
   7.2599999999998897        3.3169627005748885E-012
   7.2699999999998894        3.1524852112901669E-012
   7.2799999999998892        2.7687044029591904E-012
   7.2899999999998890        2.6042269136744966E-012
   7.2999999999998888        2.2204461053435165E-012
   7.3099999999998886        1.8366652970125284E-012
   7.3199999999998884        1.8366652970125284E-012
   7.3299999999998882        1.4802974035623324E-012
   7.3399999999998879        1.4802974035623324E-012
   7.3499999999998877        1.4802974035623324E-012
   7.3599999999998875        1.4802974035623324E-012
   7.3699999999998873        9.3203910594665375E-013
   7.3799999999998871        1.1239295101121414E-012
   7.3899999999998869        7.4014870178116622E-013
   7.3999999999998867        1.2884069993968448E-012
   7.4099999999998865        7.4014870178116622E-013
   7.4199999999998862        7.4014870178116622E-013
   7.4299999999998860        7.4014870178116622E-013
   7.4399999999998858        7.4014870178116622E-013
   7.4499999999998856        7.4014870178116622E-013
   7.4599999999998854        5.4825829761567870E-013
   7.4699999999998852        5.4825829761567870E-013
   7.4799999999998850        3.8378080833097505E-013
   7.4899999999998847        3.5636789345019112E-013
   7.4999999999998845        3.5636789345019112E-013
   7.5099999999998843        3.5636789345019112E-013
   7.5199999999998841        0.0000000000000000     
   7.5299999999998839        5.4825829761567870E-013
   7.5399999999998837        5.4825829761567870E-013
   7.5499999999998835        1.9189040416548752E-013
   7.5599999999998833        1.9189040416548752E-013
   7.5699999999998830        0.0000000000000000     
   7.5799999999998828        3.5636789345019112E-013
   7.5899999999998826        3.5636789345019112E-013
   7.5999999999998824        0.0000000000000000     
   7.6099999999998822        0.0000000000000000     
   7.6199999999998820        0.0000000000000000     
   7.6299999999998818        0.0000000000000000     
   7.6399999999998816        0.0000000000000000     
   7.6499999999998813        0.0000000000000000     
   7.6599999999998811        0.0000000000000000     
   7.6699999999998809        0.0000000000000000     
   7.6799999999998807        0.0000000000000000     
   7.6899999999998805        0.0000000000000000     
   7.6999999999998803        0.0000000000000000     
   7.7099999999998801        0.0000000000000000     
   7.7199999999998798        0.0000000000000000     
   7.7299999999998796        0.0000000000000000     
   7.7399999999998794        0.0000000000000000     
   7.7499999999998792        0.0000000000000000     
   7.7599999999998790        0.0000000000000000     
   7.7699999999998788        0.0000000000000000     
   7.7799999999998786        0.0000000000000000     
   7.7899999999998784        0.0000000000000000     
   7.7999999999998781        0.0000000000000000     
   7.8099999999998779        0.0000000000000000     
   7.8199999999998777        0.0000000000000000     
   7.8299999999998775        0.0000000000000000     
   7.8399999999998773        0.0000000000000000     
   7.8499999999998771        0.0000000000000000     
   7.8599999999998769        0.0000000000000000     
   7.8699999999998766        0.0000000000000000     
   7.8799999999998764        0.0000000000000000     
   7.8899999999998762        0.0000000000000000     
   7.8999999999998760        0.0000000000000000     
   7.9099999999998758        0.0000000000000000     
   7.9199999999998756        0.0000000000000000     
   7.9299999999998754        0.0000000000000000     
   7.9399999999998752        0.0000000000000000     
   7.9499999999998749        0.0000000000000000     
   7.9599999999998747        0.0000000000000000     
   7.9699999999998745        0.0000000000000000     
   7.9799999999998743        0.0000000000000000     
   7.9899999999998741        0.0000000000000000     
   7.9999999999998739        0.0000000000000000     
   8.0099999999998737        0.0000000000000000     
   8.0199999999998735        0.0000000000000000     
   8.0299999999998732        0.0000000000000000     
   8.0399999999998730        0.0000000000000000     
   8.0499999999998728        0.0000000000000000     
   8.0599999999998726        0.0000000000000000     
   8.0699999999998724        0.0000000000000000     
   8.0799999999998722        0.0000000000000000     
   8.0899999999998720        0.0000000000000000     
   8.0999999999998717        0.0000000000000000     
   8.1099999999998715        0.0000000000000000     
   8.1199999999998713        0.0000000000000000     
   8.1299999999998711        0.0000000000000000     
   8.1399999999998709        0.0000000000000000     
   8.1499999999998707        0.0000000000000000     
   8.1599999999998705        0.0000000000000000     
   8.1699999999998703        0.0000000000000000     
   8.1799999999998700        0.0000000000000000     
   8.1899999999998698        0.0000000000000000     
   8.1999999999998696        0.0000000000000000     
   8.2099999999998694        0.0000000000000000     
   8.2199999999998692        0.0000000000000000     
   8.2299999999998690        0.0000000000000000     
   8.2399999999998688        0.0000000000000000     
   8.2499999999998685        0.0000000000000000     
   8.2599999999998683        0.0000000000000000     
   8.2699999999998681        0.0000000000000000     
   8.2799999999998679        0.0000000000000000     
   8.2899999999998677        0.0000000000000000     
   8.2999999999998675        0.0000000000000000     
   8.3099999999998673        0.0000000000000000     
   8.3199999999998671        0.0000000000000000     
   8.3299999999998668        0.0000000000000000     
   8.3399999999998666        0.0000000000000000     
   8.3499999999998664        0.0000000000000000     
   8.3599999999998662        0.0000000000000000     
   8.3699999999998660        0.0000000000000000     
   8.3799999999998658        0.0000000000000000     
   8.3899999999998656        0.0000000000000000     
   8.3999999999998654        0.0000000000000000     
   8.4099999999998651        0.0000000000000000     
   8.4199999999998649        0.0000000000000000     
   8.4299999999998647        0.0000000000000000     
   8.4399999999998645        0.0000000000000000     
   8.4499999999998643        0.0000000000000000     
   8.4599999999998641        0.0000000000000000     
   8.4699999999998639        0.0000000000000000     
   8.4799999999998636        0.0000000000000000     
   8.4899999999998634        0.0000000000000000     
   8.4999999999998632        0.0000000000000000     
   8.5099999999998630        0.0000000000000000     
   8.5199999999998628        0.0000000000000000     
   8.5299999999998626        0.0000000000000000     
   8.5399999999998624        0.0000000000000000     
   8.5499999999998622        0.0000000000000000     
   8.5599999999998619        0.0000000000000000     
   8.5699999999998617        0.0000000000000000     
   8.5799999999998615        0.0000000000000000     
   8.5899999999998613        0.0000000000000000     
   8.5999999999998611        0.0000000000000000     
   8.6099999999998609        0.0000000000000000     
   8.6199999999998607        0.0000000000000000     
   8.6299999999998604        0.0000000000000000     
   8.6399999999998602        0.0000000000000000     
   8.6499999999998600        0.0000000000000000     
   8.6599999999998598        0.0000000000000000     
   8.6699999999998596        0.0000000000000000     
   8.6799999999998594        0.0000000000000000     
   8.6899999999998592        0.0000000000000000     
   8.6999999999998590        0.0000000000000000     
   8.7099999999998587        0.0000000000000000     
   8.7199999999998585        0.0000000000000000     
   8.7299999999998583        0.0000000000000000     
   8.7399999999998581        0.0000000000000000     
   8.7499999999998579        0.0000000000000000     
   8.7599999999998577        0.0000000000000000     
   8.7699999999998575        0.0000000000000000     
   8.7799999999998573        0.0000000000000000     
   8.7899999999998570        0.0000000000000000     
   8.7999999999998568        0.0000000000000000     
   8.8099999999998566        0.0000000000000000     
   8.8199999999998564        0.0000000000000000     
   8.8299999999998562        0.0000000000000000     
   8.8399999999998560        0.0000000000000000     
   8.8499999999998558        0.0000000000000000     
   8.8599999999998555        0.0000000000000000     
   8.8699999999998553        0.0000000000000000     
   8.8799999999998551        0.0000000000000000     
   8.8899999999998549        0.0000000000000000     
   8.8999999999998547        0.0000000000000000     
   8.9099999999998545        0.0000000000000000     
   8.9199999999998543        0.0000000000000000     
   8.9299999999998541        0.0000000000000000     
   8.9399999999998538        0.0000000000000000     
   8.9499999999998536        0.0000000000000000     
   8.9599999999998534        0.0000000000000000     
   8.9699999999998532        0.0000000000000000     
   8.9799999999998530        0.0000000000000000     
   8.9899999999998528        0.0000000000000000     
   8.9999999999998526        0.0000000000000000     
   9.0099999999998523        0.0000000000000000     
   9.0199999999998521        0.0000000000000000     
   9.0299999999998519        0.0000000000000000     
   9.0399999999998517        0.0000000000000000     
   9.0499999999998515        0.0000000000000000     
   9.0599999999998513        0.0000000000000000     
   9.0699999999998511        0.0000000000000000     
   9.0799999999998509        0.0000000000000000     
   9.0899999999998506        0.0000000000000000     
   9.0999999999998504        0.0000000000000000     
   9.1099999999998502        0.0000000000000000     
   9.1199999999998500        0.0000000000000000     
   9.1299999999998498        0.0000000000000000     
   9.1399999999998496        0.0000000000000000     
   9.1499999999998494        0.0000000000000000     
   9.1599999999998492        0.0000000000000000     
   9.1699999999998489        0.0000000000000000     
   9.1799999999998487        0.0000000000000000     
   9.1899999999998485        0.0000000000000000     
   9.1999999999998483        0.0000000000000000     
   9.2099999999998481        0.0000000000000000     
   9.2199999999998479        0.0000000000000000     
   9.2299999999998477        0.0000000000000000     
   9.2399999999998474        0.0000000000000000     
   9.2499999999998472        0.0000000000000000     
   9.2599999999998470        0.0000000000000000     
   9.2699999999998468        0.0000000000000000     
   9.2799999999998466        0.0000000000000000     
   9.2899999999998464        0.0000000000000000     
   9.2999999999998462        0.0000000000000000     
   9.3099999999998460        0.0000000000000000     
   9.3199999999998457        0.0000000000000000     
   9.3299999999998455        0.0000000000000000     
   9.3399999999998453        0.0000000000000000     
   9.3499999999998451        0.0000000000000000     
   9.3599999999998449        0.0000000000000000     
   9.3699999999998447        0.0000000000000000     
   9.3799999999998445        0.0000000000000000     
   9.3899999999998442        0.0000000000000000     
   9.3999999999998440        0.0000000000000000     
   9.4099999999998438        0.0000000000000000     
   9.4199999999998436        0.0000000000000000     
   9.4299999999998434        0.0000000000000000     
   9.4399999999998432        0.0000000000000000     
   9.4499999999998430        0.0000000000000000     
   9.4599999999998428        0.0000000000000000     
   9.4699999999998425        0.0000000000000000     
   9.4799999999998423        0.0000000000000000     
   9.4899999999998421        0.0000000000000000     
   9.4999999999998419        0.0000000000000000     
   9.5099999999998417        0.0000000000000000     
   9.5199999999998415        0.0000000000000000     
   9.5299999999998413        0.0000000000000000     
   9.5399999999998411        0.0000000000000000     
   9.5499999999998408        0.0000000000000000     
   9.5599999999998406        0.0000000000000000     
   9.5699999999998404        0.0000000000000000     
   9.5799999999998402        0.0000000000000000     
   9.5899999999998400        0.0000000000000000     
   9.5999999999998398        0.0000000000000000     
   9.6099999999998396        0.0000000000000000     
   9.6199999999998393        0.0000000000000000     
   9.6299999999998391        0.0000000000000000     
   9.6399999999998389        0.0000000000000000     
   9.6499999999998387        0.0000000000000000     
   9.6599999999998385        0.0000000000000000     
   9.6699999999998383        0.0000000000000000     
   9.6799999999998381        0.0000000000000000     
   9.6899999999998379        0.0000000000000000     
   9.6999999999998376        0.0000000000000000     
   9.7099999999998374        0.0000000000000000     
   9.7199999999998372        0.0000000000000000     
   9.7299999999998370        0.0000000000000000     
   9.7399999999998368        0.0000000000000000     
   9.7499999999998366        0.0000000000000000     
   9.7599999999998364        0.0000000000000000     
   9.7699999999998361        0.0000000000000000     
   9.7799999999998359        0.0000000000000000     
   9.7899999999998357        0.0000000000000000     
   9.7999999999998355        0.0000000000000000     
   9.8099999999998353        0.0000000000000000     
   9.8199999999998351        0.0000000000000000     
   9.8299999999998349        0.0000000000000000     
   9.8399999999998347        0.0000000000000000     
   9.8499999999998344        0.0000000000000000     
   9.8599999999998342        0.0000000000000000     
   9.8699999999998340        0.0000000000000000     
   9.8799999999998338        0.0000000000000000     
   9.8899999999998336        0.0000000000000000     
   9.8999999999998334        0.0000000000000000     
   9.9099999999998332        0.0000000000000000     
   9.9199999999998330        0.0000000000000000     
   9.9299999999998327        0.0000000000000000     
   9.9399999999998325        0.0000000000000000     
   9.9499999999998323        0.0000000000000000     
   9.9599999999998321        0.0000000000000000     
   9.9699999999998319        0.0000000000000000     
   9.9799999999998317        0.0000000000000000     
   9.9899999999998315        0.0000000000000000     
   9.9999999999998312        0.0000000000000000     
