   0.0000000000000000       0.54911883415350238     
   1.0000000000000000E-002  0.54893133726816401     
   2.0000000000000000E-002  0.54837064888553388     
   2.9999999999999999E-002  0.54744214371653621     
   4.0000000000000001E-002  0.54615467329793554     
   5.0000000000000003E-002  0.54452040896316711     
   6.0000000000000005E-002  0.54255462679918687     
   7.0000000000000007E-002  0.54027543919816701     
   8.0000000000000002E-002  0.53770347866232315     
   8.9999999999999997E-002  0.53486154039198353     
   9.9999999999999992E-002  0.53177419088494415     
  0.10999999999999999       0.52846735025103686     
  0.11999999999999998       0.52496785624186038     
  0.12999999999999998       0.52130301810003998     
  0.13999999999999999       0.51750016827292111     
  0.14999999999999999       0.51358621981852437     
  0.16000000000000000       0.50958723699935793     
  0.17000000000000001       0.50552802611167480     
  0.18000000000000002       0.50143175308096843     
  0.19000000000000003       0.49731959374836687     
  0.20000000000000004       0.49321042214879085     
  0.21000000000000005       0.48912054136960320     
  0.22000000000000006       0.48506346087649549     
  0.23000000000000007       0.48104972343181635     
  0.24000000000000007       0.47708678395248871     
  0.25000000000000006       0.47317894184075937     
  0.26000000000000006       0.46932732749175810     
  0.27000000000000007       0.46552994285465327     
  0.28000000000000008       0.46178175500314234     
  0.29000000000000009       0.45807484088639111     
  0.30000000000000010       0.45439858050308063     
  0.31000000000000011       0.45073989495339623     
  0.32000000000000012       0.44708352502464416     
  0.33000000000000013       0.44341234525337087     
  0.34000000000000014       0.43970770774594614     
  0.35000000000000014       0.43594980954350498     
  0.36000000000000015       0.43211807685402964     
  0.37000000000000016       0.42819155922803004     
  0.38000000000000017       0.42414932658414456     
  0.39000000000000018       0.41997086200612682     
  0.40000000000000019       0.41563644338682049     
  0.41000000000000020       0.41112750724398123     
  0.42000000000000021       0.40642698850890002     
  0.43000000000000022       0.40151963057747592     
  0.44000000000000022       0.39639226058732085     
  0.45000000000000023       0.39103402560793460     
  0.46000000000000024       0.38543658625063387     
  0.47000000000000025       0.37959426507050120     
  0.48000000000000026       0.37350414803879772     
  0.49000000000000027       0.36716613830522887     
  0.50000000000000022       0.36058296241607279     
  0.51000000000000023       0.35376013004033452     
  0.52000000000000024       0.34670584921775660     
  0.53000000000000025       0.33943089990540704     
  0.54000000000000026       0.33194846941739864     
  0.55000000000000027       0.32427395399752584     
  0.56000000000000028       0.31642473133417681     
  0.57000000000000028       0.30841990924394569     
  0.58000000000000029       0.30028005607193031     
  0.59000000000000030       0.29202691846878154     
  0.60000000000000031       0.28368313225843989     
  0.61000000000000032       0.27527193192105087     
  0.62000000000000033       0.26681686400090887     
  0.63000000000000034       0.25834150932697109     
  0.64000000000000035       0.24986921847965510     
  0.65000000000000036       0.24142286437639920     
  0.66000000000000036       0.23302461521932344     
  0.67000000000000037       0.22469573043769148     
  0.68000000000000038       0.21645638157536462     
  0.69000000000000039       0.20832549944198156     
  0.70000000000000040       0.20032064823178511     
  0.71000000000000041       0.19245792673106601     
  0.72000000000000042       0.18475189618062643     
  0.73000000000000043       0.17721553394810563     
  0.74000000000000044       0.16986021170579835     
  0.75000000000000044       0.16269569646944046     
  0.76000000000000045       0.15573017261251318     
  0.77000000000000046       0.14897028274709279     
  0.78000000000000047       0.14242118516360855     
  0.79000000000000048       0.13608662552172446     
  0.80000000000000049       0.12996902036323801     
  0.81000000000000050       0.12406955008445643     
  0.82000000000000051       0.11838825901542703     
  0.83000000000000052       0.11292416041414037     
  0.84000000000000052       0.10767534421453172     
  0.85000000000000053       0.10263908565089044     
  0.86000000000000054        9.7811952908018765E-002
  0.87000000000000055        9.3189912296950880E-002
  0.88000000000000056        8.8768429538510732E-002
  0.89000000000000057        8.4542566020624071E-002
  0.90000000000000058        8.0507069112282281E-002
  0.91000000000000059        7.6656455768804976E-002
  0.92000000000000060        7.2985088958826119E-002
  0.93000000000000060        6.9487246563630797E-002
  0.94000000000000061        6.6157182617142596E-002
  0.95000000000000062        6.2989180918786802E-002
  0.96000000000000063        5.9977601174838163E-002
  0.97000000000000064        5.7116917968074381E-002
  0.98000000000000065        5.4401752947041540E-002
  0.99000000000000066        5.1826900711962401E-002
   1.0000000000000007        4.9387348936211425E-002
   1.0100000000000007        4.7078293275974181E-002
   1.0200000000000007        4.4895147703244098E-002
   1.0300000000000007        4.2833550831059081E-002
   1.0400000000000007        4.0889368846094065E-002
   1.0500000000000007        3.9058695602884920E-002
   1.0600000000000007        3.7337850459692991E-002
   1.0700000000000007        3.5723374303957889E-002
   1.0800000000000007        3.4212024291978622E-002
   1.0900000000000007        3.2800767653745740E-002
   1.1000000000000008        3.1486774970883466E-002
   1.1100000000000008        3.0267413199860826E-002
   1.1200000000000008        2.9140238723503145E-002
   1.1300000000000008        2.8102990605810941E-002
   1.1400000000000008        2.7153584237605097E-002
   1.1500000000000008        2.6290105461359452E-002
   1.1600000000000008        2.5510805240015619E-002
   1.1700000000000008        2.4814094916299417E-002
   1.1800000000000008        2.4198542039677085E-002
   1.1900000000000008        2.3662866722381232E-002
   1.2000000000000008        2.3205938474294488E-002
   1.2100000000000009        2.2826773417610788E-002
   1.2200000000000009        2.2524531768919706E-002
   1.2300000000000009        2.2298515474177976E-002
   1.2400000000000009        2.2148165876441202E-002
   1.2500000000000009        2.2073061238149307E-002
   1.2600000000000009        2.2072914016076556E-002
   1.2700000000000009        2.2147567712071485E-002
   1.2800000000000009        2.2296993163357124E-002
   1.2900000000000009        2.2521284164118364E-002
   1.3000000000000009        2.2820652258345644E-002
   1.3100000000000009        2.3195420637915076E-002
   1.3200000000000010        2.3646017027529356E-002
   1.3300000000000010        2.4172965532853426E-002
   1.3400000000000010        2.4776877394227643E-002
   1.3500000000000010        2.5458440688909199E-002
   1.3600000000000010        2.6218408974325952E-002
   1.3700000000000010        2.7057589021342931E-002
   1.3800000000000010        2.7976827716878528E-002
   1.3900000000000010        2.8976998334306354E-002
   1.4000000000000010        3.0058986407133864E-002
   1.4100000000000010        3.1223675430808066E-002
   1.4200000000000010        3.2471932766551741E-002
   1.4300000000000010        3.3804596038449340E-002
   1.4400000000000011        3.5222460455792193E-002
   1.4500000000000011        3.6726267452757491E-002
   1.4600000000000011        3.8316695076222977E-002
   1.4700000000000011        3.9994350566768561E-002
   1.4800000000000011        4.1759765530910056E-002
   1.4900000000000011        4.3613394136527601E-002
   1.5000000000000011        4.5555614637769769E-002
   1.5100000000000011        4.7586734520149450E-002
   1.5200000000000011        4.9706999463691136E-002
   1.5300000000000011        5.1916606164097039E-002
   1.5400000000000011        5.4215718968311080E-002
   1.5500000000000012        5.6604490072439485E-002
   1.5600000000000012        5.9083082921058794E-002
   1.5700000000000012        6.1651698169399867E-002
   1.5800000000000012        6.4310601479275795E-002
   1.5900000000000012        6.7060152159761813E-002
   1.6000000000000012        6.9900831501248206E-002
   1.6100000000000012        7.2833269524207128E-002
   1.6200000000000012        7.5858268703573303E-002
   1.6300000000000012        7.8976823149860181E-002
   1.6400000000000012        8.2190131727004373E-002
   1.6500000000000012        8.5499603562764301E-002
   1.6600000000000013        8.8906854522996029E-002
   1.6700000000000013        9.2413693386215121E-002
   1.6800000000000013        9.6022096643828506E-002
   1.6900000000000013        9.9734171160959076E-002
   1.7000000000000013       0.10355210427689725     
   1.7100000000000013       0.10747810130447469     
   1.7200000000000013       0.11151431082052293     
   1.7300000000000013       0.11566273859774291     
   1.7400000000000013       0.11992515148826824     
   1.7500000000000013       0.12430297299053225     
   1.7600000000000013       0.12879717270093108     
   1.7700000000000014       0.13340815218223126     
   1.7800000000000014       0.13813563013930244     
   1.7900000000000014       0.14297853003893102     
   1.8000000000000014       0.14793487346973846     
   1.8100000000000014       0.15300168264440933     
   1.8200000000000014       0.15817489542555060     
   1.8300000000000014       0.16344929615199152     
   1.8400000000000014       0.16881846534013104     
   1.8500000000000014       0.17427475102842063     
   1.8600000000000014       0.17980926411371112     
   1.8700000000000014       0.18541189957934301     
   1.8800000000000014       0.19107138491233333     
   1.8900000000000015       0.19677535636318638     
   1.9000000000000015       0.20251046304899295     
   1.9100000000000015       0.20826249810214714     
   1.9200000000000015       0.21401655538230441     
   1.9300000000000015       0.21975720944908628     
   1.9400000000000015       0.22546871581312222     
   1.9500000000000015       0.23113522776902681     
   1.9600000000000015       0.23674102552444715     
   1.9700000000000015       0.24227075278501958     
   1.9800000000000015       0.24770965558808936     
   1.9900000000000015       0.25304381786946734     
   2.0000000000000013       0.25826038810625407     
   2.0100000000000011       0.26334779139453679     
   2.0200000000000009       0.26829592147836073     
   2.0300000000000007       0.27309630751927394     
   2.0400000000000005       0.27774225086117582     
   2.0500000000000003       0.28222892757219081     
   2.0600000000000001       0.28655345327117032     
   2.0699999999999998       0.29071490741994316     
   2.0799999999999996       0.29471431522238939     
   2.0899999999999994       0.29855458605292134     
   2.0999999999999992       0.30224040837328531     
   2.1099999999999990       0.30577810198734667     
   2.1199999999999988       0.30917542950509058     
   2.1299999999999986       0.31244136977730014     
   2.1399999999999983       0.31558585703650655     
   2.1499999999999981       0.31861949031457226     
   2.1599999999999979       0.32155321850357560     
   2.1699999999999977       0.32439800716183342     
   2.1799999999999975       0.32716449373666484     
   2.1899999999999973       0.32986263838808283     
   2.1999999999999971       0.33250137794681955     
   2.2099999999999969       0.33508829067960305     
   2.2199999999999966       0.33762927962487072     
   2.2299999999999964       0.34012828207110785     
   2.2399999999999962       0.34258701246868645     
   2.2499999999999960       0.34500474550159205     
   2.2599999999999958       0.34737814547172008     
   2.2699999999999956       0.34970114723320089     
   2.2799999999999954       0.35196489296057754     
   2.2899999999999952       0.35415772800883205     
   2.2999999999999949       0.35626525777833518     
   2.3099999999999947       0.35827046631100257     
   2.3199999999999945       0.36015389599339914     
   2.3299999999999943       0.36189388633167491     
   2.3399999999999941       0.36346686845042608     
   2.3499999999999939       0.36484771064017868     
   2.3599999999999937       0.36601010902893233     
   2.3699999999999934       0.36692701629813612     
   2.3799999999999932       0.36757110035695501     
   2.3899999999999930       0.36791522399115256     
   2.3999999999999928       0.36793293585305703     
   2.4099999999999926       0.36759896261455027     
   2.4199999999999924       0.36688969191327836     
   2.4299999999999922       0.36578363560550214     
   2.4399999999999920       0.36426186316694076     
   2.4499999999999917       0.36230839549365390     
   2.4599999999999915       0.35991055018473067     
   2.4699999999999913       0.35705923035415177     
   2.4799999999999911       0.35374915032839704     
   2.4899999999999909       0.34997899306235153     
   2.4999999999999907       0.34575149576459108     
   2.5099999999999905       0.34107346202000621     
   2.5199999999999902       0.33595570066098962     
   2.5299999999999900       0.33041289338812946     
   2.5399999999999898       0.32446339514821793     
   2.5499999999999896       0.31812897285058284     
   2.5599999999999894       0.31143448962903025     
   2.5699999999999892       0.30440754305272172     
   2.5799999999999890       0.29707806669902059     
   2.5899999999999888       0.28947790514369054     
   2.5999999999999885       0.28164037267346470     
   2.6099999999999883       0.27359980600548545     
   2.6199999999999881       0.26539112091428207     
   2.6299999999999879       0.25704938189986476     
   2.6399999999999877       0.24860939322189432     
   2.6499999999999875       0.24010531836481333     
   2.6599999999999873       0.23157033376288935     
   2.6699999999999871       0.22303632128119319     
   2.6799999999999868       0.21453360254924206     
   2.6899999999999866       0.20609071686602884     
   2.6999999999999864       0.19773424324530070     
   2.7099999999999862       0.18948866589794428     
   2.7199999999999860       0.18137628153639990     
   2.7299999999999858       0.17341714608597977     
   2.7399999999999856       0.16562905763305244     
   2.7499999999999853       0.15802757204694814     
   2.7599999999999851       0.15062604741948374     
   2.7699999999999849       0.14343571316731868     
   2.7799999999999847       0.13646575977260925     
   2.7899999999999845       0.12972344517910564     
   2.7999999999999843       0.12321421395461678     
   2.8099999999999841       0.11694182572606804     
   2.8199999999999839       0.11090848961929586     
   2.8299999999999836       0.10511500177759367     
   2.8399999999999834        9.9560883445360543E-002
   2.8499999999999832        9.4244517442706080E-002
   2.8599999999999830        8.9163281177646062E-002
   2.8699999999999828        8.4313674751151660E-002
   2.8799999999999826        7.9691443023476902E-002
   2.8899999999999824        7.5291690697542893E-002
   2.8999999999999821        7.1108989920398852E-002
   2.9099999999999819        6.7137479925763785E-002
   2.9199999999999817        6.3370958632111618E-002
   2.9299999999999815        5.9802966103254876E-002
   2.9399999999999813        5.6426860053674893E-002
   2.9499999999999811        5.3235883603688423E-002
   2.9599999999999809        5.0223225606911455E-002
   2.9699999999999807        4.7382073934588327E-002
   2.9799999999999804        4.4705662146608705E-002
   2.9899999999999802        4.2187310007085282E-002
   2.9999999999999800        3.9820458300661013E-002
   3.0099999999999798        3.7598698415883584E-002
   3.0199999999999796        3.5515797223560436E-002
   3.0299999999999794        3.3565717594321663E-002
   3.0399999999999792        3.1742635121782027E-002
   3.0499999999999790        3.0040951322586815E-002
   3.0599999999999787        2.8455303848264939E-002
   3.0699999999999785        2.6980573927658597E-002
   3.0799999999999783        2.5611891476066073E-002
   3.0899999999999781        2.4344638105810536E-002
   3.0999999999999779        2.3174448353169494E-002
   3.1099999999999777        2.2097209325560110E-002
   3.1199999999999775        2.1109059030064988E-002
   3.1299999999999772        2.0206383518596674E-002
   3.1399999999999770        1.9385813084890607E-002
   3.1499999999999768        1.8644217582156761E-002
   3.1599999999999766        1.7978701043864440E-002
   3.1699999999999764        1.7386595653841642E-002
   3.1799999999999762        1.6865455202074452E-002
   3.1899999999999760        1.6413048034689806E-002
   3.1999999999999758        1.6027349596297369E-002
   3.2099999999999755        1.5706534591457343E-002
   3.2199999999999753        1.5448968736203487E-002
   3.2299999999999751        1.5253200197035932E-002
   3.2399999999999749        1.5117950671554199E-002
   3.2499999999999747        1.5042106088175468E-002
   3.2599999999999745        1.5024707021041094E-002
   3.2699999999999743        1.5064938681790513E-002
   3.2799999999999740        1.5162120564278016E-002
   3.2899999999999738        1.5315695752844525E-002
   3.2999999999999736        1.5525219823665304E-002
   3.3099999999999734        1.5790349413285179E-002
   3.3199999999999732        1.6110830466013370E-002
   3.3299999999999730        1.6486486183609813E-002
   3.3399999999999728        1.6917204732446470E-002
   3.3499999999999726        1.7402926839865968E-002
   3.3599999999999723        1.7943633305682539E-002
   3.3699999999999721        1.8539332604594175E-002
   3.3799999999999719        1.9190048775171803E-002
   3.3899999999999717        1.9895809694913665E-002
   3.3999999999999715        2.0656636077234520E-002
   3.4099999999999713        2.1472531343821603E-002
   3.4199999999999711        2.2343472740293874E-002
   3.4299999999999708        2.3269403933009851E-002
   3.4399999999999706        2.4250229468516508E-002
   3.4499999999999704        2.5285811381401273E-002
   3.4599999999999702        2.6375968309297129E-002
   3.4699999999999700        2.7520477408794410E-002
   3.4799999999999698        2.8719079360650209E-002
   3.4899999999999696        2.9971486687851601E-002
   3.4999999999999694        3.1277395539708784E-002
   3.5099999999999691        3.2636500981096460E-002
   3.5199999999999689        3.4048515808295765E-002
   3.5299999999999687        3.5513192611449647E-002
   3.5399999999999685        3.7030348852906764E-002
   3.5499999999999683        3.8599894382558321E-002
   3.5599999999999681        4.0221860851832977E-002
   3.5699999999999679        4.1896432081968367E-002
   3.5799999999999677        4.3623974539619900E-002
   3.5899999999999674        4.5405066715911317E-002
   3.5999999999999672        4.7240526255099238E-002
   3.6099999999999670        4.9131433477686913E-002
   3.6199999999999668        5.1079150026408587E-002
   3.6299999999999666        5.3085331251400622E-002
   3.6399999999999664        5.5151931140090413E-002
   3.6499999999999662        5.7281198612125425E-002
   3.6599999999999659        5.9475664261512830E-002
   3.6699999999999657        6.1738116799537154E-002
   3.6799999999999655        6.4071568742244109E-002
   3.6899999999999653        6.6479211186713127E-002
   3.6999999999999651        6.8964357879435834E-002
   3.7099999999999649        7.1530379081835085E-002
   3.7199999999999647        7.4180626094689534E-002
   3.7299999999999645        7.6918347670261400E-002
   3.7399999999999642        7.9746599838886920E-002
   3.7499999999999640        8.2668150906997487E-002
   3.7599999999999638        8.5685383779901897E-002
   3.7699999999999636        8.8800197737146785E-002
   3.7799999999999634        9.2013912156807473E-002
   3.7899999999999632        9.5327174675387483E-002
   3.7999999999999630        9.8739876293815879E-002
   3.8099999999999627       0.10225107600442110     
   3.8199999999999625       0.10585893740063727     
   3.8299999999999623       0.10956067960814077     
   3.8399999999999621       0.11335254470416653     
   3.8499999999999619       0.11722978357601872     
   3.8599999999999617       0.12118666180863122     
   3.8699999999999615       0.12521648693329332     
   3.8799999999999613       0.12931165792766536     
   3.8899999999999610       0.13346373732946556     
   3.8999999999999608       0.13766354602552711     
   3.9099999999999606       0.14190128002110439     
   3.9199999999999604       0.14616664813179547     
   3.9299999999999602       0.15044902887957026     
   3.9399999999999600       0.15473764435054513     
   3.9499999999999598       0.15902174825205895     
   3.9599999999999596       0.16329082488791322     
   3.9699999999999593       0.16753479538399133     
   3.9799999999999591       0.17174422706174422     
   3.9899999999999589       0.17591054166125955     
   3.9999999999999587       0.18002621787494821     
   4.0099999999999589       0.18408498357062900     
   4.0199999999999587       0.18808199320183044     
   4.0299999999999585       0.19201398585098189     
   4.0399999999999583       0.19587941980183857     
   4.0499999999999581       0.19967857967457434     
   4.0599999999999579       0.20341365272740833     
   4.0699999999999577       0.20708877126920927     
   4.0799999999999574       0.21071001885947258     
   4.0899999999999572       0.21428539840659108     
   4.0999999999999570       0.21782476108454607     
   4.1099999999999568       0.22133969558875244     
   4.1199999999999566       0.22484337800056792     
   4.1299999999999564       0.22835038322052831     
   4.1399999999999562       0.23187645965069439     
   4.1499999999999559       0.23543826951555125     
   4.1599999999999557       0.23905309783240561     
   4.1699999999999555       0.24273853368321091     
   4.1799999999999553       0.24651212802778394     
   4.1899999999999551       0.25039103275154834     
   4.1999999999999549       0.25439162617215999     
   4.2099999999999547       0.25852913051552573     
   4.2199999999999545       0.26281722726924434     
   4.2299999999999542       0.26726767649372513     
   4.2399999999999540       0.27188994643058706     
   4.2499999999999538       0.27669085977351926     
   4.2599999999999536       0.28167426313358152     
   4.2699999999999534       0.28684072607299105     
   4.2799999999999532       0.29218727615788020     
   4.2899999999999530       0.29770717622984527     
   4.2999999999999527       0.30338974985743572     
   4.3099999999999525       0.30922026060290264     
   4.3199999999999523       0.31517985027691187     
   4.3299999999999521       0.32124554070915018     
   4.3399999999999519       0.32739030281950243     
   4.3499999999999517       0.33358319579841039     
   4.3599999999999515       0.33978957814615596     
   4.3699999999999513       0.34597139091295764     
   4.3799999999999510       0.35208751212804396     
   4.3899999999999508       0.35809417964193724     
   4.3999999999999506       0.36394547805035499     
   4.4099999999999504       0.36959388341135213     
   4.4199999999999502       0.37499085781502578     
   4.4299999999999500       0.38008748414617111     
   4.4399999999999498       0.38483512981572315     
   4.4499999999999496       0.38918612699797456     
   4.4599999999999493       0.39309445591471431     
   4.4699999999999491       0.39651641712235430     
   4.4799999999999489       0.39941127857482728     
   4.4899999999999487       0.40174188360096524     
   4.4999999999999485       0.40347520654532804     
   4.5099999999999483       0.40458284415847928     
   4.5199999999999481       0.40504143233052309     
   4.5299999999999478       0.40483297963608006     
   4.5399999999999476       0.40394511149974321     
   4.5499999999999474       0.40237122087280630     
   4.5599999999999472       0.40011052396791313     
   4.5699999999999470       0.39716802179125932     
   4.5799999999999468       0.39355437057866022     
   4.5899999999999466       0.38928566627871725     
   4.5999999999999464       0.38438315005932205     
   4.6099999999999461       0.37887284339634764     
   4.6199999999999459       0.37278512246403522     
   4.6299999999999457       0.36615424247640027     
   4.6399999999999455       0.35901782316411740     
   4.6499999999999453       0.35141630682602232     
   4.6599999999999451       0.34339240028735835     
   4.6699999999999449       0.33499051175408295     
   4.6799999999999446       0.32625619303230774     
   4.6899999999999444       0.31723559662469009     
   4.6999999999999442       0.30797495645776624     
   4.7099999999999440       0.29852009964449677     
   4.7199999999999438       0.28891599571025744     
   4.7299999999999436       0.27920634825786977     
   4.7399999999999434       0.26943323291808807     
   4.7499999999999432       0.25963678405181856     
   4.7599999999999429       0.24985493152116270     
   4.7699999999999427       0.24012318765454563     
   4.7799999999999425       0.23047448353217967     
   4.7899999999999423       0.22093905280601689     
   4.7999999999999421       0.21154436038805971     
   4.8099999999999419       0.20231507281793995     
   4.8199999999999417       0.19327306656563703     
   4.8299999999999415       0.18443747017046364     
   4.8399999999999412       0.17582473596297052     
   4.8499999999999410       0.16744873688488804     
   4.8599999999999408       0.15932088422401972     
   4.8699999999999406       0.15145026189427635     
   4.8799999999999404       0.14384377333963053     
   4.8899999999999402       0.13650629729723512     
   4.8999999999999400       0.12944084906720177     
   4.9099999999999397       0.12264874416208495     
   4.9199999999999395       0.11612976172735871     
   4.9299999999999393       0.10988230543345033     
   4.9399999999999391       0.10390355985232398     
   4.9499999999999389        9.8189640850517054E-002
   4.9599999999999387        9.2735738668836623E-002
   4.9699999999999385        8.7536252824899879E-002
   4.9799999999999383        8.2584918162004264E-002
   4.9899999999999380        7.7874921655649812E-002
   4.9999999999999378        7.3399009771069099E-002
   5.0099999999999376        6.9149586366183333E-002
   5.0199999999999374        6.5118801282405103E-002
   5.0299999999999372        6.1298629881492796E-002
   5.0399999999999370        5.7680943922830137E-002
   5.0499999999999368        5.4257574122603493E-002
   5.0599999999999365        5.1020364997878244E-002
   5.0699999999999363        4.7961222412041059E-002
   5.0799999999999361        4.5072154414192662E-002
   5.0899999999999359        4.2345305932655446E-002
   5.0999999999999357        3.9772987752056836E-002
   5.1099999999999355        3.7347700490055508E-002
   5.1199999999999353        3.5062153884160244E-002
   5.1299999999999351        3.2909282015696449E-002
   5.1399999999999348        3.0882254847658573E-002
   5.1499999999999346        2.8974486560474425E-002
   5.1599999999999344        2.7179641034503339E-002
   5.1699999999999342        2.5491634870899196E-002
   5.1799999999999340        2.3904638305854028E-002
   5.1899999999999338        2.2413074257920329E-002
   5.1999999999999336        2.1011615875036516E-002
   5.2099999999999334        1.9695182743156150E-002
   5.2199999999999331        1.8458936039902382E-002
   5.2299999999999329        1.7298272795349543E-002
   5.2399999999999327        1.6208819452686794E-002
   5.2499999999999325        1.5186424887594131E-002
   5.2599999999999323        1.4227152986073325E-002
   5.2699999999999321        1.3327274937421347E-002
   5.2799999999999319        1.2483261333542934E-002
   5.2899999999999316        1.1691774143305269E-002
   5.2999999999999314        1.0949658667313350E-002
   5.3099999999999312        1.0253935494904722E-002
   5.3199999999999310        9.6017925645423378E-003
   5.3299999999999308        8.9905773241324601E-003
   5.3399999999999306        8.4177890796005538E-003
   5.3499999999999304        7.8810714826394769E-003
   5.3599999999999302        7.3782052884741852E-003
   5.3699999999999299        6.9071012817897874E-003
   5.3799999999999297        6.4657935055452932E-003
   5.3899999999999295        6.0524326680865617E-003
   5.3999999999999293        5.6652798822700743E-003
   5.4099999999999291        5.3027006058602652E-003
   5.4199999999999289        4.9631588587590418E-003
   5.4299999999999287        4.6452117203829553E-003
   5.4399999999999284        4.3475040450489666E-003
   5.4499999999999282        4.0687634561988794E-003
   5.4599999999999280        3.8077955773458089E-003
   5.4699999999999278        3.5634794914985502E-003
   5.4799999999999276        3.3347634506109797E-003
   5.4899999999999274        3.1206607894281127E-003
   5.4999999999999272        2.9202460817894130E-003
   5.5099999999999270        2.7326514692312207E-003
   5.5199999999999267        2.5570632194720088E-003
   5.5299999999999265        2.3927184536180071E-003
   5.5399999999999263        2.2389020828459802E-003
   5.5499999999999261        2.0949438865968451E-003
   5.5599999999999259        1.9602157800227152E-003
   5.5699999999999257        1.8341292270342030E-003
   5.5799999999999255        1.7161328138097058E-003
   5.5899999999999253        1.6057099579925432E-003
   5.5999999999999250        1.5023767424411809E-003
   5.6099999999999248        1.4056799058575231E-003
   5.6199999999999246        1.3151949165706828E-003
   5.6299999999999244        1.2305241988199290E-003
   5.6399999999999242        1.1512954306410457E-003
   5.6499999999999240        1.0771599784092131E-003
   5.6599999999999238        1.0077914021589657E-003
   5.6699999999999235        9.4288405556298299E-004
   5.6799999999999233        8.8215178907678857E-004
   5.6899999999999231        8.2532670719664698E-004
   5.6999999999999229        7.7215802036502857E-004
   5.7099999999999227        7.2241096979446136E-004
   5.7199999999999225        6.7586580309768861E-004
   5.7299999999999223        6.3231682571651487E-004
   5.7399999999999221        5.9157150676128240E-004
   5.7499999999999218        5.5344964787158496E-004
   5.7599999999999216        5.1778259456396083E-004
   5.7699999999999214        4.8441250181149452E-004
   5.7799999999999212        4.5319164256723199E-004
   5.7899999999999210        4.2398176982708763E-004
   5.7999999999999208        3.9665350705493337E-004
   5.8099999999999206        3.7108577986617723E-004
   5.8199999999999203        3.4716528876065355E-004
   5.8299999999999201        3.2478601075683919E-004
   5.8399999999999199        3.0384873457238356E-004
   5.8499999999999197        2.8426062572125686E-004
   5.8599999999999195        2.6593481368133878E-004
   5.8699999999999193        2.4879001117675969E-004
   5.8799999999999191        2.3275016621256353E-004
   5.8899999999999189        2.1774410599110751E-004
   5.8999999999999186        2.0370524591989631E-004
   5.9099999999999184        1.9057128151581175E-004
   5.9199999999999182        1.7828391638776835E-004
   5.9299999999999180        1.6678860718593935E-004
   5.9399999999999178        1.5603432131321558E-004
   5.9499999999999176        1.4597330967518852E-004
   5.9599999999999174        1.3656089948318632E-004
   5.9699999999999172        1.2775529382626704E-004
   5.9799999999999169        1.1951738585125716E-004
   5.9899999999999167        1.1181058852752916E-004
   5.9999999999999165        1.0460067177469464E-004
   6.0099999999999163        9.7855608234498619E-005
   6.0199999999999161        9.1545436084407956E-005
   6.0299999999999159        8.5642121341527650E-005
   6.0399999999999157        8.0119439674354064E-005
   6.0499999999999154        7.4952851515628120E-005
   6.0599999999999152        7.0119404527182718E-005
   6.0699999999999150        6.5597618981471251E-005
   6.0799999999999148        6.1367403625237004E-005
   6.0899999999999146        5.7409961690784263E-005
   6.0999999999999144        5.3707705893602996E-005
   6.1099999999999142        5.0244185049013461E-005
   6.1199999999999140        4.7004005162565192E-005
   6.1299999999999137        4.3972766828078953E-005
   6.1399999999999135        4.1136998369577508E-005
   6.1499999999999133        3.8484096004984147E-005
   6.1599999999999131        3.6002268782713885E-005
   6.1699999999999129        3.3680486194578015E-005
   6.1799999999999127        3.1508428827461426E-005
   6.1899999999999125        2.9476441839544116E-005
   6.1999999999999122        2.7575492581966325E-005
   6.2099999999999120        2.5797131307997763E-005
   6.2199999999999118        2.4133454563598629E-005
   6.2299999999999116        2.2577065660026686E-005
   6.2399999999999114        2.1121047840654330E-005
   6.2499999999999112        1.9758925643988362E-005
   6.2599999999999110        1.8484647014204811E-005
   6.2699999999999108        1.7292545940391733E-005
   6.2799999999999105        1.6177323575142555E-005
   6.2899999999999103        1.5134021433863246E-005
   6.2999999999999101        1.4158002903237691E-005
   6.3099999999999099        1.3244927690361227E-005
   6.3199999999999097        1.2390738191414278E-005
   6.3299999999999095        1.1591635231232886E-005
   6.3399999999999093        1.0844066928588875E-005
   6.3499999999999091        1.0144710543763848E-005
   6.3599999999999088        9.4904572745338296E-006
   6.3699999999999086        8.8783963150522330E-006
   6.3799999999999084        8.3058092311255679E-006
   6.3899999999999082        7.7701481090743672E-006
   6.3999999999999080        7.2690331748708206E-006
   6.4099999999999078        6.8002356671586675E-006
   6.4199999999999076        6.3616724226951004E-006
   6.4299999999999073        5.9513919800331618E-006
   6.4399999999999071        5.5675718585363820E-006
   6.4499999999999069        5.2085054844488074E-006
   6.4599999999999067        4.8725953173605519E-006
   6.4699999999999065        4.5583491322041620E-006
   6.4799999999999063        4.2643695109707192E-006
   6.4899999999999061        3.9893486961887957E-006
   6.4999999999999059        3.7320654059498826E-006
   6.5099999999999056        3.4913741723151556E-006
   6.5199999999999054        3.2662057078361683E-006
   6.5299999999999052        3.0555587994545197E-006
   6.5399999999999050        2.8584980931321393E-006
   6.5499999999999048        2.6741455826489068E-006
   6.5599999999999046        2.5016832442883299E-006
   6.5699999999999044        2.3403423265101788E-006
   6.5799999999999041        2.1894063135911901E-006
   6.5899999999999039        2.0482052623198680E-006
   6.5999999999999037        1.9161112788655849E-006
   6.6099999999999035        1.7925356343307184E-006
   6.6199999999999033        1.6769297637991229E-006
   6.6299999999999031        1.5687798030437277E-006
   6.6399999999999029        1.4676048432375979E-006
   6.6499999999999027        1.3729547551807605E-006
   6.6599999999999024        1.2844085597546767E-006
   6.6699999999999022        1.2015731100717756E-006
   6.6799999999999020        1.1240804770955637E-006
   6.6899999999999018        1.0515855667476709E-006
   6.6999999999999016        9.8376541427906910E-007
   6.7099999999999014        9.2031960866263311E-007
   6.7199999999999012        8.6096558264824456E-007
   6.7299999999999010        8.0543929605505087E-007
   6.7399999999999007        7.5349506317168421E-007
   6.7499999999999005        7.0489906807888632E-007
   6.7599999999999003        6.5943819769991736E-007
   6.7699999999999001        6.1690927563201993E-007
   6.7799999999998999        5.7712277304288377E-007
   6.7899999999998997        5.3990179946924902E-007
   6.7999999999998995        5.0508215967332694E-007
   6.8099999999998992        4.7250794727054826E-007
   6.8199999999998990        4.4203508911793783E-007
   6.8299999999998988        4.1352667902682563E-007
   6.8399999999998986        3.8685635056666171E-007
   6.8499999999998984        3.6190689829693122E-007
   6.8599999999998982        3.3856718924541802E-007
   6.8699999999998980        3.1673134661250643E-007
   6.8799999999998978        2.9630466182316059E-007
   6.8899999999998975        2.7719485488354794E-007
   6.8999999999998973        2.5931777931321120E-007
   6.9099999999998971        2.4259396608719859E-007
   6.9199999999998969        2.2694853733616828E-007
   6.9299999999998967        2.1231159621892527E-007
   6.9399999999998965        1.9861934374490826E-007
   6.9499999999998963        1.8580956782673011E-007
   6.9599999999998960        1.7382600497954479E-007
   6.9699999999998958        1.6261580817992234E-007
   6.9799999999998956        1.5212778533226568E-007
   6.9899999999998954        1.4231676299872789E-007
   6.9999999999998952        1.3313883381201715E-007
   7.0099999999998950        1.2455181741847712E-007
   7.0199999999998948        1.1651896934394254E-007
   7.0299999999998946        1.0900423449829293E-007
   7.0399999999998943        1.0197472753660203E-007
   7.0499999999998941        9.5397770233746767E-008
   7.0599999999998939        8.9246065418265387E-008
   7.0699999999998937        8.3489863985752480E-008
   7.0799999999998935        7.8104896368898694E-008
   7.0899999999998933        7.3067422983420747E-008
   7.0999999999998931        6.8355683051366204E-008
   7.1099999999998929        6.3946981725094436E-008
   7.1199999999998926        5.9822894479925869E-008
   7.1299999999998924        5.5964532802214470E-008
   7.1399999999998922        5.2355542350001136E-008
   7.1499999999998920        4.8978963666612669E-008
   7.1599999999998918        4.5819649593637496E-008
   7.1699999999998916        4.2864604378836571E-008
   7.1799999999998914        4.0100522605560731E-008
   7.1899999999998911        3.7514787225913107E-008
   7.1999999999998909        3.5094884751896920E-008
   7.2099999999998907        3.2831050094056088E-008
   7.2199999999998905        3.0713947631933694E-008
   7.2299999999998903        2.8732939123969833E-008
   7.2399999999998901        2.6880350984584145E-008
   7.2499999999998899        2.5146553158308181E-008
   7.2599999999998897        2.3524888367998931E-008
   7.2699999999998894        2.2007745976250555E-008
   7.2799999999998892        2.0588339763690372E-008
   7.2899999999998890        1.9260149517749395E-008
   7.2999999999998888        1.8018553624037717E-008
   7.3099999999998886        1.6856143488484772E-008
   7.3199999999998884        1.5769251872256101E-008
   7.3299999999998882        1.4752277403077320E-008
   7.3399999999998879        1.3800456325518286E-008
   7.3499999999998877        1.2910037131412630E-008
   7.3599999999998875        1.2078114051783138E-008
   7.3699999999998873        1.1298742545273266E-008
   7.3799999999998871        1.0570059548964216E-008
   7.3899999999998869        9.8883876710895066E-009
   7.3999999999998867        9.2511206541490925E-009
   7.4099999999998865        8.6545587699271792E-009
   7.4199999999998862        8.0964937558361840E-009
   7.4299999999998860        7.5743122473241534E-009
   7.4399999999998858        7.0854435221511219E-009
   7.4499999999998856        6.6284072829135122E-009
   7.4599999999998854        6.2013353902269502E-009
   7.4699999999998852        5.8012845092676578E-009
   7.4799999999998850        5.4267702814594926E-009
   7.4899999999998847        5.0770434204624643E-009
   7.4999999999998845        4.7498976942751938E-009
   7.5099999999998843        4.4431126567923820E-009
   7.5199999999998841        4.1566751092030356E-009
   7.5299999999998839        3.8885493887540689E-009
   7.5399999999998837        3.6383791275520343E-009
   7.5499999999998835        3.4032037307898080E-009
   7.5599999999998833        3.1839278246584066E-009
   7.5699999999998830        2.9787279426717252E-009
   7.5799999999998828        2.7862892802086319E-009
   7.5899999999998826        2.6064199468649509E-009
   7.5999999999998824        2.4384061915606097E-009
   7.6099999999998822        2.2811382988895457E-009
   7.6199999999998820        2.1342182739394262E-009
   7.6299999999998818        1.9967293070014165E-009
   7.6399999999998816        1.8683272136998206E-009
   7.6499999999998813        1.7474910849053382E-009
   7.6599999999998811        1.6342412264808033E-009
   7.6699999999998809        1.5287766358824255E-009
   7.6799999999998807        1.4303368585455302E-009
   7.6899999999998805        1.3389290015221277E-009
   7.6999999999998803        1.2519478226054008E-009
   7.7099999999998801        1.1709152462178025E-009
   7.7199999999998798        1.0954200786361298E-009
   7.7299999999998796        1.0247363852625960E-009
   7.7399999999998794        9.5923271750839088E-010
   7.7499999999998792        8.9706733361078356E-010
   7.7599999999998790        8.3932862781983701E-010
   7.7699999999998788        7.8529777258981808E-010
   7.7799999999998786        7.3422751216691700E-010
   7.7899999999998784        6.8685799525292247E-010
   7.7999999999998781        6.4299733144367238E-010
   7.8099999999998779        6.0135711373976278E-010
   7.8199999999998777        5.6251301335368470E-010
   7.8299999999998775        5.2662950777474163E-010
   7.8399999999998773        4.9184251879102455E-010
   7.8499999999998771        4.5999581875156050E-010
   7.8599999999998769        4.3076654443663729E-010
   7.8699999999998766        4.0264089376895406E-010
   7.8799999999998764        3.7710627120407634E-010
   7.8899999999998762        3.5266714994128595E-010
   7.8999999999998760        3.3011342804640514E-010
   7.9099999999998758        3.0901157534706486E-010
   7.9199999999998756        2.8904177450298482E-010
   7.9299999999998754        2.7015427615012682E-010
   7.9399999999998752        2.5276128930483961E-010
   7.9499999999998749        2.3648410962451729E-010
   7.9599999999998747        2.2167504383003218E-010
   7.9699999999998745        2.0724163649872801E-010
   7.9799999999998743        1.9354837786920287E-010
   7.9899999999998741        1.8133643193638601E-010
   7.9999999999998739        1.6985752765334351E-010
   8.0099999999998737        1.5876240417863221E-010
   8.0199999999998735        1.4802974035623253E-010
   8.0299999999998732        1.3840780723307796E-010
   8.0399999999998730        1.2990980362003609E-010
   8.0499999999998728        1.2083612879449559E-010
   8.0599999999998726        1.1398290007429980E-010
   8.0699999999998724        1.0619763224815673E-010
   8.0799999999998722        9.9179926038676080E-011
   8.0899999999998720        9.2710478126811764E-011
   8.0999999999998717        8.6981178916727129E-011
   8.1099999999998715        8.1964615493544035E-011
   8.1199999999998713        7.6043425879294370E-011
   8.1299999999998711        7.1602533668607749E-011
   8.1399999999998709        6.7161641457920648E-011
   8.1499999999998707        6.2364381353783643E-011
   8.1599999999998705        5.8087966632381018E-011
   8.1699999999998703        5.4387223123475562E-011
   8.1799999999998700        5.0686479614569564E-011
   8.1899999999998698        4.8109665615775578E-011
   8.1999999999998696        4.4765290000319995E-011
   8.2099999999998694        4.1448327299745464E-011
   8.2199999999998692        3.8679622896786159E-011
   8.2299999999998690        3.6267286387277263E-011
   8.2399999999998688        3.4238730686099291E-011
   8.2499999999998685        3.2018284580755728E-011
   8.2599999999998683        3.0537987177193422E-011
   8.2699999999998681        2.8125650667684445E-011
   8.2799999999998679        2.5905204562340918E-011
   8.2899999999998677        2.4424907158778660E-011
   8.2999999999998675        2.2944609755216179E-011
   8.3099999999998673        2.1464312351653924E-011
   8.3199999999998671        1.9984014948091560E-011
   8.3299999999998668        1.8887498352860100E-011
   8.3399999999998666        1.7407200949297939E-011
   8.3499999999998664        1.5735013141570103E-011
   8.3599999999998662        1.5159341929073641E-011
   8.3699999999998660        1.4062825333842132E-011
   8.3799999999998658        1.3870934929676650E-011
   8.3899999999998656        1.2390637526114281E-011
   8.3999999999998654        1.2034269632664137E-011
   8.4099999999998651        1.0910340122552086E-011
   8.4199999999998649        1.0553972229101885E-011
   8.4299999999998647        9.4300427189897118E-012
   8.4399999999998645        9.0736748255395512E-012
   8.4499999999998643        8.5254165279238281E-012
   8.4599999999998641        8.1416357195928387E-012
   8.4699999999998639        7.4014870178116919E-012
   8.4799999999998636        6.8532287201960076E-012
   8.4899999999998634        6.6613383160304838E-012
   8.4999999999998632        6.1130800184148051E-012
   8.5099999999998630        6.1130800184148213E-012
   8.5199999999998628        5.1810409124682251E-012
   8.5299999999998626        4.4408922106870331E-012
   8.5399999999998624        4.4408922106870331E-012
   8.5499999999998622        4.0571114023560582E-012
   8.5599999999998619        4.4408922106870355E-012
   8.5699999999998617        3.7007435089058573E-012
   8.5799999999998615        3.5088531047403876E-012
   8.5899999999998613        3.3169627005748885E-012
   8.5999999999998611        3.3443756154556749E-012
   8.6099999999998609        3.3443756154556749E-012
   8.6199999999998607        2.4123365095090145E-012
   8.6299999999998604        2.6042269136744966E-012
   8.6399999999998602        2.7687044029591904E-012
   8.6499999999998600        2.2204461053435165E-012
   8.6599999999998598        1.6721878077278199E-012
   8.6699999999998596        1.8366652970125284E-012
   8.6799999999998594        1.4802974035623324E-012
   8.6899999999998592        1.8640782118933132E-012
   8.6999999999998590        1.4802974035623324E-012
   8.7099999999998587        1.4802974035623324E-012
   8.7199999999998585        1.4802974035623324E-012
   8.7299999999998583        1.2884069993968448E-012
   8.7399999999998581        1.4802974035623324E-012
   8.7499999999998579        1.1239295101121414E-012
   8.7599999999998577        1.6721878077278199E-012
   8.7699999999998575        9.3203910594665375E-013
   8.7799999999998573        7.4014870178116622E-013
   8.7899999999998570        7.4014870178116622E-013
   8.7999999999998568        7.4014870178116622E-013
   8.8099999999998566        7.4014870178116622E-013
   8.8199999999998564        7.4014870178116622E-013
   8.8299999999998562        7.4014870178116622E-013
   8.8399999999998560        5.4825829761567870E-013
   8.8499999999998558        1.9189040416548752E-013
   8.8599999999998555        3.5636789345019112E-013
   8.8699999999998553        3.8378080833097505E-013
   8.8799999999998551        7.4014870178116622E-013
   8.8899999999998549        1.9189040416548752E-013
   8.8999999999998547        5.4825829761567870E-013
   8.9099999999998545        1.9189040416548752E-013
   8.9199999999998543        3.8378080833097505E-013
   8.9299999999998541        0.0000000000000000     
   8.9399999999998538        3.8378080833097505E-013
   8.9499999999998536        5.4825829761567870E-013
   8.9599999999998534        3.8378080833097505E-013
   8.9699999999998532        3.8378080833097505E-013
   8.9799999999998530        1.9189040416548752E-013
   8.9899999999998528        3.8378080833097505E-013
   8.9999999999998526        1.9189040416548752E-013
   9.0099999999998523        3.8378080833097505E-013
   9.0199999999998521        0.0000000000000000     
   9.0299999999998519        0.0000000000000000     
   9.0399999999998517        0.0000000000000000     
   9.0499999999998515        0.0000000000000000     
   9.0599999999998513        5.4825829761567870E-013
   9.0699999999998511        0.0000000000000000     
   9.0799999999998509        0.0000000000000000     
   9.0899999999998506        0.0000000000000000     
   9.0999999999998504        5.4825829761567870E-013
   9.1099999999998502        3.8378080833097505E-013
   9.1199999999998500        0.0000000000000000     
   9.1299999999998498        0.0000000000000000     
   9.1399999999998496        0.0000000000000000     
   9.1499999999998494        0.0000000000000000     
   9.1599999999998492        0.0000000000000000     
   9.1699999999998489        0.0000000000000000     
   9.1799999999998487        0.0000000000000000     
   9.1899999999998485        0.0000000000000000     
   9.1999999999998483        0.0000000000000000     
   9.2099999999998481        0.0000000000000000     
   9.2199999999998479        0.0000000000000000     
   9.2299999999998477        0.0000000000000000     
   9.2399999999998474        0.0000000000000000     
   9.2499999999998472        0.0000000000000000     
   9.2599999999998470        3.8378080833097505E-013
   9.2699999999998468        0.0000000000000000     
   9.2799999999998466        0.0000000000000000     
   9.2899999999998464        0.0000000000000000     
   9.2999999999998462        0.0000000000000000     
   9.3099999999998460        0.0000000000000000     
   9.3199999999998457        0.0000000000000000     
   9.3299999999998455        0.0000000000000000     
   9.3399999999998453        0.0000000000000000     
   9.3499999999998451        0.0000000000000000     
   9.3599999999998449        0.0000000000000000     
   9.3699999999998447        0.0000000000000000     
   9.3799999999998445        0.0000000000000000     
   9.3899999999998442        0.0000000000000000     
   9.3999999999998440        0.0000000000000000     
   9.4099999999998438        0.0000000000000000     
   9.4199999999998436        0.0000000000000000     
   9.4299999999998434        0.0000000000000000     
   9.4399999999998432        0.0000000000000000     
   9.4499999999998430        0.0000000000000000     
   9.4599999999998428        0.0000000000000000     
   9.4699999999998425        0.0000000000000000     
   9.4799999999998423        0.0000000000000000     
   9.4899999999998421        0.0000000000000000     
   9.4999999999998419        0.0000000000000000     
   9.5099999999998417        0.0000000000000000     
   9.5199999999998415        0.0000000000000000     
   9.5299999999998413        0.0000000000000000     
   9.5399999999998411        0.0000000000000000     
   9.5499999999998408        0.0000000000000000     
   9.5599999999998406        0.0000000000000000     
   9.5699999999998404        0.0000000000000000     
   9.5799999999998402        0.0000000000000000     
   9.5899999999998400        0.0000000000000000     
   9.5999999999998398        0.0000000000000000     
   9.6099999999998396        0.0000000000000000     
   9.6199999999998393        0.0000000000000000     
   9.6299999999998391        0.0000000000000000     
   9.6399999999998389        0.0000000000000000     
   9.6499999999998387        0.0000000000000000     
   9.6599999999998385        0.0000000000000000     
   9.6699999999998383        0.0000000000000000     
   9.6799999999998381        0.0000000000000000     
   9.6899999999998379        0.0000000000000000     
   9.6999999999998376        0.0000000000000000     
   9.7099999999998374        0.0000000000000000     
   9.7199999999998372        0.0000000000000000     
   9.7299999999998370        0.0000000000000000     
   9.7399999999998368        0.0000000000000000     
   9.7499999999998366        0.0000000000000000     
   9.7599999999998364        0.0000000000000000     
   9.7699999999998361        0.0000000000000000     
   9.7799999999998359        0.0000000000000000     
   9.7899999999998357        0.0000000000000000     
   9.7999999999998355        0.0000000000000000     
   9.8099999999998353        0.0000000000000000     
   9.8199999999998351        0.0000000000000000     
   9.8299999999998349        0.0000000000000000     
   9.8399999999998347        0.0000000000000000     
   9.8499999999998344        0.0000000000000000     
   9.8599999999998342        0.0000000000000000     
   9.8699999999998340        0.0000000000000000     
   9.8799999999998338        0.0000000000000000     
   9.8899999999998336        0.0000000000000000     
   9.8999999999998334        0.0000000000000000     
   9.9099999999998332        0.0000000000000000     
   9.9199999999998330        0.0000000000000000     
   9.9299999999998327        0.0000000000000000     
   9.9399999999998325        0.0000000000000000     
   9.9499999999998323        0.0000000000000000     
   9.9599999999998321        0.0000000000000000     
   9.9699999999998319        0.0000000000000000     
   9.9799999999998317        0.0000000000000000     
   9.9899999999998315        0.0000000000000000     
   9.9999999999998312        0.0000000000000000     
