   0.0000000000000000       0.45114595119219286     
   1.0000000000000000E-002  0.45108775824622332     
   2.0000000000000000E-002  0.45091321804508461     
   2.9999999999999999E-002  0.45062244628174608     
   4.0000000000000001E-002  0.45021563506393847     
   5.0000000000000003E-002  0.44969305185612990     
   6.0000000000000005E-002  0.44905503803068436     
   7.0000000000000007E-002  0.44830200705697976     
   8.0000000000000002E-002  0.44743444236723162     
   8.9999999999999997E-002  0.44645289494136542     
   9.9999999999999992E-002  0.44535798066402971     
  0.10999999999999999       0.44415037750681136     
  0.11999999999999998       0.44283082259736395     
  0.12999999999999998       0.44140010923283479     
  0.13999999999999999       0.43985908390917089     
  0.14999999999999999       0.43820864341964033     
  0.16000000000000000       0.43644973209254634     
  0.17000000000000001       0.43458333922701270     
  0.18000000000000002       0.43261049678169938     
  0.19000000000000003       0.43053227736907035     
  0.20000000000000004       0.42834979260704253     
  0.21000000000000005       0.42606419186068045     
  0.22000000000000006       0.42367666141316712     
  0.23000000000000007       0.42118842409095353     
  0.24000000000000007       0.41860073935873632     
  0.25000000000000006       0.41591490389139663     
  0.26000000000000006       0.41313225262693104     
  0.27000000000000007       0.41025416028989192     
  0.28000000000000008       0.40728204336404938     
  0.29000000000000009       0.40421736249240492     
  0.30000000000000010       0.40106162526703382     
  0.31000000000000011       0.39781638936856473     
  0.32000000000000012       0.39448326600359040     
  0.33000000000000013       0.39106392358909936     
  0.34000000000000014       0.38756009161844923     
  0.35000000000000014       0.38397356464542265     
  0.36000000000000015       0.38030620632186823     
  0.37000000000000016       0.37655995341109566     
  0.38000000000000017       0.37273681970400308     
  0.39000000000000018       0.36883889978035311     
  0.40000000000000019       0.36486837251667620     
  0.41000000000000020       0.36082750429575372     
  0.42000000000000021       0.35671865183281631     
  0.43000000000000022       0.35254426456362631     
  0.44000000000000022       0.34830688652793651     
  0.45000000000000023       0.34400915770371787     
  0.46000000000000024       0.33965381472984368     
  0.47000000000000025       0.33524369099115364     
  0.48000000000000026       0.33078171602482132     
  0.49000000000000027       0.32627091421587145     
  0.50000000000000022       0.32171440278352204     
  0.51000000000000023       0.31711538902186487     
  0.52000000000000024       0.31247716682315690     
  0.53000000000000025       0.30780311246776509     
  0.54000000000000026       0.30309667972223242     
  0.55000000000000027       0.29836139423658903     
  0.56000000000000028       0.29360084731190111     
  0.57000000000000028       0.28881868905466851     
  0.58000000000000029       0.28401862097397934     
  0.59000000000000030       0.27920438806904063     
  0.60000000000000031       0.27437977047871764     
  0.61000000000000032       0.26954857474853083     
  0.62000000000000033       0.26471462478708402     
  0.63000000000000034       0.25988175257530555     
  0.64000000000000035       0.25505378872507373     
  0.65000000000000036       0.25023455293172281     
  0.66000000000000036       0.24542784441558160     
  0.67000000000000037       0.24063743242642563     
  0.68000000000000038       0.23586704687830323     
  0.69000000000000039       0.23112036917516185     
  0.70000000000000040       0.22640102332595829     
  0.71000000000000041       0.22171256737267556     
  0.72000000000000042       0.21705848522112126     
  0.73000000000000043       0.21244217891251119     
  0.74000000000000044       0.20786696139035180     
  0.75000000000000044       0.20333604979748779     
  0.76000000000000045       0.19885255933923085     
  0.77000000000000046       0.19441949776417627     
  0.78000000000000047       0.19003976044108545     
  0.79000000000000048       0.18571612610122054     
  0.80000000000000049       0.18145125320326327     
  0.81000000000000050       0.17724767696914351     
  0.82000000000000051       0.17310780706198922     
  0.83000000000000052       0.16903392591065233     
  0.84000000000000052       0.16502818765524921     
  0.85000000000000053       0.16109261771889336     
  0.86000000000000054       0.15722911295644831     
  0.87000000000000055       0.15343944237889007     
  0.88000000000000056       0.14972524839570092     
  0.89000000000000057       0.14608804859183114     
  0.90000000000000058       0.14252923793928740     
  0.91000000000000059       0.13905009147030137     
  0.92000000000000060       0.13565176732423379     
  0.93000000000000060       0.13233531018151459     
  0.94000000000000061       0.12910165498093867     
  0.95000000000000062       0.12595163096013384     
  0.96000000000000063       0.12288596589666000     
  0.97000000000000064       0.11990529058963002     
  0.98000000000000065       0.11701014349708551     
  0.99000000000000066       0.11420097549560380     
   1.0000000000000007       0.11147815476653211     
   1.0100000000000007       0.10884197171921069     
   1.0200000000000007       0.10629264397305090     
   1.0300000000000007       0.10383032133765444     
   1.0400000000000007       0.10145509077972642     
   1.0500000000000007        9.9166981332364637E-002
   1.0600000000000007        9.6965968946586434E-002
   1.0700000000000007        9.4851981255413373E-002
   1.0800000000000007        9.2824902222812450E-002
   1.0900000000000007        9.0884576664316236E-002
   1.1000000000000008        8.9030814630129129E-002
   1.1100000000000008        8.7263395632012603E-002
   1.1200000000000008        8.5582072692498623E-002
   1.1300000000000008        8.3986576216845910E-002
   1.1400000000000008        8.2476617678899730E-002
   1.1500000000000008        8.1051893097093430E-002
   1.1600000000000008        7.9712086309951594E-002
   1.1700000000000008        7.8456872031277394E-002
   1.1800000000000008        7.7285918701227058E-002
   1.1900000000000008        7.6198891088293155E-002
   1.2000000000000008        7.5195452692222622E-002
   1.2100000000000009        7.4275267891245195E-002
   1.2200000000000009        7.3438003880738470E-002
   1.2300000000000009        7.2683332354017277E-002
   1.2400000000000009        7.2010930984068924E-002
   1.2500000000000009        7.1420484623127958E-002
   1.2600000000000009        7.0911686313770775E-002
   1.2700000000000009        7.0484238040881830E-002
   1.2800000000000009        7.0137851264684234E-002
   1.2900000000000009        6.9872247217058536E-002
   1.3000000000000009        6.9687156978366360E-002
   1.3100000000000009        6.9582321323938837E-002
   1.3200000000000010        6.9557490357197882E-002
   1.3300000000000010        6.9612422926537174E-002
   1.3400000000000010        6.9746885824203200E-002
   1.3500000000000010        6.9960652786079325E-002
   1.3600000000000010        7.0253503293622718E-002
   1.3700000000000010        7.0625221173659533E-002
   1.3800000000000010        7.1075593008395235E-002
   1.3900000000000010        7.1604406381122240E-002
   1.4000000000000010        7.2211447925331768E-002
   1.4100000000000010        7.2896501231427005E-002
   1.4200000000000010        7.3659344575777247E-002
   1.4300000000000010        7.4499748519598577E-002
   1.4400000000000011        7.5417473354321904E-002
   1.4500000000000011        7.6412266433404361E-002
   1.4600000000000011        7.7483859364547339E-002
   1.4700000000000011        7.8631965116286215E-002
   1.4800000000000011        7.9856275008637442E-002
   1.4900000000000011        8.1156455630299731E-002
   1.5000000000000011        8.2532145665444701E-002
   1.5100000000000011        8.3982952671431590E-002
   1.5200000000000011        8.5508449790183322E-002
   1.5300000000000011        8.7108172433513195E-002
   1.5400000000000011        8.8781614920611041E-002
   1.5500000000000012        9.0528227113257975E-002
   1.5600000000000012        9.2347411033665880E-002
   1.5700000000000012        9.4238517496070179E-002
   1.5800000000000012        9.6200842755718857E-002
   1.5900000000000012        9.8233625173197503E-002
   1.6000000000000012       0.10033604193641907     
   1.6100000000000012       0.10250720582895413     
   1.6200000000000012       0.10474616205744854     
   1.6300000000000012       0.10705188515416961     
   1.6400000000000012       0.10942327597580440     
   1.6500000000000012       0.11185915878933776     
   1.6600000000000013       0.11435827847666409     
   1.6700000000000013       0.11691929785118642     
   1.6800000000000013       0.11954079512826564     
   1.6900000000000013       0.12222126151571304     
   1.7000000000000013       0.12495909899236100     
   1.7100000000000013       0.12775261823277817     
   1.7200000000000013       0.13060003674514806     
   1.7300000000000013       0.13349947717958602     
   1.7400000000000013       0.13644896589103805     
   1.7500000000000013       0.13944643168089535     
   1.7600000000000013       0.14248970482030854     
   1.7700000000000014       0.14557651631966442     
   1.7800000000000014       0.14870449746968700     
   1.7900000000000014       0.15187117965585820     
   1.8000000000000014       0.15507399449008100     
   1.8100000000000014       0.15831027425463726     
   1.8200000000000014       0.16157725264720019     
   1.8300000000000014       0.16487206589169803     
   1.8400000000000014       0.16819175416076071     
   1.8500000000000014       0.17153326337441208     
   1.8600000000000014       0.17489344733663972     
   1.8700000000000014       0.17826907024297003     
   1.8800000000000014       0.18165680952592891     
   1.8900000000000015       0.18505325907892708     
   1.9000000000000015       0.18845493280537398     
   1.9100000000000015       0.19185826852807991     
   1.9200000000000015       0.19525963220905959     
   1.9300000000000015       0.19865532248879708     
   1.9400000000000015       0.20204157552166119     
   1.9500000000000015       0.20541457007971614     
   1.9600000000000015       0.20877043290215999     
   1.9700000000000015       0.21210524428125610     
   1.9800000000000015       0.21541504383775895     
   1.9900000000000015       0.21869583645630061     
   2.0000000000000013       0.22194359837860705     
   2.0100000000000011       0.22515428339266033     
   2.0200000000000009       0.22832382910868274     
   2.0300000000000007       0.23144816329740514     
   2.0400000000000005       0.23452321024442699     
   2.0500000000000003       0.23754489712454488     
   2.0600000000000001       0.24050916036040818     
   2.0699999999999998       0.24341195195071771     
   2.0799999999999996       0.24624924577031079     
   2.0899999999999994       0.24901704380898593     
   2.0999999999999992       0.25171138237045615     
   2.1099999999999990       0.25432833823076534     
   2.1199999999999988       0.25686403475573805     
   2.1299999999999986       0.25931464797281562     
   2.1399999999999983       0.26167641266692432     
   2.1499999999999981       0.26394562846020297     
   2.1599999999999979       0.26611866593706440     
   2.1699999999999977       0.26819197282364893     
   2.1799999999999975       0.27016208026276789     
   2.1899999999999973       0.27202560920073976     
   2.1999999999999971       0.27377927692342746     
   2.2099999999999969       0.27541990375729447     
   2.2199999999999966       0.27694441998793295     
   2.2299999999999964       0.27834987297684849     
   2.2399999999999962       0.27963343454543954     
   2.2499999999999960       0.28079240856701987     
   2.2599999999999958       0.28182423885793656     
   2.2699999999999956       0.28272651728309284     
   2.2799999999999954       0.28349699213279039     
   2.2899999999999952       0.28413357668795547     
   2.2999999999999949       0.28463435799823011     
   2.3099999999999947       0.28499760579245981     
   2.3199999999999945       0.28522178150312871     
   2.3299999999999943       0.28530554731693702     
   2.3399999999999941       0.28524777519044769     
   2.3499999999999939       0.28504755577636032     
   2.3599999999999937       0.28470420712930594     
   2.3699999999999934       0.28421728314019029     
   2.3799999999999932       0.28358658156086808     
   2.3899999999999930       0.28281215155132444     
   2.3999999999999928       0.28189430061681181     
   2.4099999999999926       0.28083360082894554     
   2.4199999999999924       0.27963089424346182     
   2.4299999999999922       0.27828729736537361     
   2.4399999999999920       0.27680420462732236     
   2.4499999999999917       0.27518329070994024     
   2.4599999999999915       0.27342651167872861     
   2.4699999999999913       0.27153610482592433     
   2.4799999999999911       0.26951458716689414     
   2.4899999999999909       0.26736475253676867     
   2.4999999999999907       0.26508966724363131     
   2.5099999999999905       0.26269266425969329     
   2.5199999999999902       0.26017733594950931     
   2.5299999999999900       0.25754752534500852     
   2.5399999999999898       0.25480731597191231     
   2.5499999999999896       0.25196102030422501     
   2.5599999999999894       0.24901316690061281     
   2.5699999999999892       0.24596848626797282     
   2.5799999999999890       0.24283189559807647     
   2.5899999999999888       0.23960848242555879     
   2.5999999999999885       0.23630348735188697     
   2.6099999999999883       0.23292228599221285     
   2.6199999999999881       0.22947037021881131     
   2.6299999999999879       0.22595332887182604     
   2.6399999999999877       0.22237682813667289     
   2.6499999999999875       0.21874659163428445     
   2.6599999999999873       0.21506838049054916     
   2.6699999999999871       0.21134797342792411     
   2.6799999999999868       0.20759114713392579     
   2.6899999999999866       0.20380365694460723     
   2.6999999999999864       0.19999121806801418     
   2.7099999999999862       0.19615948740720768     
   2.7199999999999860       0.19231404614277967     
   2.7299999999999858       0.18846038316967179     
   2.7399999999999856       0.18460387948532772     
   2.7499999999999853       0.18074979358986984     
   2.7599999999999851       0.17690324800408599     
   2.7699999999999849       0.17306921694897964     
   2.7799999999999847       0.16925251520850371     
   2.7899999999999845       0.16545778825829000     
   2.7999999999999843       0.16168950358350492     
   2.8099999999999841       0.15795194331863913     
   2.8199999999999839       0.15424919810340773     
   2.8299999999999836       0.15058516216818243     
   2.8399999999999834       0.14696352963252479     
   2.8499999999999832       0.14338779196822479     
   2.8599999999999830       0.13986123659253469     
   2.8699999999999828       0.13638694653928665     
   2.8799999999999826       0.13296780111100889     
   2.8899999999999824       0.12960647754029281     
   2.8999999999999821       0.12630545348869773     
   2.9099999999999819       0.12306701039480958     
   2.9199999999999817       0.11989323754029582     
   2.9299999999999815       0.11678603683104395     
   2.9399999999999813       0.11374712813344773     
   2.9499999999999811       0.11077805517633194     
   2.9599999999999809       0.10788019188621421     
   2.9699999999999807       0.10505474912477329     
   2.9799999999999804       0.10230278175261349     
   2.9899999999999802        9.9625195927002322E-002
   2.9999999999999800        9.7022756627421089E-002
   3.0099999999999798        9.4496095278762404E-002
   3.0199999999999796        9.2045717503027910E-002
   3.0299999999999794        8.9672010866388471E-002
   3.0399999999999792        8.7375252644240703E-002
   3.0499999999999790        8.5155617477650922E-002
   3.0599999999999787        8.3013184998822015E-002
   3.0699999999999785        8.0947947272697385E-002
   3.0799999999999783        7.8959816110935360E-002
   3.0899999999999781        7.7048630159307380E-002
   3.0999999999999779        7.5214161796264042E-002
   3.1099999999999777        7.3456123799836986E-002
   3.1199999999999775        7.1774175728243600E-002
   3.1299999999999772        7.0167930052237329E-002
   3.1399999999999770        6.8636958028212985E-002
   3.1499999999999768        6.7180795221215964E-002
   3.1599999999999766        6.5798946800438199E-002
   3.1699999999999764        6.4490892463220442E-002
   3.1799999999999762        6.3256091121265623E-002
   3.1899999999999760        6.2093985225556689E-002
   3.1999999999999758        6.1004004823102337E-002
   3.2099999999999755        5.9985571280839367E-002
   3.2199999999999753        5.9038100736749970E-002
   3.2299999999999751        5.8161007232523314E-002
   3.2399999999999749        5.7353705587076170E-002
   3.2499999999999747        5.6615613945261448E-002
   3.2599999999999745        5.5946156090042769E-002
   3.2699999999999743        5.5344763461189966E-002
   3.2799999999999740        5.4810876932613682E-002
   3.2899999999999738        5.4343948342135531E-002
   3.2999999999999736        5.3943441744725748E-002
   3.3099999999999734        5.3608834486848077E-002
   3.3199999999999732        5.3339618027988464E-002
   3.3299999999999730        5.3135298574013820E-002
   3.3399999999999728        5.2995397473625916E-002
   3.3499999999999726        5.2919451474547768E-002
   3.3599999999999723        5.2907012769093716E-002
   3.3699999999999721        5.2957648887769306E-002
   3.3799999999999719        5.3070942418304345E-002
   3.3899999999999717        5.3246490606273483E-002
   3.3999999999999715        5.3483904792298136E-002
   3.4099999999999713        5.3782809746544979E-002
   3.4199999999999711        5.4142842859341726E-002
   3.4299999999999708        5.4563653273809520E-002
   3.4399999999999706        5.5044900857142663E-002
   3.4499999999999704        5.5586255153157071E-002
   3.4599999999999702        5.6187394197353920E-002
   3.4699999999999700        5.6848003306557614E-002
   3.4799999999999698        5.7567773767248032E-002
   3.4899999999999696        5.8346401525585505E-002
   3.4999999999999694        5.9183585744849436E-002
   3.5099999999999691        6.0079027410077646E-002
   3.5199999999999689        6.1032427830212579E-002
   3.5299999999999687        6.2043487141477290E-002
   3.5399999999999685        6.3111902776530018E-002
   3.5499999999999683        6.4237367899629680E-002
   3.5599999999999681        6.5419569829877330E-002
   3.5699999999999679        6.6658188447247649E-002
   3.5799999999999677        6.7952894581779472E-002
   3.5899999999999674        6.9303348373241480E-002
   3.5999999999999672        7.0709197633229012E-002
   3.6099999999999670        7.2170076193433713E-002
   3.6199999999999668        7.3685602235274733E-002
   3.6299999999999666        7.5255376603473020E-002
   3.6399999999999664        7.6878981128374602E-002
   3.6499999999999662        7.8555976911007963E-002
   3.6599999999999659        8.0285902639541509E-002
   3.6699999999999657        8.2068272858554045E-002
   3.6799999999999655        8.3902576278036226E-002
   3.6899999999999653        8.5788274057515226E-002
   3.6999999999999651        8.7724798110304078E-002
   3.7099999999999649        8.9711549427718543E-002
   3.7199999999999647        9.1747896417826200E-002
   3.7299999999999645        9.3833173272721282E-002
   3.7399999999999642        9.5966678417827286E-002
   3.7499999999999640        9.8147672941567898E-002
   3.7599999999999638       0.10037537916232792     
   3.7699999999999636       0.10264897923156056     
   3.7799999999999634       0.10496761386082423     
   3.7899999999999632       0.10733038111566957     
   3.7999999999999630       0.10973633536661133     
   3.8099999999999627       0.11218448635984571     
   3.8199999999999625       0.11467379843149340     
   3.8299999999999623       0.11720318989198017     
   3.8399999999999621       0.11977153255520812     
   3.8499999999999619       0.12237765146862525     
   3.8599999999999617       0.12502032480480899     
   3.8699999999999615       0.12769828395178071     
   3.8799999999999613       0.13041021376083928     
   3.8899999999999610       0.13315475297620089     
   3.8999999999999608       0.13593049483992714     
   3.9099999999999606       0.13873598783170296     
   3.9199999999999604       0.14156973653741942     
   3.9299999999999602       0.14443020264483331     
   3.9399999999999600       0.14731580598352090     
   3.9499999999999598       0.15022492565085022     
   3.9599999999999596       0.15315590111549837     
   3.9699999999999593       0.15610703331491682     
   3.9799999999999591       0.15907658567840344     
   3.9899999999999589       0.16206278503880941     
   3.9999999999999587       0.16506382236776970     
   4.0099999999999589       0.16807785334108244     
   4.0199999999999587       0.17110299863418513     
   4.0299999999999585       0.17413734394175492     
   4.0399999999999583       0.17717893964863182     
   4.0499999999999581       0.18022580016459125     
   4.0599999999999579       0.18327590284724513     
   4.0699999999999577       0.18632718651593699     
   4.0799999999999574       0.18937754954136921     
   4.0899999999999572       0.19242484748036259     
   4.0999999999999570       0.19546689028566566     
   4.1099999999999568       0.19850143910092533     
   4.1199999999999566       0.20152620264651350     
   4.1299999999999564       0.20453883323645897     
   4.1399999999999562       0.20753692250241207     
   4.1499999999999559       0.21051799683238723     
   4.1599999999999557       0.21347951265073220     
   4.1699999999999555       0.21641885157294433     
   4.1799999999999553       0.21933331555848631     
   4.1899999999999551       0.22222012215030873     
   4.1999999999999549       0.22507639992051151     
   4.2099999999999547       0.22789918422571045     
   4.2199999999999545       0.23068541341044305     
   4.2299999999999542       0.23343192558800660     
   4.2399999999999540       0.23613545611125852     
   4.2499999999999538       0.23879263587559757     
   4.2599999999999536       0.24139999057706263     
   4.2699999999999534       0.24395394105803317     
   4.2799999999999532       0.24645080484521581     
   4.2899999999999530       0.24888679898403740     
   4.2999999999999527       0.25125804426151432     
   4.3099999999999525       0.25356057092463802     
   4.3199999999999523       0.25579032591576384     
   4.3299999999999521       0.25794318170737635     
   4.3399999999999519       0.26001494673580944     
   4.3499999999999517       0.26200137745935820     
   4.3599999999999515       0.26389819198902215     
   4.3699999999999513       0.26570108532757875     
   4.3799999999999510       0.26740574601982725     
   4.3899999999999508       0.26900787427843287     
   4.3999999999999506       0.27050320135501432     
   4.4099999999999504       0.27188751008107787     
   4.4199999999999502       0.27315665642539549     
   4.4299999999999500       0.27430659183297129     
   4.4399999999999498       0.27533338626687759     
   4.4499999999999496       0.27623325161384665     
   4.4599999999999493       0.27700256535266887     
   4.4699999999999491       0.27763789416109219     
   4.4799999999999489       0.27813601730871146     
   4.4899999999999487       0.27849394953319195     
   4.4999999999999485       0.27870896321258187     
   4.5099999999999483       0.27877860955982497     
   4.5199999999999481       0.27870073864513206     
   4.5299999999999478       0.27847351801811770     
   4.5399999999999476       0.27809544973757033     
   4.5499999999999474       0.27756538557863775     
   4.5599999999999472       0.27688254032563170     
   4.5699999999999470       0.27604650296042316     
   4.5799999999999468       0.27505724560061828     
   4.5899999999999466       0.27391513013584062     
   4.5999999999999464       0.27262091246735054     
   4.6099999999999461       0.27117574429535374     
   4.6199999999999459       0.26958117245027707     
   4.6299999999999457       0.26783913573842705     
   4.6399999999999455       0.26595195940645372     
   4.6499999999999453       0.26392234715798396     
   4.6599999999999451       0.26175337095554813     
   4.6699999999999449       0.25944845852710235     
   4.6799999999999446       0.25701137889937370     
   4.6899999999999444       0.25444622591053639     
   4.6999999999999442       0.25175739998818264     
   4.7099999999999440       0.24894958829581323     
   4.7199999999999438       0.24602774343810774     
   4.7299999999999436       0.24299706095569468     
   4.7399999999999434       0.23986295574844602     
   4.7499999999999432       0.23663103764406804     
   4.7599999999999429       0.23330708637831307     
   4.7699999999999427       0.22989702604968984     
   4.7799999999999425       0.22640689941421696     
   4.7899999999999423       0.22284284212936584     
   4.7999999999999421       0.21921105707100869     
   4.8099999999999419       0.21551778904151331     
   4.8199999999999417       0.21176929996247509     
   4.8299999999999415       0.20797184470163685     
   4.8399999999999412       0.20413164772438008     
   4.8499999999999410       0.20025488065536201     
   4.8599999999999408       0.19634764088497905     
   4.8699999999999406       0.19241593140379934     
   4.8799999999999404       0.18846564177046785     
   4.8899999999999402       0.18450253052796420     
   4.8999999999999400       0.18053220887762164     
   4.9099999999999397       0.17656012587759967     
   4.9199999999999395       0.17259155504698223     
   4.9299999999999393       0.16863158246167720     
   4.9399999999999391       0.16468509632572775     
   4.9499999999999389       0.16075677799294508     
   4.9599999999999387       0.15685109447427933     
   4.9699999999999385       0.15297229231687284     
   4.9799999999999383       0.14912439288080981     
   4.9899999999999380       0.14531118896292361     
   4.9999999999999378       0.14153624264960413     
   5.0099999999999376       0.13780288440371555     
   5.0199999999999374       0.13411421327186632     
   5.0299999999999372       0.13047309814983399     
   5.0399999999999370       0.12688218012428676     
   5.0499999999999368       0.12334387556596542     
   5.0599999999999365       0.11986038018066607     
   5.0699999999999363       0.11643367379512880     
   5.0799999999999361       0.11306552574131343     
   5.0899999999999359       0.10975750094491266     
   5.0999999999999357       0.10651096641914892     
   5.1099999999999355       0.10332709825749843     
   5.1199999999999353       0.10020688902338371     
   5.1299999999999351        9.7151155345248971E-002
   5.1399999999999348        9.4160545862643413E-002
   5.1499999999999346        9.1235549229052873E-002
   5.1599999999999344        8.8376502317263822E-002
   5.1699999999999342        8.5583598422202478E-002
   5.1799999999999340        8.2856895552319607E-002
   5.1899999999999338        8.0196324583618847E-002
   5.1999999999999336        7.7601697424052637E-002
   5.2099999999999334        7.5072715027464945E-002
   5.2199999999999331        7.2608975252764524E-002
   5.2299999999999329        7.0209980572731645E-002
   5.2399999999999327        6.7875145593717406E-002
   5.2499999999999325        6.5603804305009186E-002
   5.2599999999999323        6.3395217121438030E-002
   5.2699999999999321        6.1248577690629143E-002
   5.2799999999999319        5.9163019359463838E-002
   5.2899999999999316        5.7137621505400311E-002
   5.2999999999999314        5.5171415407357940E-002
   5.3099999999999312        5.3263389963806418E-002
   5.3199999999999310        5.1412497083674714E-002
   5.3299999999999308        4.9617656754983211E-002
   5.3399999999999306        4.7877761908683182E-002
   5.3499999999999304        4.6191682896315346E-002
   5.3599999999999302        4.4558271745079626E-002
   5.3699999999999299        4.2976366191732986E-002
   5.3799999999999297        4.1444793307220895E-002
   5.3899999999999295        3.9962373036319346E-002
   5.3999999999999293        3.8527921317295391E-002
   5.4099999999999291        3.7140253109053355E-002
   5.4199999999999289        3.5798185052617622E-002
   5.4299999999999287        3.4500538057080810E-002
   5.4399999999999284        3.3246139501748928E-002
   5.4499999999999282        3.2033825386829536E-002
   5.4599999999999280        3.0862442201036996E-002
   5.4699999999999278        2.9730848621357185E-002
   5.4799999999999276        2.8637917063866487E-002
   5.4899999999999274        2.7582535069511832E-002
   5.4999999999999272        2.6563606504755682E-002
   5.5099999999999270        2.5580052626094505E-002
   5.5199999999999267        2.4630813047638870E-002
   5.5299999999999265        2.3714846503789602E-002
   5.5399999999999263        2.2831131623896782E-002
   5.5499999999999261        2.1978667435101032E-002
   5.5599999999999259        2.1156473871934634E-002
   5.5699999999999257        2.0363592183966561E-002
   5.5799999999999255        1.9599085194290364E-002
   5.5899999999999253        1.8862037578058346E-002
   5.5999999999999250        1.8151555950892531E-002
   5.6099999999999248        1.7466768956020912E-002
   5.6199999999999246        1.6806827328998682E-002
   5.6299999999999244        1.6170903789611588E-002
   5.6399999999999242        1.5558193024321950E-002
   5.6499999999999240        1.4967911468488913E-002
   5.6599999999999238        1.4399297210710872E-002
   5.6699999999999235        1.3851609699577019E-002
   5.6799999999999233        1.3324129581634033E-002
   5.6899999999999231        1.2816158335794961E-002
   5.6999999999999229        1.2327018040611889E-002
   5.7099999999999227        1.1856051013057860E-002
   5.7199999999999225        1.1402619459240697E-002
   5.7299999999999223        1.0966105126283444E-002
   5.7399999999999221        1.0545908943506415E-002
   5.7499999999999218        1.0141450596483357E-002
   5.7599999999999216        9.7521681545415448E-003
   5.7699999999999214        9.3775176538460694E-003
   5.7799999999999212        9.0169726829090000E-003
   5.7899999999999210        8.6700239882337854E-003
   5.7999999999999208        8.3361790370139431E-003
   5.8099999999999206        8.0149615849402257E-003
   5.8199999999999203        7.7059112904205463E-003
   5.8299999999999201        7.4085832591946855E-003
   5.8399999999999199        7.1225476661031127E-003
   5.8499999999999197        6.8473893098422748E-003
   5.8599999999999195        6.5827071879741121E-003
   5.8699999999999193        6.3281141510715157E-003
   5.8799999999999191        6.0832364366520458E-003
   5.8899999999999189        5.8477133293268653E-003
   5.8999999999999186        5.6211967020476199E-003
   5.9099999999999184        5.4033507234370190E-003
   5.9199999999999182        5.1938513792060114E-003
   5.9299999999999180        4.9923862103503974E-003
   5.9399999999999178        4.7986538534655673E-003
   5.9499999999999176        4.6123637583956444E-003
   5.9599999999999174        4.4332358092538018E-003
   5.9699999999999172        4.2609999796329951E-003
   5.9799999999999169        4.0953960132189306E-003
   5.9899999999999167        3.9361731288211268E-003
   5.9999999999999165        3.7830896525422797E-003
   6.0099999999999163        3.6359127652363672E-003
   6.0199999999999161        3.4944181563280664E-003
   6.0299999999999159        3.3583897620256663E-003
   6.0399999999999157        3.2276194905846594E-003
   6.0499999999999154        3.1019069354874911E-003
   6.0599999999999152        2.9810590958256966E-003
   6.0699999999999150        2.8648901503901159E-003
   6.0799999999999148        2.7532211761361349E-003
   6.0899999999999146        2.6458799413522928E-003
   6.0999999999999144        2.5427006329971371E-003
   6.1099999999999142        2.4435236341034225E-003
   6.1199999999999140        2.3481953361477628E-003
   6.1299999999999137        2.2565678855492478E-003
   6.1399999999999135        2.1684990109792535E-003
   6.1499999999999133        2.0838517770533373E-003
   6.1599999999999131        2.0024944459214019E-003
   6.1699999999999129        1.9243002338440660E-003
   6.1799999999999127        1.8491471886406849E-003
   6.1899999999999125        1.7769179561059343E-003
   6.1999999999999122        1.7074996561755203E-003
   6.2099999999999120        1.6407836992464475E-003
   6.2199999999999118        1.5766656157082920E-003
   6.2299999999999116        1.5150449183699659E-003
   6.2399999999999114        1.4558249800041805E-003
   6.2499999999999112        1.3989128350627472E-003
   6.2599999999999110        1.3442190944031043E-003
   6.2699999999999108        1.2916577760684032E-003
   6.2799999999999105        1.2411461954987869E-003
   6.2899999999999103        1.1926048424951076E-003
   6.2999999999999101        1.1459572615910047E-003
   6.3099999999999099        1.1011299215187063E-003
   6.3199999999999097        1.0580521326646602E-003
   6.3299999999999095        1.0166559145098344E-003
   6.3399999999999093        9.7687591760036081E-004
   6.3499999999999091        9.3864929892742682E-004
   6.3599999999999088        9.0191563297742393E-004
   6.3699999999999086        8.6661684399668738E-004
   6.3799999999999084        8.3269708576858361E-004
   6.3899999999999082        8.0010268052130209E-004
   6.3999999999999080        7.6878200643641724E-004
   6.4099999999999078        7.3868546210450060E-004
   6.4199999999999076        7.0976533847023730E-004
   6.4299999999999073        6.8197580801856550E-004
   6.4399999999999071        6.5527278454235852E-004
   6.4499999999999069        6.2961391307784728E-004
   6.4599999999999067        6.0495847839014657E-004
   6.4699999999999065        5.8126733218384575E-004
   6.4799999999999063        5.5850284606244797E-004
   6.4899999999999061        5.3662887393916684E-004
   6.4999999999999059        5.1561065314839844E-004
   6.5099999999999056        4.9541478027767625E-004
   6.5199999999999054        4.7600914775855767E-004
   6.5299999999999052        4.5736289185010137E-004
   6.5399999999999050        4.3944635964997779E-004
   6.5499999999999048        4.2223104631177458E-004
   6.5599999999999046        4.0568955363829822E-004
   6.5699999999999044        3.8979555353407385E-004
   6.5799999999999041        3.7452373991800705E-004
   6.5899999999999039        3.5984980400911946E-004
   6.5999999999999037        3.4575036948283281E-004
   6.6099999999999035        3.3220297271030117E-004
   6.6199999999999033        3.1918603643491921E-004
   6.6299999999999031        3.0667881304687267E-004
   6.6399999999999029        2.9466137766086958E-004
   6.6499999999999027        2.8311456185202107E-004
   6.6599999999999024        2.7201996658762865E-004
   6.6699999999999022        2.6135989272123088E-004
   6.6799999999999020        2.5111735366041359E-004
   6.6899999999999018        2.4127600045442357E-004
   6.6999999999999016        2.3182014188377525E-004
   6.7099999999999014        2.2273469557895783E-004
   6.7199999999999012        2.1400515905107978E-004
   6.7299999999999010        2.0561759734285577E-004
   6.7399999999999007        1.9755863557128120E-004
   6.7499999999999005        1.8981540808580945E-004
   6.7599999999999003        1.8237555229435649E-004
   6.7699999999999001        1.7522719505634276E-004
   6.7799999999998999        1.6835892358743704E-004
   6.7899999999998997        1.6175976771425949E-004
   6.7999999999998995        1.5541919516748784E-004
   6.8099999999998992        1.4932707357131022E-004
   6.8199999999998990        1.4347367887543316E-004
   6.8299999999998988        1.3784965901165284E-004
   6.8399999999998986        1.3244603393852204E-004
   6.8499999999998984        1.2725417304092952E-004
   6.8599999999998982        1.2226577312463366E-004
   6.8699999999998980        1.1747287268113348E-004
   6.8799999999998978        1.1286781071042188E-004
   6.8899999999998975        1.0844323576623420E-004
   6.8999999999998973        1.0419206362543105E-004
   6.9099999999998971        1.0010751328826105E-004
   6.9199999999998969        9.6183049677249778E-005
   6.9299999999998967        9.2412409138312241E-005
   6.9399999999998965        8.8789554897817521E-005
   6.9499999999998963        8.5308705153716292E-005
   6.9599999999998960        8.1964295161450108E-005
   6.9699999999998958        7.8750973636767499E-005
   6.9799999999998956        7.5663602642011039E-005
   6.9899999999998954        7.2697253441690864E-005
   6.9999999999998952        6.9847179684531872E-005
   7.0099999999998950        6.7108826797980593E-005
   7.0199999999998948        6.4477816346599179E-005
   7.0299999999998946        6.1949942428790537E-005
   7.0399999999998943        5.9521159429316626E-005
   7.0499999999998941        5.7187589681715770E-005
   7.0599999999998939        5.4945495959950615E-005
   7.0699999999998937        5.2791296154469963E-005
   7.0799999999998935        5.0721544372528010E-005
   7.0899999999998933        4.8732932349439881E-005
   7.0999999999998931        4.6822280140376696E-005
   7.1099999999998929        4.4986529252920080E-005
   7.1199999999998926        4.3222746080785220E-005
   7.1299999999998924        4.1528107506963604E-005
   7.1399999999998922        3.9899910029178342E-005
   7.1499999999998920        3.8335539019852547E-005
   7.1599999999998918        3.6832500012368487E-005
   7.1699999999998916        3.5388386295956066E-005
   7.1799999999998914        3.4000889092990894E-005
   7.1899999999998911        3.2667788547253113E-005
   7.1999999999998909        3.1386952782750057E-005
   7.2099999999998907        3.0156334178606046E-005
   7.2199999999998905        2.8973962044736991E-005
   7.2299999999998903        2.7837942431991589E-005
   7.2399999999998901        2.6746463981254477E-005
   7.2499999999998899        2.5697777055110949E-005
   7.2599999999998897        2.4690206331543413E-005
   7.2699999999998894        2.3722138842762846E-005
   7.2799999999998892        2.2792027098249600E-005
   7.2899999999998890        2.1898379864878200E-005
   7.2999999999998888        2.1039771502535793E-005
   7.3099999999998886        2.0214825634148787E-005
   7.3199999999998884        1.9422223838621827E-005
   7.3299999999998882        1.8660698359002718E-005
   7.3399999999998879        1.7929029845485781E-005
   7.3499999999998877        1.7226049543368632E-005
   7.3599999999998875        1.6550629542176841E-005
   7.3699999999998873        1.5901692401657937E-005
   7.3799999999998871        1.5278197961093300E-005
   7.3899999999998869        1.4679151425092401E-005
   7.3999999999998867        1.4103589848010781E-005
   7.4099999999998865        1.3550597142013051E-005
   7.4199999999998862        1.3019284973317171E-005
   7.4299999999998860        1.2508805024905152E-005
   7.4399999999998858        1.2018340217283251E-005
   7.4499999999998856        1.1547106240558820E-005
   7.4599999999998854        1.1094348953260189E-005
   7.4699999999998852        1.0659343600560206E-005
   7.4799999999998850        1.0241392904510038E-005
   7.4899999999998847        9.8398314379221290E-006
   7.4999999999998845        9.4540133058183506E-006
   7.5099999999998843        9.0833236659615481E-006
   7.5199999999998841        8.7271681180264916E-006
   7.5299999999998839        8.3849770013361036E-006
   7.5399999999998837        8.0562027266710271E-006
   7.5499999999998835        7.7403205610909847E-006
   7.5599999999998833        7.4368228976206228E-006
   7.5699999999998830        7.1452245164982775E-006
   7.5799999999998828        6.8650611048787798E-006
   7.5899999999998826        6.5958823670540576E-006
   7.5999999999998824        6.3372564196572034E-006
   7.6099999999998822        6.0887732934085710E-006
   7.6199999999998820        5.8500319546233836E-006
   7.6299999999998818        5.6206510622428045E-006
   7.6399999999998816        5.4002654874088048E-006
   7.6499999999998813        5.1885203283112088E-006
   7.6599999999998811        4.9850779817045192E-006
   7.6699999999998809        4.7896117120409269E-006
   7.6799999999998807        4.6018098304170765E-006
   7.6899999999998805        4.4213728619061188E-006
   7.6999999999998803        4.2480099026859387E-006
   7.7099999999998801        4.0814443402006629E-006
   7.7199999999998798        3.9214106448344608E-006
   7.7299999999998796        3.7676501838577341E-006
   7.7399999999998794        3.6199199854377011E-006
   7.7499999999998792        3.4779819907450566E-006
   7.7599999999998790        3.3416093376032969E-006
   7.7699999999998788        3.2105841674555251E-006
   7.7799999999998786        3.0846958242343939E-006
   7.7899999999998784        2.9637437469322917E-006
   7.7999999999998781        2.8475347871968572E-006
   7.8099999999998779        2.7358818173640615E-006
   7.8199999999998777        2.6286070484362002E-006
   7.8299999999998775        2.5255386877368954E-006
   7.8399999999998773        2.4265115612857659E-006
   7.8499999999998771        2.3313664792402150E-006
   7.8599999999998769        2.2399526949354364E-006
   7.8699999999998766        2.1521233908910965E-006
   7.8799999999998764        2.0677382982676174E-006
   7.8899999999998762        1.9866616896316725E-006
   7.8999999999998760        1.9087634592280568E-006
   7.9099999999998758        1.8339206408429685E-006
   7.9199999999998756        1.7620109952124856E-006
   7.9299999999998754        1.6929215384849896E-006
   7.9399999999998752        1.6265410412354086E-006
   7.9499999999998749        1.5627647851136004E-006
   7.9599999999998747        1.5014871268373770E-006
   7.9699999999998745        1.4426130928402086E-006
   7.9799999999998743        1.3860478994153534E-006
   7.9899999999998741        1.3317005702053714E-006
   7.9999999999998739        1.2794837372046698E-006
   8.0099999999998737        1.2293156682998809E-006
   8.0199999999998735        1.1811125977454647E-006
   8.0299999999998732        1.1348012853399207E-006
   8.0399999999998730        1.0903042601552132E-006
   8.0499999999998728        1.0475538011233504E-006
   8.0599999999998726        1.0064782508848461E-006
   8.0699999999998724        9.6701336270484957E-007
   8.0799999999998722        9.2909680976785844E-007
   8.0899999999998720        8.9266649877578621E-007
   8.0999999999998717        8.5766420571271801E-007
   8.1099999999998715        8.2403532608280033E-007
   8.1199999999998713        7.9172427360170355E-007
   8.1299999999998711        7.6067961047288772E-007
   8.1399999999998709        7.3085351131282185E-007
   8.1499999999998707        7.0219691004974152E-007
   8.1599999999998705        6.7466270114295405E-007
   8.1699999999998703        6.4820948499923332E-007
   8.1799999999998700        6.2279245876272633E-007
   8.1899999999998698        5.9837324333731201E-007
   8.1999999999998696        5.7491016398531554E-007
   8.2099999999998694        5.5236720927422898E-007
   8.2199999999998692        5.3070948560928070E-007
   8.2299999999998690        5.0989972259445813E-007
   8.2399999999998688        4.8990611414145261E-007
   8.2499999999998685        4.7069675567851101E-007
   8.2599999999998683        4.5224080970698140E-007
   8.2699999999998681        4.3450796261946882E-007
   8.2799999999998679        4.1747046848494372E-007
   8.2899999999998677        4.0110100982607907E-007
   8.2999999999998675        3.8537441143408446E-007
   8.3099999999998673        3.7026312536009148E-007
   8.3199999999998671        3.5574485373607450E-007
   8.3299999999998668        3.4179643671013394E-007
   8.3399999999998666        3.2839476417972976E-007
   8.3499999999998664        3.1551705601260107E-007
   8.3599999999998662        3.0314620858044481E-007
   8.3699999999998660        2.9125907015370455E-007
   8.3799999999998658        2.7983883560026600E-007
   8.3899999999998656        2.6886667529348469E-007
   8.3999999999998654        2.5832368142914693E-007
   8.4099999999998651        2.4819511499668156E-007
   8.4199999999998649        2.3846250476792919E-007
   8.4299999999998647        2.2911256563210022E-007
   8.4399999999998645        2.2012850667118523E-007
   8.4499999999998643        2.1149803776168007E-007
   8.4599999999998641        2.0320482588277951E-007
   8.4699999999998639        1.9523636769942009E-007
   8.4799999999998636        1.8758129395897785E-007
   8.4899999999998634        1.8022642311056743E-007
   8.4999999999998632        1.7315924369677836E-007
   8.5099999999998630        1.6637024851261436E-007
   8.5199999999998628        1.5984646617286959E-007
   8.5299999999998626        1.5357874076397365E-007
   8.5399999999998624        1.4755724932476165E-007
   8.5499999999998622        1.4177168155335925E-007
   8.5599999999998619        1.3621256476473492E-007
   8.5699999999998617        1.3087048313027326E-007
   8.5799999999998615        1.2574051247822794E-007
   8.5899999999998613        1.2080934130019147E-007
   8.5999999999998611        1.1607197435389621E-007
   8.6099999999998609        1.1152080201723002E-007
   8.6199999999998607        1.0714832228915421E-007
   8.6299999999998604        1.0294658136318031E-007
   8.6399999999998602        9.8910126099833378E-008
   8.6499999999998600        9.5032859663785607E-008
   8.6599999999998598        9.1305847475372027E-008
   8.6699999999998596        8.7725625354385658E-008
   8.6799999999998594        8.4285661920033971E-008
   8.6899999999998592        8.0981523387157909E-008
   8.6999999999998590        7.7805545307814982E-008
   8.7099999999998587        7.4754684848453542E-008
   8.7199999999998585        7.1824541728588901E-008
   8.7299999999998583        6.9007397689741987E-008
   8.7399999999998581        6.6301784618027615E-008
   8.7499999999998579        6.3701998596563944E-008
   8.7599999999998577        6.1204379493567668E-008
   8.7699999999998575        5.8804056947828452E-008
   8.7799999999998573        5.6498097777454142E-008
   8.7899999999998570        5.4282873324748799E-008
   8.7999999999998568        5.2154950883593745E-008
   8.8099999999998566        5.0109194085974537E-008
   8.8199999999998564        4.8144897303156456E-008
   8.8299999999998562        4.6257073415217584E-008
   8.8399999999998560        4.4444092876661902E-008
   8.8499999999998558        4.2699847683937355E-008
   8.8599999999998555        4.1026885207540701E-008
   8.8699999999998553        3.9416989695353561E-008
   8.8799999999998551        3.7872301385322484E-008
   8.8899999999998549        3.6387578318946570E-008
   8.8999999999998547        3.4960503597271897E-008
   8.9099999999998545        3.3589391833679770E-008
   8.9199999999998543        3.2271960649182965E-008
   8.9299999999998541        3.1007032303735001E-008
   8.9399999999998538        2.9790166920418069E-008
   8.9499999999998536        2.8622980845917237E-008
   8.9599999999998534        2.7500965163381053E-008
   8.9699999999998532        2.6421828356184049E-008
   8.9799999999998530        2.5386669986801094E-008
   8.9899999999998528        2.4391229885200897E-008
   8.9999999999998526        2.3434217613797789E-008
   9.0099999999998523        2.2515697136060025E-008
   9.0199999999998521        2.1632703796007630E-008
   9.0299999999998519        2.0784823354038150E-008
   9.0399999999998517        1.9969667840677453E-008
   9.0499999999998515        1.9186878857445754E-008
   9.0599999999998513        1.8434467445074608E-008
   9.0699999999998511        1.7711018284921566E-008
   9.0799999999998509        1.7017127354061949E-008
   9.0899999999998506        1.6349144673644157E-008
   9.0999999999998504        1.5708175897901696E-008
   9.1099999999998502        1.5092297046327169E-008
   9.1199999999998500        1.4500992350003508E-008
   9.1299999999998498        1.3932188580331239E-008
   9.1399999999998496        1.3385582164660367E-008
   9.1499999999998494        1.2861939649314520E-008
   9.1599999999998492        1.2356779530357138E-008
   9.1699999999998489        1.1872800456964330E-008
   9.1799999999998487        1.1406369710267803E-008
   9.1899999999998485        1.0959775761013525E-008
   9.1999999999998483        1.0529676264172295E-008
   9.2099999999998481        1.0116733190873880E-008
   9.2199999999998479        9.7207404366100707E-009
   9.2299999999998477        9.3392003802473334E-009
   9.2399999999998474        8.9731953242768359E-009
   9.2499999999998472        8.6212591853990427E-009
   9.2599999999998470        8.2833747036305097E-009
   9.2699999999998468        7.9584423164965601E-009
   9.2799999999998466        7.6465381709830027E-009
   9.2899999999998464        7.3464489917830236E-009
   9.2999999999998462        7.0584204798375382E-009
   9.3099999999998460        6.7812424057190539E-009
   9.3199999999998457        6.5155219147276101E-009
   9.3299999999998455        6.2601746737856659E-009
   9.3399999999998453        6.0152808910516286E-009
   9.3499999999998451        5.7782860889758165E-009
   9.3599999999998449        5.5526290654360689E-009
   9.3699999999998447        5.3342506784437225E-009
   9.3799999999998445        5.1255287445414329E-009
   9.3899999999998442        4.9246062925692997E-009
   9.3999999999998440        4.7313797626266595E-009
   9.4099999999998438        4.5455963467207411E-009
   9.4199999999998436        4.3676174892106551E-009
   9.4299999999998434        4.1960735596455722E-009
   9.4399999999998432        4.0315828715500041E-009
   9.4499999999998430        3.8732042481797079E-009
   9.4599999999998428        3.7222078212574915E-009
   9.4699999999998425        3.5752877963073562E-009
   9.4799999999998423        3.4357631666161886E-009
   9.4899999999998421        3.3010561028919832E-009
   9.4999999999998419        3.1715300800802961E-009
   9.5099999999998417        3.0468358373396038E-009
   9.5199999999998415        2.9274800059486804E-009
   9.5299999999998413        2.8129417405247612E-009
   9.5399999999998411        2.7026595839593551E-009
   9.5499999999998408        2.5971889016021201E-009
   9.5599999999998406        2.4950412737043077E-009
   9.5699999999998404        2.3962380214219647E-009
   9.5799999999998402        2.3029721779455263E-009
   9.5899999999998400        2.2123115766759249E-009
   9.5999999999998398        2.1253375048112026E-009
   9.6099999999998396        2.0426256335638591E-009
   9.6199999999998393        1.9625037751261936E-009
   9.6299999999998391        1.8855293254340953E-009
   9.6399999999998389        1.8115073482039763E-009
   9.6499999999998387        1.7411932215347591E-009
   9.6599999999998385        1.6727360660254344E-009
   9.6699999999998383        1.6068628315669119E-009
   9.6799999999998381        1.5432171502657447E-009
   9.6899999999998379        1.4832651054214624E-009
   9.6999999999998376        1.4251558176330653E-009
   9.7099999999998374        1.3689055315908395E-009
   9.7199999999998372        1.3156138097694544E-009
   9.7299999999998370        1.2638044159379155E-009
   9.7399999999998368        1.2145911266748995E-009
   9.7499999999998366        1.1668510277634451E-009
   9.7599999999998364        1.1209547012010028E-009
   9.7699999999998361        1.0772798360370585E-009
   9.7799999999998359        1.0347278850900727E-009
   9.7899999999998357        9.9402681354411240E-010
   9.7999999999998355        9.5514819319114985E-010
   9.8099999999998353        9.1778439020864589E-010
   9.8199999999998351        8.8188667052568734E-010
   9.8299999999998349        8.4747026353943656E-010
   9.8399999999998347        8.1417067901128655E-010
   9.8499999999998344        7.8159702908091670E-010
   9.8599999999998342        7.5124382525587960E-010
   9.8699999999998340        7.2165209128864378E-010
   9.8799999999998338        6.9388280851440967E-010
   9.8899999999998336        6.6687398030482851E-010
   9.8999999999998334        6.4096877574248935E-010
   9.9099999999998332        6.1505646412814834E-010
   9.9199999999998330        5.9119402937098939E-010
   9.9299999999998327        5.6731738050983005E-010
   9.9399999999998325        5.4529770280855473E-010
   9.9499999999998323        5.2401817380906149E-010
   9.9599999999998321        5.0368489801952424E-010
   9.9699999999998319        4.8331710226310200E-010
   9.9799999999998317        4.6519005847489834E-010
   9.9899999999998315        4.4667314211949858E-010
   9.9999999999998312        4.2928624703307614E-010
