   0.0000000000000000        1.1094553176098888E-003
   1.0000000000000000E-002   1.1316988855442434E-003
   2.0000000000000000E-002   1.1993191250486165E-003
   2.9999999999999999E-002   1.3150198367340141E-003
   4.0000000000000001E-002   1.4834259728626357E-003
   5.0000000000000003E-002   1.7112662574110989E-003
   6.0000000000000005E-002   2.0076383886197670E-003
   7.0000000000000007E-002   2.3843666755714679E-003
   8.0000000000000002E-002   2.8564652780725223E-003
   8.9999999999999997E-002   3.4427238092290327E-003
   9.9999999999999992E-002   4.1664361048994701E-003
  0.10999999999999999        5.0562973651930533E-003
  0.11999999999999998        6.1474996820239727E-003
  0.12999999999999998        7.4830610599858410E-003
  0.13999999999999999        9.1154281605523146E-003
  0.14999999999999999        1.1108397790907429E-002
  0.16000000000000000        1.3539405883173738E-002
  0.17000000000000001        1.6502234285614183E-002
  0.18000000000000002        2.0110183381409314E-002
  0.19000000000000003        2.4499749974745858E-002
  0.20000000000000004        2.9834831263466987E-002
  0.21000000000000005        3.6311442313354626E-002
  0.22000000000000006        4.4162879461757676E-002
  0.23000000000000007        5.3665177380753076E-002
  0.24000000000000007        6.5142583183138564E-002
  0.25000000000000006        7.8972597137278902E-002
  0.26000000000000006        9.5589898099079251E-002
  0.27000000000000007       0.11548818144590962     
  0.28000000000000008       0.13921860027714170     
  0.29000000000000009       0.16738315245567148     
  0.30000000000000010       0.20062106631593968     
  0.31000000000000011       0.23958611709840560     
  0.32000000000000012       0.28491300116946588     
  0.33000000000000013       0.33717155959897127     
  0.34000000000000014       0.39680887591232755     
  0.35000000000000014       0.46408103178694610     
  0.36000000000000015       0.53897833054912825     
  0.37000000000000016       0.62114963472707374     
  0.38000000000000017       0.70983263885234271     
  0.39000000000000018       0.80379725267941415     
  0.40000000000000019       0.90130921564877653     
  0.41000000000000020        1.0001214233302191     
  0.42000000000000021        1.0975016975757352     
  0.43000000000000022        1.1903070634130515     
  0.44000000000000022        1.2751137359076261     
  0.45000000000000023        1.3484065041606763     
  0.46000000000000024        1.4068204621689480     
  0.47000000000000025        1.4474145705872454     
  0.48000000000000026        1.4679448368909602     
  0.49000000000000027        1.4670989542874036     
  0.50000000000000022        1.4446557050409223     
  0.51000000000000023        1.4015408737645603     
  0.52000000000000024        1.3397655382485361     
  0.53000000000000025        1.2622506671887770     
  0.54000000000000026        1.1725610176189172     
  0.55000000000000027        1.0745869488109812     
  0.56000000000000028       0.97222042041144030     
  0.57000000000000028       0.86906884155296105     
  0.58000000000000029       0.76823886612515191     
  0.59000000000000030       0.67220578795448571     
  0.60000000000000031       0.58276775861981267     
  0.61000000000000032       0.50107140330715605     
  0.62000000000000033       0.42768833753650842     
  0.63000000000000034       0.36272050177754961     
  0.64000000000000035       0.30591479869529853     
  0.65000000000000036       0.25677241015948693     
  0.66000000000000036       0.21464368061787101     
  0.67000000000000037       0.17880436026910651     
  0.68000000000000038       0.14851267903356705     
  0.69000000000000039       0.12304904330885484     
  0.70000000000000040       0.10174130071026223     
  0.71000000000000041        8.3978825807318871E-002
  0.72000000000000042        6.9218468006373671E-002
  0.73000000000000043        5.6984933456932584E-002
  0.74000000000000044        4.6867625397430994E-002
  0.75000000000000044        3.8515446967783799E-002
  0.76000000000000045        3.1630627336224633E-002
  0.77000000000000046        2.5962281271156306E-002
  0.78000000000000047        2.1300149451229131E-002
  0.79000000000000048        1.7468778783897649E-002
  0.80000000000000049        1.4322273018567153E-002
  0.81000000000000050        1.1739659313784796E-002
  0.82000000000000051        9.6208637151297179E-003
  0.83000000000000052        7.8832579434056794E-003
  0.84000000000000052        6.4587242416007246E-003
  0.85000000000000053        5.2911789249227544E-003
  0.86000000000000054        4.3344951477780501E-003
  0.87000000000000055        3.5507686289976202E-003
  0.88000000000000056        2.9088751599705381E-003
  0.89000000000000057        2.3832744337464189E-003
  0.90000000000000058        1.9530206255500594E-003
  0.91000000000000059        1.6009456832192673E-003
  0.92000000000000060        1.3129863661288245E-003
  0.93000000000000060        1.0776306338370505E-003
  0.94000000000000061        8.8546285763195195E-004
  0.95000000000000062        7.2879079126391257E-004
  0.96000000000000063        6.0134011604321064E-004
  0.97000000000000064        4.9800480640726640E-004
  0.98000000000000065        4.1464367241952904E-004
  0.99000000000000066        3.4791513044226275E-004
   1.0000000000000007        2.9514374149177959E-004
   1.0100000000000007        2.5421326051032364E-004
   1.0200000000000007        2.2348196838189278E-004
   1.0300000000000007        2.0171694658958913E-004
   1.0400000000000007        1.8804466249132466E-004
   1.0500000000000007        1.8191590636618333E-004
   1.0600000000000007        1.8308367564495126E-004
   1.0700000000000007        1.9159308614980655E-004
   1.0800000000000007        2.0778290942688067E-004
   1.0900000000000007        2.3229871539718792E-004
   1.1000000000000008        2.6611811835430257E-004
   1.1100000000000008        3.1058898276618672E-004
   1.1200000000000008        3.6748201398439630E-004
   1.1300000000000008        4.3905954966420179E-004
   1.1400000000000008        5.2816299278668152E-004
   1.1500000000000008        6.3832183408478948E-004
   1.1600000000000008        7.7388786821018204E-004
   1.1700000000000008        9.4019881637949596E-004
   1.1800000000000008        1.1437761956218570E-003
   1.1900000000000008        1.3925628752187932E-003
   1.2000000000000008        1.6962061584408015E-003
   1.2100000000000009        2.0663923819373821E-003
   1.2200000000000009        2.5172387020333752E-003
   1.2300000000000009        3.0657466285801040E-003
   1.2400000000000009        3.7323195946791280E-003
   1.2500000000000009        4.5413429059136387E-003
   1.2600000000000009        5.5218181616244416E-003
   1.2700000000000009        6.7080349817118350E-003
   1.2800000000000009        8.1402500634204667E-003
   1.2900000000000009        9.8653269291040808E-003
   1.3000000000000009        1.1937269939408317E-002
   1.3100000000000009        1.4417565449849054E-002
   1.3200000000000010        1.7375226278733551E-002
   1.3300000000000010        2.0886431399500995E-002
   1.3400000000000010        2.5033673288718580E-002
   1.3500000000000010        2.9904385231999203E-002
   1.3600000000000010        3.5589131516259108E-002
   1.3700000000000010        4.2179602105703234E-002
   1.3800000000000010        4.9766826967896048E-002
   1.3900000000000010        5.8440133811681332E-002
   1.4000000000000010        6.8287287701472563E-002
   1.4100000000000010        7.9395825443769275E-002
   1.4200000000000010        9.1854749030183924E-002
   1.4300000000000010       0.10575456671669997     
   1.4400000000000011       0.12118252937900087     
   1.4500000000000011       0.13820939637478930     
   1.4600000000000011       0.15686479293633357     
   1.4700000000000011       0.17710050793468404     
   1.4800000000000011       0.19874470746403719     
   1.4900000000000011       0.22145424514421005     
   1.5000000000000011       0.24467594704335846     
   1.5100000000000011       0.26762978575315621     
   1.5200000000000011       0.28932618982235886     
   1.5300000000000011       0.30862557844029770     
   1.5400000000000011       0.32434037404348015     
   1.5500000000000012       0.33536916407241829     
   1.5600000000000012       0.34084184604650880     
   1.5700000000000012       0.34024726694772217     
   1.5800000000000012       0.33351477646740219     
   1.5900000000000012       0.32102989716508851     
   1.6000000000000012       0.30358002178405286     
   1.6100000000000012       0.28224341185287732     
   1.6200000000000012       0.25824753697781072     
   1.6300000000000012       0.23282679847816212     
   1.6400000000000012       0.20710471771078912     
   1.6500000000000012       0.18201504511511346     
   1.6600000000000013       0.15826461883313989     
   1.6700000000000013       0.13633188502691035     
   1.6800000000000013       0.11649038488396463     
   1.6900000000000013        9.8845866191267825E-002
   1.7000000000000013        8.3377595339826069E-002
   1.7100000000000013        6.9977406833151526E-002
   1.7200000000000013        5.8482918997874278E-002
   1.7300000000000013        4.8703595328355755E-002
   1.7400000000000013        4.0439797508956522E-002
   1.7500000000000013        3.3495760931751030E-002
   1.7600000000000013        2.7687718911925282E-002
   1.7700000000000014        2.2848398018066415E-002
   1.7800000000000014        1.8828950884752987E-002
   1.7900000000000014        1.5499182083219451E-002
   1.8000000000000014        1.2746712754067822E-002
   1.8100000000000014        1.0475547326471914E-002
   1.8200000000000014        8.6043598148574235E-003
   1.8300000000000014        7.0647069149969441E-003
   1.8400000000000014        5.7992954978745596E-003
   1.8500000000000014        4.7603767915538825E-003
   1.8600000000000014        3.9083025554575860E-003
   1.8700000000000014        3.2102548079844476E-003
   1.8800000000000014        2.6391462043319027E-003
   1.8900000000000015        2.1726800025737257E-003
   1.9000000000000015        1.7925545293447150E-003
   1.9100000000000015        1.4837956298212522E-003
   1.9200000000000015        1.2342007970944217E-003
   1.9300000000000015        1.0338797993437346E-003
   1.9400000000000015        8.7487815754783062E-004
   1.9500000000000015        7.5087159585467914E-004
   1.9600000000000015        6.5692143360728580E-004
   1.9700000000000015        5.8928253199221764E-004
   1.9800000000000015        5.4525708894794488E-004
   1.9900000000000015        5.2308908354295935E-004
   2.0000000000000013        5.2189555742466174E-004
   2.0100000000000011        5.4163226745847215E-004
   2.0200000000000009        5.8309250109092007E-004
   2.0300000000000007        6.4793910588572580E-004
   2.0400000000000005        7.3877104692165400E-004
   2.0500000000000003        8.5922713647622578E-004
   2.0600000000000001        1.0141310053386427E-003
   2.0699999999999998        1.2096829613460172E-003
   2.0799999999999996        1.4537061514444379E-003
   2.0899999999999994        1.7559564898736914E-003
   2.0999999999999992        2.1285081103390668E-003
   2.1099999999999990        2.5862288694562968E-003
   2.1199999999999988        3.1473634893109809E-003
   2.1299999999999986        3.8342455931962712E-003
   2.1399999999999983        4.6741639647651812E-003
   2.1499999999999981        5.7004130123502264E-003
   2.1599999999999979        6.9535624533531232E-003
   2.1699999999999977        8.4829866682475125E-003
   2.1799999999999975        1.0348699500784365E-002
   2.1899999999999973        1.2623545161397206E-002
   2.1999999999999971        1.5395799356342735E-002
   2.2099999999999969        1.8772235396435789E-002
   2.2199999999999966        2.2881705852251136E-002
   2.2299999999999964        2.7879278011505523E-002
   2.2399999999999962        3.3950936541238347E-002
   2.2499999999999960        4.1318822997244917E-002
   2.2599999999999958        5.0246910520048822E-002
   2.2699999999999956        6.1046902205078392E-002
   2.2799999999999954        7.4083979654429130E-002
   2.2899999999999952        8.9781799265355691E-002
   2.2999999999999949       0.10862582377914259     
   2.3099999999999947       0.13116367777703589     
   2.3199999999999945       0.15800073477660467     
   2.3299999999999943       0.18978861488164331     
   2.3399999999999941       0.22720377516443788     
   2.3499999999999939       0.27091305312573422     
   2.3599999999999937       0.32152309517880623     
   2.3699999999999934       0.37951135345910170     
   2.3799999999999932       0.44513807528169669     
   2.3899999999999930       0.51834168090753951     
   2.3999999999999928       0.59862416324840240     
   2.4099999999999926       0.68493833871309728     
   2.4199999999999924       0.77559419328042312     
   2.4299999999999922       0.86820605693706820     
   2.4399999999999920       0.95970446577987445     
   2.4499999999999917        1.0464347435727455     
   2.4599999999999915        1.1243569592204394     
   2.4699999999999913        1.1893477661220160     
   2.4799999999999911        1.2375837778340106     
   2.4899999999999909        1.2659614424399483     
   2.4999999999999907        1.2724865558180340     
   2.5099999999999905        1.2565570925547167     
   2.5199999999999902        1.2190740865031715     
   2.5299999999999900        1.1623481660189041     
   2.5399999999999898        1.0898155233527282     
   2.5499999999999896        1.0056209266015503     
   2.5599999999999894       0.91415153233981628     
   2.5699999999999892       0.81960618303434585     
   2.5799999999999890       0.72566361141699964     
   2.5899999999999888       0.63528016616155247     
   2.5999999999999885       0.55061555915358718     
   2.6099999999999883       0.47306237039650911     
   2.6199999999999881       0.40334463579217816     
   2.6299999999999879       0.34165106589330169     
   2.6399999999999877       0.28777524258612736     
   2.6499999999999875       0.24124436341795383     
   2.6599999999999873       0.20142678102046194     
   2.6699999999999871       0.16761522288298936     
   2.6799999999999868       0.13908684164260976     
   2.6899999999999866       0.11514347348688851     
   2.6999999999999864        9.5136254883264285E-002
   2.7099999999999862        7.8478634688939300E-002
   2.7199999999999860        6.4651261832378695E-002
   2.7299999999999858        5.3201520555304770E-002
   2.7399999999999856        4.3739793802327204E-002
   2.7499999999999853        3.5933939835877261E-002
   2.7599999999999851        2.9502993222920663E-002
   2.7699999999999849        2.4210744312972484E-002
   2.7799999999999847        1.9859594424713356E-002
   2.7899999999999845        1.6284906113220355E-002
   2.7999999999999843        1.3349949550187127E-002
   2.8099999999999841        1.0941470643173907E-002
   2.8199999999999839        8.9658610881734550E-003
   2.8299999999999836        7.3458853554811436E-003
   2.8399999999999834        6.0179076229296344E-003
   2.8499999999999832        4.9295581636895573E-003
   2.8599999999999830        4.0377799499618176E-003
   2.8699999999999828        3.3072005027522965E-003
   2.8799999999999826        2.7087794344728619E-003
   2.8899999999999824        2.2186880916801486E-003
   2.8999999999999821        1.8173835726248524E-003
   2.9099999999999819        1.4888447506710199E-003
   2.9199999999999817        1.2199429728485841E-003
   2.9299999999999815        9.9992432747868102E-004
   2.9399999999999813        8.1998422589167402E-004
   2.9499999999999811        6.7291814640072455E-004
   2.9599999999999809        5.5283528535230136E-004
   2.9699999999999807        4.5492399094590707E-004
   2.9799999999999804        3.7525988773803951E-004
   2.9899999999999802        3.1064922652290040E-004
   2.9999999999999800        2.5850126265437027E-004
   3.0099999999999798        2.1672466128330671E-004
   3.0199999999999796        1.8364378714652452E-004
   3.0299999999999794        1.5793166241202450E-004
   3.0399999999999792        1.3855678397635106E-004
   3.0499999999999790        1.2474180408507377E-004
   3.0599999999999787        1.1593238149848874E-004
   3.0699999999999785        1.1177493171958589E-004
   3.0799999999999783        1.1210244579118288E-004
   3.0899999999999781        1.1692775109165263E-004
   3.0999999999999779        1.2644398989309990E-004
   3.1099999999999777        1.4103227023223394E-004
   3.1199999999999775        1.6127683834581672E-004
   3.1299999999999772        1.8798833388845060E-004
   3.1399999999999770        2.2223600725247833E-004
   3.1499999999999768        2.6539019974931193E-004
   3.1599999999999766        3.1917666082125661E-004
   3.1699999999999764        3.8574480911711005E-004
   3.1799999999999762        4.6775251110205032E-004
   3.1899999999999760        5.6847052163683405E-004
   3.1999999999999758        6.9191044679497982E-004
   3.2099999999999755        8.4298080545397740E-004
   3.2199999999999753        1.0276766862071585E-003
   3.2299999999999751        1.2533094173562331E-003
   3.2399999999999749        1.5287837467540782E-003
   3.2499999999999747        1.8649310397846873E-003
   3.2599999999999745        2.2749080823546443E-003
   3.2699999999999743        2.7746718118309387E-003
   3.2799999999999740        3.3835407485178618E-003
   3.2899999999999738        4.1248533784952477E-003
   3.2999999999999736        5.0267320162394012E-003
   3.3099999999999734        6.1229566631019056E-003
   3.3199999999999732        7.4539459630386835E-003
   3.3299999999999730        9.0678299145102413E-003
   3.3399999999999728        1.1021579104190092E-002
   3.3499999999999726        1.3382124874140712E-002
   3.3599999999999723        1.6227360375789316E-002
   3.3699999999999721        1.9646849363039297E-002
   3.3799999999999719        2.3741983953138864E-002
   3.3899999999999717        2.8625221659212122E-002
   3.3999999999999715        3.4417897583942279E-002
   3.4099999999999713        4.1245960328225535E-002
   3.4199999999999711        4.9232846158948324E-002
   3.4299999999999708        5.8488636399478294E-002
   3.4399999999999706        6.9094722094365194E-002
   3.4499999999999704        8.1083549551655434E-002
   3.4599999999999702        9.4413786750461068E-002
   3.4699999999999700       0.10894256193086056     
   3.4799999999999698       0.12439830192141221     
   3.4899999999999696       0.14035991446948223     
   3.4999999999999694       0.15625000639142114     
   3.5099999999999691       0.17135047276172699     
   3.5199999999999689       0.18484689284940037     
   3.5299999999999687       0.19590287726974046     
   3.5399999999999685       0.20375721768868704     
   3.5499999999999683       0.20782763265814805     
   3.5599999999999681       0.20779882249376735     
   3.5699999999999679       0.20367305182176246     
   3.5799999999999677       0.19576977933313588     
   3.5899999999999674       0.18467443570122344     
   3.5999999999999672       0.17114999156873853     
   3.6099999999999670       0.15603315860356790     
   3.6199999999999668       0.14013746479647268     
   3.6299999999999666       0.12417929560063219     
   3.6399999999999664       0.10873392185885604     
   3.6499999999999662        9.4220273213660888E-002
   3.6599999999999659        8.0907972671247733E-002
   3.6699999999999657        6.8938291414489247E-002
   3.6799999999999655        5.8351352946743047E-002
   3.6899999999999653        4.9113873161673934E-002
   3.6999999999999651        4.1143938053738706E-002
   3.7099999999999649        3.4331189980502407E-002
   3.7199999999999647        2.8552096625808265E-002
   3.7299999999999645        2.3680736436829188E-002
   3.7399999999999642        1.9595879096775373E-002
   3.7499999999999640        1.6185215899049147E-002
   3.7599999999999638        1.3347523918792350E-002
   3.7699999999999636        1.0993413393384470E-002
   3.7799999999999634        9.0451604412033707E-003
   3.7899999999999632        7.4359931303319372E-003
   3.7999999999999630        6.1090883147190888E-003
   3.8099999999999627        5.0164513870042584E-003
   3.8199999999999625        4.1177882975972349E-003
   3.8299999999999623        3.3794349529651466E-003
   3.8399999999999621        2.7733789052814795E-003
   3.8499999999999619        2.2763885560639408E-003
   3.8599999999999617        1.8692526400260125E-003
   3.8699999999999615        1.5361255078771661E-003
   3.8799999999999613        1.2639697449801947E-003
   3.8899999999999610        1.0420859312887129E-003
   3.8999999999999608        8.6171894092931442E-004
   3.9099999999999606        7.1573061040892168E-004
   3.9199999999999604        5.9832942216512283E-004
   3.9299999999999602        5.0484893628758513E-004
   3.9399999999999600        4.3156782109451410E-004
   3.9499999999999598        3.7556538262862064E-004
   3.9599999999999596        3.3460765259159258E-004
   3.9699999999999593        3.0705991450584528E-004
   3.9799999999999591        2.9182256881180214E-004
   3.9899999999999589        2.8828797200997042E-004
   3.9999999999999587        2.9631667530866329E-004
   4.0099999999999589        3.1623222069629886E-004
   4.0199999999999587        3.4883433219537783E-004
   4.0299999999999585        3.9543109694979635E-004
   4.0399999999999583        4.5789139155334024E-004
   4.0499999999999581        5.3871970072135117E-004
   4.0599999999999579        6.4115626033526673E-004
   4.0699999999999577        7.6930650019869668E-004
   4.0799999999999574        9.2830488634934550E-004
   4.0899999999999572        1.1245195823752279E-003
   4.0999999999999570        1.3658059257003845E-003
   4.1099999999999568        1.6618185335241517E-003
   4.1199999999999566        2.0243940858953261E-003
   4.1299999999999564        2.4680193574253650E-003
   4.1399999999999562        3.0104021727616111E-003
   4.1499999999999559        3.6731665111343972E-003
   4.1599999999999557        4.4826971547342036E-003
   4.1699999999999555        5.4711640621824820E-003
   4.1799999999999553        6.6777620390125166E-003
   4.1899999999999551        8.1502072752886543E-003
   4.1999999999999549        9.9465386365159020E-003
   4.2099999999999547        1.2137278005021720E-002
   4.2199999999999545        1.4808009786941571E-002
   4.2299999999999542        1.8062443894502411E-002
   4.2399999999999540        2.2026027472402010E-002
   4.2499999999999538        2.6850165811511392E-002
   4.2599999999999536        3.2717098465360299E-002
   4.2699999999999534        3.9845447052437311E-002
   4.2799999999999532        4.8496398631963013E-002
   4.2899999999999530        5.8980402127151242E-002
   4.2999999999999527        7.1664120458998753E-002
   4.3099999999999525        8.6977179857057010E-002
   4.3199999999999523       0.10541796886705639     
   4.3299999999999521       0.12755734116746759     
   4.3399999999999519       0.15403855212028925     
   4.3499999999999517       0.18557110915714570     
   4.3599999999999515       0.22291547648969820     
   4.3699999999999513       0.26685484528189213     
   4.3799999999999510       0.31814966227057118     
   4.3899999999999508       0.37747064209809267     
   4.3999999999999506       0.44530706433525896     
   4.4099999999999504       0.52184987750204204     
   4.4199999999999502       0.60685404958654854     
   4.4299999999999500       0.69949189159550673     
   4.4399999999999498       0.79821806306074083     
   4.4499999999999496       0.90067566745702976     
   4.4599999999999493        1.0036778971952454     
   4.4699999999999491        1.1032970905359878     
   4.4799999999999489        1.1950799358299948     
   4.4899999999999487        1.2743843459276392     
   4.4999999999999485        1.3368052157066874     
   4.5099999999999483        1.3786312037500501     
   4.5199999999999481        1.3972609865928172     
   4.5299999999999478        1.3915093829655165     
   4.5399999999999476        1.3617505327036612     
   4.5499999999999474        1.3098727434243382     
   4.5599999999999472        1.2390522889946460     
   4.5699999999999470        1.1533853675225516     
   4.5799999999999468        1.0574417968420879     
   4.5899999999999466       0.95581441698719827     
   4.5999999999999464       0.85273148607712190     
   4.6099999999999461       0.75177814046963654     
   4.6199999999999459       0.65574472254586702     
   4.6299999999999457       0.56659339654197660     
   4.6399999999999455       0.48551652244293170     
   4.6499999999999453       0.41305295778289408     
   4.6599999999999451       0.34923017623913272     
   4.6699999999999449       0.29370723376493951     
   4.6799999999999446       0.24590252753119479     
   4.6899999999999444       0.20509840131364074     
   4.6999999999999442       0.17052070065993918     
   4.7099999999999440       0.14139515776786454     
   4.7199999999999438       0.11698435988097132     
   4.7299999999999436        9.6609598506581865E-002
   4.7399999999999434        7.9661651004180392E-002
   4.7499999999999432        6.5603922523869360E-002
   4.7599999999999429        5.3970642485564276E-002
   4.7699999999999427        4.4362115287636450E-002
   4.7799999999999425        3.6438437649766724E-002
   4.7899999999999423        2.9912632988036550E-002
   4.7999999999999421        2.4543808773301801E-002
   4.8099999999999419        2.0130696921145531E-002
   4.8199999999999417        1.6505768582649998E-002
   4.8299999999999415        1.3530003590681619E-002
   4.8399999999999412        1.1088324837266015E-002
   4.8499999999999410        9.0856665783339771E-003
   4.8599999999999408        7.4436234451687039E-003
   4.8699999999999406        6.0976172315956902E-003
   4.8799999999999404        4.9945164824065505E-003
   4.8899999999999402        4.0906464760836741E-003
   4.8999999999999400        3.3501321938569817E-003
   4.9099999999999397        2.7435229399516447E-003
   4.9199999999999395        2.2466536620382961E-003
   4.9299999999999393        1.8397042077076412E-003
   4.9399999999999391        1.5064234005886413E-003
   4.9499999999999389        1.2334899196315894E-003
   4.9599999999999387        1.0099864742481761E-003
   4.9699999999999385        8.2696755386143259E-004
   4.9799999999999383        6.7710437200467022E-004
   4.9899999999999380        5.5439339270959783E-004
   4.9999999999999378        4.5391716690395292E-004
   5.0099999999999376        3.7164817718484604E-004
   5.0199999999999374        3.0428799138593101E-004
   5.0299999999999372        2.4913543348938815E-004
   5.0399999999999370        2.0397852561620814E-004
   5.0499999999999368        1.6700596124545540E-004
   5.0599999999999365        1.3673457295445779E-004
   5.0699999999999363        1.1194990967280321E-004
   5.0799999999999361        9.1657577733867521E-005
   5.0899999999999359        7.5043376558256737E-005
   5.0999999999999357        6.1440654487832143E-005
   5.1099999999999355        5.0303577205123266E-005
   5.1199999999999353        4.1185235615026201E-005
   5.1299999999999351        3.3719720090876603E-005
   5.1399999999999348        2.7607438884801418E-005
   5.1499999999999346        2.2603105144214336E-005
   5.1599999999999344        1.8505887660522783E-005
   5.1699999999999342        1.5151360086661388E-005
   5.1799999999999340        1.2404898163041960E-005
   5.1899999999999338        1.0156280610329863E-005
   5.1999999999999336        8.3152647980603903E-006
   5.2099999999999334        6.8079672324500248E-006
   5.2199999999999331        5.5738946349162922E-006
   5.2299999999999329        4.5635208802653898E-006
   5.2399999999999327        3.7362962742401291E-006
   5.2499999999999325        3.0590214468221043E-006
   5.2599999999999323        2.5045154546428763E-006
   5.2699999999999321        2.0505243392045711E-006
   5.2799999999999319        1.6788269347295687E-006
   5.2899999999999316        1.3745073945052241E-006
   5.2999999999999314        1.1253519696919198E-006
   5.3099999999999312        9.2136041866130188E-007
   5.3199999999999310        7.5434549403003165E-007
   5.3299999999999308        6.1760672211946939E-007
   5.3399999999999306        5.0565395741556785E-007
   5.3499999999999304        4.1399394218698800E-007
   5.3599999999999302        3.3894961768328177E-007
   5.3699999999999299        2.7750839365102338E-007
   5.3799999999999297        2.2720427965305420E-007
   5.3899999999999295        1.8601944529114303E-007
   5.3999999999999293        1.5229993577257201E-007
   5.4099999999999291        1.2469322186342404E-007
   5.4199999999999289        1.0209009821549214E-007
   5.4299999999999287        8.3584252743445440E-008
   5.4399999999999284        6.8432576150695366E-008
   5.4499999999999282        5.6027776427430731E-008
   5.4599999999999280        4.5871826015940498E-008
   5.4699999999999278        3.7556625425779950E-008
   5.4799999999999276        3.0748737666796762E-008
   5.4899999999999274        2.5175417942384577E-008
   5.4999999999999272        2.0611290972851037E-008
   5.5099999999999270        1.6875390400610601E-008
   5.5199999999999267        1.3816355816149042E-008
   5.5299999999999265        1.1312062683672463E-008
   5.5399999999999263        9.2614807053877420E-009
   5.5499999999999261        7.5820833010462724E-009
   5.5599999999999259        6.2083673105404256E-009
   5.5699999999999257        5.0826011351312715E-009
   5.5799999999999255        4.1618561501154984E-009
   5.5899999999999253        3.4072745486496001E-009
   5.5999999999999250        2.7892503826623268E-009
   5.6099999999999248        2.2837288193457891E-009
   5.6199999999999246        1.8696156206992269E-009
   5.6299999999999244        1.5309975896343425E-009
   5.6399999999999242        1.2534418264664065E-009
   5.6499999999999240        1.0258461006686969E-009
   5.6599999999999238        8.4006877652162407E-010
   5.6699999999999235        6.8796821830559453E-010
   5.6799999999999233        5.6288308770457715E-010
   5.6899999999999231        4.6148271556055765E-010
   5.6999999999999229        3.7747583790839498E-010
   5.7099999999999227        3.0938215734452739E-010
   5.7199999999999225        2.5313085600915907E-010
   5.7299999999999223        2.0687156214783616E-010
   5.7399999999999221        1.6912397835699643E-010
   5.7499999999999218        1.3877788158396870E-010
   5.7599999999999216        1.1398290007429970E-010
   5.7699999999999214        9.3258736424426983E-011
   5.7799999999999212        7.6605390634350758E-011
   5.7899999999999210        6.2542565300508537E-011
   5.7999999999999208        5.1070260422900488E-011
   5.8099999999999206        4.1448327299745335E-011
   5.8199999999999203        3.3676765931043091E-011
   5.8299999999999201        2.7755576316793746E-011
   5.8399999999999199        2.2944609755216160E-011
   5.8499999999999197        1.8873791895419739E-011
   5.8599999999999195        1.5543122737404492E-011
   5.8699999999999193        1.2212453579389243E-011
   5.8799999999999191        1.0732156175826910E-011
   5.8899999999999189        8.5117100704834120E-012
   5.8999999999999186        6.6613383160304959E-012
   5.9099999999999184        6.2912639651399129E-012
   5.9199999999999182        4.8109665615775806E-012
   5.9299999999999180        3.3306691580152480E-012
   5.9399999999999178        3.3306691580152480E-012
   5.9499999999999176        2.5905204562340818E-012
   5.9599999999999174        2.2204461053434988E-012
   5.9699999999999172        1.8503717544529157E-012
   5.9799999999999169        1.4802974035623324E-012
   5.9899999999999167        1.1102230526717494E-012
   5.9999999999999165        3.7007435089058311E-013
   6.0099999999999163        1.1102230526717494E-012
   6.0199999999999161        7.4014870178116622E-013
   6.0299999999999159        3.7007435089058311E-013
   6.0399999999999157        3.7007435089058311E-013
   6.0499999999999154        0.0000000000000000     
   6.0599999999999152        0.0000000000000000     
   6.0699999999999150        0.0000000000000000     
   6.0799999999999148        0.0000000000000000     
   6.0899999999999146        0.0000000000000000     
   6.0999999999999144        0.0000000000000000     
   6.1099999999999142        0.0000000000000000     
   6.1199999999999140        0.0000000000000000     
   6.1299999999999137        0.0000000000000000     
   6.1399999999999135        0.0000000000000000     
   6.1499999999999133        0.0000000000000000     
   6.1599999999999131        0.0000000000000000     
   6.1699999999999129        0.0000000000000000     
   6.1799999999999127        3.7007435089058311E-013
   6.1899999999999125        0.0000000000000000     
   6.1999999999999122        0.0000000000000000     
   6.2099999999999120        0.0000000000000000     
   6.2199999999999118        0.0000000000000000     
   6.2299999999999116        0.0000000000000000     
   6.2399999999999114        0.0000000000000000     
   6.2499999999999112        0.0000000000000000     
   6.2599999999999110        0.0000000000000000     
   6.2699999999999108        0.0000000000000000     
   6.2799999999999105        0.0000000000000000     
   6.2899999999999103        0.0000000000000000     
   6.2999999999999101        0.0000000000000000     
   6.3099999999999099        0.0000000000000000     
   6.3199999999999097        0.0000000000000000     
   6.3299999999999095        0.0000000000000000     
   6.3399999999999093        0.0000000000000000     
   6.3499999999999091        0.0000000000000000     
   6.3599999999999088        0.0000000000000000     
   6.3699999999999086        0.0000000000000000     
   6.3799999999999084        0.0000000000000000     
   6.3899999999999082        0.0000000000000000     
   6.3999999999999080        0.0000000000000000     
   6.4099999999999078        0.0000000000000000     
   6.4199999999999076        0.0000000000000000     
   6.4299999999999073        0.0000000000000000     
   6.4399999999999071        0.0000000000000000     
   6.4499999999999069        0.0000000000000000     
   6.4599999999999067        0.0000000000000000     
   6.4699999999999065        0.0000000000000000     
   6.4799999999999063        0.0000000000000000     
   6.4899999999999061        0.0000000000000000     
   6.4999999999999059        0.0000000000000000     
   6.5099999999999056        0.0000000000000000     
   6.5199999999999054        0.0000000000000000     
   6.5299999999999052        0.0000000000000000     
   6.5399999999999050        0.0000000000000000     
   6.5499999999999048        0.0000000000000000     
   6.5599999999999046        0.0000000000000000     
   6.5699999999999044        0.0000000000000000     
   6.5799999999999041        0.0000000000000000     
   6.5899999999999039        0.0000000000000000     
   6.5999999999999037        0.0000000000000000     
   6.6099999999999035        0.0000000000000000     
   6.6199999999999033        0.0000000000000000     
   6.6299999999999031        0.0000000000000000     
   6.6399999999999029        0.0000000000000000     
   6.6499999999999027        0.0000000000000000     
   6.6599999999999024        0.0000000000000000     
   6.6699999999999022        0.0000000000000000     
   6.6799999999999020        0.0000000000000000     
   6.6899999999999018        0.0000000000000000     
   6.6999999999999016        0.0000000000000000     
   6.7099999999999014        0.0000000000000000     
   6.7199999999999012        0.0000000000000000     
   6.7299999999999010        0.0000000000000000     
   6.7399999999999007        0.0000000000000000     
   6.7499999999999005        0.0000000000000000     
   6.7599999999999003        0.0000000000000000     
   6.7699999999999001        0.0000000000000000     
   6.7799999999998999        0.0000000000000000     
   6.7899999999998997        0.0000000000000000     
   6.7999999999998995        0.0000000000000000     
   6.8099999999998992        0.0000000000000000     
   6.8199999999998990        0.0000000000000000     
   6.8299999999998988        0.0000000000000000     
   6.8399999999998986        0.0000000000000000     
   6.8499999999998984        0.0000000000000000     
   6.8599999999998982        0.0000000000000000     
   6.8699999999998980        0.0000000000000000     
   6.8799999999998978        0.0000000000000000     
   6.8899999999998975        0.0000000000000000     
   6.8999999999998973        0.0000000000000000     
   6.9099999999998971        0.0000000000000000     
   6.9199999999998969        0.0000000000000000     
   6.9299999999998967        0.0000000000000000     
   6.9399999999998965        0.0000000000000000     
   6.9499999999998963        0.0000000000000000     
   6.9599999999998960        0.0000000000000000     
   6.9699999999998958        0.0000000000000000     
   6.9799999999998956        0.0000000000000000     
   6.9899999999998954        0.0000000000000000     
   6.9999999999998952        0.0000000000000000     
   7.0099999999998950        0.0000000000000000     
   7.0199999999998948        0.0000000000000000     
   7.0299999999998946        0.0000000000000000     
   7.0399999999998943        0.0000000000000000     
   7.0499999999998941        0.0000000000000000     
   7.0599999999998939        0.0000000000000000     
   7.0699999999998937        0.0000000000000000     
   7.0799999999998935        0.0000000000000000     
   7.0899999999998933        0.0000000000000000     
   7.0999999999998931        0.0000000000000000     
   7.1099999999998929        0.0000000000000000     
   7.1199999999998926        0.0000000000000000     
   7.1299999999998924        0.0000000000000000     
   7.1399999999998922        0.0000000000000000     
   7.1499999999998920        0.0000000000000000     
   7.1599999999998918        0.0000000000000000     
   7.1699999999998916        0.0000000000000000     
   7.1799999999998914        0.0000000000000000     
   7.1899999999998911        0.0000000000000000     
   7.1999999999998909        0.0000000000000000     
   7.2099999999998907        0.0000000000000000     
   7.2199999999998905        0.0000000000000000     
   7.2299999999998903        0.0000000000000000     
   7.2399999999998901        0.0000000000000000     
   7.2499999999998899        0.0000000000000000     
   7.2599999999998897        0.0000000000000000     
   7.2699999999998894        0.0000000000000000     
   7.2799999999998892        0.0000000000000000     
   7.2899999999998890        0.0000000000000000     
   7.2999999999998888        0.0000000000000000     
   7.3099999999998886        0.0000000000000000     
   7.3199999999998884        0.0000000000000000     
   7.3299999999998882        0.0000000000000000     
   7.3399999999998879        0.0000000000000000     
   7.3499999999998877        0.0000000000000000     
   7.3599999999998875        0.0000000000000000     
   7.3699999999998873        0.0000000000000000     
   7.3799999999998871        0.0000000000000000     
   7.3899999999998869        0.0000000000000000     
   7.3999999999998867        0.0000000000000000     
   7.4099999999998865        0.0000000000000000     
   7.4199999999998862        0.0000000000000000     
   7.4299999999998860        0.0000000000000000     
   7.4399999999998858        0.0000000000000000     
   7.4499999999998856        0.0000000000000000     
   7.4599999999998854        0.0000000000000000     
   7.4699999999998852        0.0000000000000000     
   7.4799999999998850        0.0000000000000000     
   7.4899999999998847        0.0000000000000000     
   7.4999999999998845        0.0000000000000000     
   7.5099999999998843        0.0000000000000000     
   7.5199999999998841        0.0000000000000000     
   7.5299999999998839        0.0000000000000000     
   7.5399999999998837        0.0000000000000000     
   7.5499999999998835        0.0000000000000000     
   7.5599999999998833        0.0000000000000000     
   7.5699999999998830        0.0000000000000000     
   7.5799999999998828        0.0000000000000000     
   7.5899999999998826        0.0000000000000000     
   7.5999999999998824        0.0000000000000000     
   7.6099999999998822        0.0000000000000000     
   7.6199999999998820        0.0000000000000000     
   7.6299999999998818        0.0000000000000000     
   7.6399999999998816        0.0000000000000000     
   7.6499999999998813        0.0000000000000000     
   7.6599999999998811        0.0000000000000000     
   7.6699999999998809        0.0000000000000000     
   7.6799999999998807        0.0000000000000000     
   7.6899999999998805        0.0000000000000000     
   7.6999999999998803        0.0000000000000000     
   7.7099999999998801        0.0000000000000000     
   7.7199999999998798        0.0000000000000000     
   7.7299999999998796        0.0000000000000000     
   7.7399999999998794        0.0000000000000000     
   7.7499999999998792        0.0000000000000000     
   7.7599999999998790        0.0000000000000000     
   7.7699999999998788        0.0000000000000000     
   7.7799999999998786        0.0000000000000000     
   7.7899999999998784        0.0000000000000000     
   7.7999999999998781        0.0000000000000000     
   7.8099999999998779        0.0000000000000000     
   7.8199999999998777        0.0000000000000000     
   7.8299999999998775        0.0000000000000000     
   7.8399999999998773        0.0000000000000000     
   7.8499999999998771        0.0000000000000000     
   7.8599999999998769        0.0000000000000000     
   7.8699999999998766        0.0000000000000000     
   7.8799999999998764        0.0000000000000000     
   7.8899999999998762        0.0000000000000000     
   7.8999999999998760        0.0000000000000000     
   7.9099999999998758        0.0000000000000000     
   7.9199999999998756        0.0000000000000000     
   7.9299999999998754        0.0000000000000000     
   7.9399999999998752        0.0000000000000000     
   7.9499999999998749        0.0000000000000000     
   7.9599999999998747        0.0000000000000000     
   7.9699999999998745        0.0000000000000000     
   7.9799999999998743        0.0000000000000000     
   7.9899999999998741        0.0000000000000000     
   7.9999999999998739        0.0000000000000000     
   8.0099999999998737        0.0000000000000000     
   8.0199999999998735        0.0000000000000000     
   8.0299999999998732        0.0000000000000000     
   8.0399999999998730        0.0000000000000000     
   8.0499999999998728        0.0000000000000000     
   8.0599999999998726        0.0000000000000000     
   8.0699999999998724        0.0000000000000000     
   8.0799999999998722        0.0000000000000000     
   8.0899999999998720        0.0000000000000000     
   8.0999999999998717        0.0000000000000000     
   8.1099999999998715        0.0000000000000000     
   8.1199999999998713        0.0000000000000000     
   8.1299999999998711        0.0000000000000000     
   8.1399999999998709        0.0000000000000000     
   8.1499999999998707        0.0000000000000000     
   8.1599999999998705        0.0000000000000000     
   8.1699999999998703        0.0000000000000000     
   8.1799999999998700        0.0000000000000000     
   8.1899999999998698        0.0000000000000000     
   8.1999999999998696        0.0000000000000000     
   8.2099999999998694        0.0000000000000000     
   8.2199999999998692        0.0000000000000000     
   8.2299999999998690        0.0000000000000000     
   8.2399999999998688        0.0000000000000000     
   8.2499999999998685        0.0000000000000000     
   8.2599999999998683        0.0000000000000000     
   8.2699999999998681        0.0000000000000000     
   8.2799999999998679        0.0000000000000000     
   8.2899999999998677        0.0000000000000000     
   8.2999999999998675        0.0000000000000000     
   8.3099999999998673        0.0000000000000000     
   8.3199999999998671        0.0000000000000000     
   8.3299999999998668        0.0000000000000000     
   8.3399999999998666        0.0000000000000000     
   8.3499999999998664        0.0000000000000000     
   8.3599999999998662        0.0000000000000000     
   8.3699999999998660        0.0000000000000000     
   8.3799999999998658        0.0000000000000000     
   8.3899999999998656        0.0000000000000000     
   8.3999999999998654        0.0000000000000000     
   8.4099999999998651        0.0000000000000000     
   8.4199999999998649        0.0000000000000000     
   8.4299999999998647        0.0000000000000000     
   8.4399999999998645        0.0000000000000000     
   8.4499999999998643        0.0000000000000000     
   8.4599999999998641        0.0000000000000000     
   8.4699999999998639        0.0000000000000000     
   8.4799999999998636        0.0000000000000000     
   8.4899999999998634        0.0000000000000000     
   8.4999999999998632        0.0000000000000000     
   8.5099999999998630        0.0000000000000000     
   8.5199999999998628        0.0000000000000000     
   8.5299999999998626        0.0000000000000000     
   8.5399999999998624        0.0000000000000000     
   8.5499999999998622        0.0000000000000000     
   8.5599999999998619        0.0000000000000000     
   8.5699999999998617        0.0000000000000000     
   8.5799999999998615        0.0000000000000000     
   8.5899999999998613        0.0000000000000000     
   8.5999999999998611        0.0000000000000000     
   8.6099999999998609        0.0000000000000000     
   8.6199999999998607        0.0000000000000000     
   8.6299999999998604        0.0000000000000000     
   8.6399999999998602        0.0000000000000000     
   8.6499999999998600        0.0000000000000000     
   8.6599999999998598        0.0000000000000000     
   8.6699999999998596        0.0000000000000000     
   8.6799999999998594        0.0000000000000000     
   8.6899999999998592        0.0000000000000000     
   8.6999999999998590        0.0000000000000000     
   8.7099999999998587        0.0000000000000000     
   8.7199999999998585        0.0000000000000000     
   8.7299999999998583        0.0000000000000000     
   8.7399999999998581        0.0000000000000000     
   8.7499999999998579        0.0000000000000000     
   8.7599999999998577        0.0000000000000000     
   8.7699999999998575        0.0000000000000000     
   8.7799999999998573        0.0000000000000000     
   8.7899999999998570        0.0000000000000000     
   8.7999999999998568        0.0000000000000000     
   8.8099999999998566        0.0000000000000000     
   8.8199999999998564        0.0000000000000000     
   8.8299999999998562        0.0000000000000000     
   8.8399999999998560        0.0000000000000000     
   8.8499999999998558        0.0000000000000000     
   8.8599999999998555        0.0000000000000000     
   8.8699999999998553        0.0000000000000000     
   8.8799999999998551        0.0000000000000000     
   8.8899999999998549        0.0000000000000000     
   8.8999999999998547        0.0000000000000000     
   8.9099999999998545        0.0000000000000000     
   8.9199999999998543        0.0000000000000000     
   8.9299999999998541        0.0000000000000000     
   8.9399999999998538        0.0000000000000000     
   8.9499999999998536        0.0000000000000000     
   8.9599999999998534        0.0000000000000000     
   8.9699999999998532        0.0000000000000000     
   8.9799999999998530        0.0000000000000000     
   8.9899999999998528        0.0000000000000000     
   8.9999999999998526        0.0000000000000000     
   9.0099999999998523        0.0000000000000000     
   9.0199999999998521        0.0000000000000000     
   9.0299999999998519        0.0000000000000000     
   9.0399999999998517        0.0000000000000000     
   9.0499999999998515        0.0000000000000000     
   9.0599999999998513        0.0000000000000000     
   9.0699999999998511        0.0000000000000000     
   9.0799999999998509        0.0000000000000000     
   9.0899999999998506        0.0000000000000000     
   9.0999999999998504        0.0000000000000000     
   9.1099999999998502        0.0000000000000000     
   9.1199999999998500        0.0000000000000000     
   9.1299999999998498        0.0000000000000000     
   9.1399999999998496        0.0000000000000000     
   9.1499999999998494        0.0000000000000000     
   9.1599999999998492        0.0000000000000000     
   9.1699999999998489        0.0000000000000000     
   9.1799999999998487        0.0000000000000000     
   9.1899999999998485        0.0000000000000000     
   9.1999999999998483        0.0000000000000000     
   9.2099999999998481        0.0000000000000000     
   9.2199999999998479        0.0000000000000000     
   9.2299999999998477        0.0000000000000000     
   9.2399999999998474        0.0000000000000000     
   9.2499999999998472        0.0000000000000000     
   9.2599999999998470        0.0000000000000000     
   9.2699999999998468        0.0000000000000000     
   9.2799999999998466        0.0000000000000000     
   9.2899999999998464        0.0000000000000000     
   9.2999999999998462        0.0000000000000000     
   9.3099999999998460        0.0000000000000000     
   9.3199999999998457        0.0000000000000000     
   9.3299999999998455        0.0000000000000000     
   9.3399999999998453        0.0000000000000000     
   9.3499999999998451        0.0000000000000000     
   9.3599999999998449        0.0000000000000000     
   9.3699999999998447        0.0000000000000000     
   9.3799999999998445        0.0000000000000000     
   9.3899999999998442        0.0000000000000000     
   9.3999999999998440        0.0000000000000000     
   9.4099999999998438        0.0000000000000000     
   9.4199999999998436        0.0000000000000000     
   9.4299999999998434        0.0000000000000000     
   9.4399999999998432        0.0000000000000000     
   9.4499999999998430        0.0000000000000000     
   9.4599999999998428        0.0000000000000000     
   9.4699999999998425        0.0000000000000000     
   9.4799999999998423        0.0000000000000000     
   9.4899999999998421        0.0000000000000000     
   9.4999999999998419        0.0000000000000000     
   9.5099999999998417        0.0000000000000000     
   9.5199999999998415        0.0000000000000000     
   9.5299999999998413        0.0000000000000000     
   9.5399999999998411        0.0000000000000000     
   9.5499999999998408        0.0000000000000000     
   9.5599999999998406        0.0000000000000000     
   9.5699999999998404        0.0000000000000000     
   9.5799999999998402        0.0000000000000000     
   9.5899999999998400        0.0000000000000000     
   9.5999999999998398        0.0000000000000000     
   9.6099999999998396        0.0000000000000000     
   9.6199999999998393        0.0000000000000000     
   9.6299999999998391        0.0000000000000000     
   9.6399999999998389        0.0000000000000000     
   9.6499999999998387        0.0000000000000000     
   9.6599999999998385        0.0000000000000000     
   9.6699999999998383        0.0000000000000000     
   9.6799999999998381        0.0000000000000000     
   9.6899999999998379        0.0000000000000000     
   9.6999999999998376        0.0000000000000000     
   9.7099999999998374        0.0000000000000000     
   9.7199999999998372        0.0000000000000000     
   9.7299999999998370        0.0000000000000000     
   9.7399999999998368        0.0000000000000000     
   9.7499999999998366        0.0000000000000000     
   9.7599999999998364        0.0000000000000000     
   9.7699999999998361        0.0000000000000000     
   9.7799999999998359        0.0000000000000000     
   9.7899999999998357        0.0000000000000000     
   9.7999999999998355        0.0000000000000000     
   9.8099999999998353        0.0000000000000000     
   9.8199999999998351        0.0000000000000000     
   9.8299999999998349        0.0000000000000000     
   9.8399999999998347        0.0000000000000000     
   9.8499999999998344        0.0000000000000000     
   9.8599999999998342        0.0000000000000000     
   9.8699999999998340        0.0000000000000000     
   9.8799999999998338        0.0000000000000000     
   9.8899999999998336        0.0000000000000000     
   9.8999999999998334        0.0000000000000000     
   9.9099999999998332        0.0000000000000000     
   9.9199999999998330        0.0000000000000000     
   9.9299999999998327        0.0000000000000000     
   9.9399999999998325        0.0000000000000000     
   9.9499999999998323        0.0000000000000000     
   9.9599999999998321        0.0000000000000000     
   9.9699999999998319        0.0000000000000000     
   9.9799999999998317        0.0000000000000000     
   9.9899999999998315        0.0000000000000000     
   9.9999999999998312        0.0000000000000000     
