   0.0000000000000000        7.8961332478382398E-002
   1.0000000000000000E-002   7.9309235723203683E-002
   2.0000000000000000E-002   8.0354802727410538E-002
   2.9999999999999999E-002   8.2103579309361810E-002
   4.0000000000000001E-002   8.4564721108137508E-002
   5.0000000000000003E-002   8.7750860040685205E-002
   6.0000000000000005E-002   9.1677912532556249E-002
   7.0000000000000007E-002   9.6364824981226518E-002
   8.0000000000000002E-002  0.10183325107259995     
   8.9999999999999997E-002  0.10810715493994201     
   9.9999999999999992E-002  0.11521233407742305     
  0.10999999999999999       0.12317585619862458     
  0.11999999999999998       0.13202540517338757     
  0.12999999999999998       0.14178853267642183     
  0.13999999999999999       0.15249181437824280     
  0.14999999999999999       0.16415991233385860     
  0.16000000000000000       0.17681454860983878     
  0.17000000000000001       0.19047339905508129     
  0.18000000000000002       0.20514892020051687     
  0.19000000000000003       0.22084712639397405     
  0.20000000000000004       0.23756633803278429     
  0.21000000000000005       0.25529592501207127     
  0.22000000000000006       0.27401507184564983     
  0.23000000000000007       0.29369159236882286     
  0.24000000000000007       0.31428082236478844     
  0.25000000000000006       0.33572461821739941     
  0.26000000000000006       0.35795048908329519     
  0.27000000000000007       0.38087088966550092     
  0.28000000000000008       0.40438270103038237     
  0.29000000000000009       0.42836692841202056     
  0.30000000000000010       0.45268864773896311     
  0.31000000000000011       0.47719723640268513     
  0.32000000000000012       0.50172692761218041     
  0.33000000000000013       0.52609773035467133     
  0.34000000000000014       0.55011675676625027     
  0.35000000000000014       0.57357999409406546     
  0.36000000000000015       0.59627454810920588     
  0.37000000000000016       0.61798136829270123     
  0.38000000000000017       0.63847844284399835     
  0.39000000000000018       0.65754442483716657     
  0.40000000000000019       0.67496262208661850     
  0.41000000000000020       0.69052525496381778     
  0.42000000000000021       0.70403786141162028     
  0.43000000000000022       0.71532370894106423     
  0.44000000000000022       0.72422806098057979     
  0.45000000000000023       0.73062214043529916     
  0.46000000000000024       0.73440663655316252     
  0.47000000000000025       0.73551461179053579     
  0.48000000000000026       0.73391368251765943     
  0.49000000000000027       0.72960737046300117     
  0.50000000000000022       0.72263555012956815     
  0.51000000000000023       0.71307395027781773     
  0.52000000000000024       0.70103270426384590     
  0.53000000000000025       0.68665398307770398     
  0.54000000000000026       0.67010878447314681     
  0.55000000000000027       0.65159298933579335     
  0.56000000000000028       0.63132282942443185     
  0.57000000000000028       0.60952993638437569     
  0.58000000000000029       0.58645615819349461     
  0.59000000000000030       0.56234833447497468     
  0.60000000000000031       0.53745321643619570     
  0.61000000000000032       0.51201270085719497     
  0.62000000000000033       0.48625952281496360     
  0.63000000000000034       0.46041352057843987     
  0.64000000000000035       0.43467855147618756     
  0.65000000000000036       0.40924010186574789     
  0.66000000000000036       0.38426360038919466     
  0.67000000000000037       0.35989341312786255     
  0.68000000000000038       0.33625247373730693     
  0.69000000000000039       0.31344248190706614     
  0.70000000000000040       0.29154458971077585     
  0.71000000000000041       0.27062048774060143     
  0.72000000000000042       0.25071380046610542     
  0.73000000000000043       0.23185170261565155     
  0.74000000000000044       0.21404667429023735     
  0.75000000000000044       0.19729832127326272     
  0.76000000000000045       0.18159519736651705     
  0.77000000000000046       0.16691657692322048     
  0.78000000000000047       0.15323413709452194     
  0.79000000000000048       0.14051352014083607     
  0.80000000000000049       0.12871575604800273     
  0.81000000000000050       0.11779853433913690     
  0.82000000000000051       0.10771732114570942     
  0.83000000000000052        9.8426323456105469E-002
  0.84000000000000052        8.9879306824811253E-002
  0.85000000000000053        8.2030276029434121E-002
  0.86000000000000054        7.4834030254284589E-002
  0.87000000000000055        6.8246605505171698E-002
  0.88000000000000056        6.2225617453272354E-002
  0.89000000000000057        5.6730517707346211E-002
  0.90000000000000058        5.1722776051174223E-002
  0.91000000000000059        4.7166000281001652E-002
  0.92000000000000060        4.3026004305226788E-002
  0.93000000000000060        3.9270834093609056E-002
  0.94000000000000061        3.5870759884640883E-002
  0.95000000000000062        3.2798242022281772E-002
  0.96000000000000063        3.0027876685478863E-002
  0.97000000000000064        2.7536326874089637E-002
  0.98000000000000065        2.5302243047303077E-002
  0.99000000000000066        2.3306177091732074E-002
   1.0000000000000007        2.1530492571963558E-002
   1.0100000000000007        1.9959273582851701E-002
   1.0200000000000007        1.8578234017722611E-002
   1.0300000000000007        1.7374628616346307E-002
   1.0400000000000007        1.6337166728429733E-002
   1.0500000000000007        1.5455929419264698E-002
   1.0600000000000007        1.4722290285804655E-002
   1.0700000000000007        1.4128840023695140E-002
   1.0800000000000007        1.3669314702013116E-002
   1.0900000000000007        1.3338527432737703E-002
   1.1000000000000008        1.3132303057950446E-002
   1.1100000000000008        1.3047415309634840E-002
   1.1200000000000008        1.3081525919244942E-002
   1.1300000000000008        1.3233124988025395E-002
   1.1400000000000008        1.3501472081711463E-002
   1.1500000000000008        1.3886537424848038E-002
   1.1600000000000008        1.4388942786902392E-002
   1.1700000000000008        1.5009901717534552E-002
   1.1800000000000008        1.5751159044942838E-002
   1.1900000000000008        1.6614929850682813E-002
   1.2000000000000008        1.7603838426111094E-002
   1.2100000000000009        1.8720858071548798E-002
   1.2200000000000009        1.9969253071796995E-002
   1.2300000000000009        2.1352524449863297E-002
   1.2400000000000009        2.2874361434154663E-002
   1.2500000000000009        2.4538600748147690E-002
   1.2600000000000009        2.6349195695513635E-002
   1.2700000000000009        2.8310196677997213E-002
   1.2800000000000009        3.0425744012167272E-002
   1.2900000000000009        3.2700072698784617E-002
   1.3000000000000009        3.5137527087950864E-002
   1.3100000000000009        3.7742581312778904E-002
   1.3200000000000010        4.0519858867110313E-002
   1.3300000000000010        4.3474142054513769E-002
   1.3400000000000010        4.6610359564290743E-002
   1.3500000000000010        4.9933538240893936E-002
   1.3600000000000010        5.3448703836429162E-002
   1.3700000000000010        5.7160715301059949E-002
   1.3800000000000010        6.1074018423229320E-002
   1.3900000000000010        6.5192307504725516E-002
   1.4000000000000010        6.9518088340581444E-002
   1.4100000000000010        7.4052141913917638E-002
   1.4200000000000010        7.8792895746159428E-002
   1.4300000000000010        8.3735718211395263E-002
   1.4400000000000011        8.8872159886739729E-002
   1.4500000000000011        9.4189174652744789E-002
   1.4600000000000011        9.9668361007349937E-002
   1.4700000000000011       0.10528527054801769     
   1.4800000000000011       0.11100883501169774     
   1.4900000000000011       0.11680096537377095     
   1.5000000000000011       0.12261637559577759     
   1.5100000000000011       0.12840267933704788     
   1.5200000000000011       0.13410080003107497     
   1.5300000000000011       0.13964572284978902     
   1.5400000000000011       0.14496760136116557     
   1.5500000000000012       0.14999321254006767     
   1.5600000000000012       0.15464773184368422     
   1.5700000000000012       0.15885677671365656     
   1.5800000000000012       0.16254864373685107     
   1.5900000000000012       0.16565664372678662     
   1.6000000000000012       0.16812142277415679     
   1.6100000000000012       0.16989314748025333     
   1.6200000000000012       0.17093343157703655     
   1.6300000000000012       0.17121688941089874     
   1.6400000000000012       0.17073222003747082     
   1.6500000000000012       0.16948275244758582     
   1.6600000000000013       0.16748641604933981     
   1.6700000000000013       0.16477513775065300     
   1.6800000000000013       0.16139370427892277     
   1.6900000000000013       0.15739816235976842     
   1.7000000000000013       0.15285385646254204     
   1.7100000000000013       0.14783322205214380     
   1.7200000000000013       0.14241346008927777     
   1.7300000000000013       0.13667421611338942     
   1.7400000000000013       0.13069537565304445     
   1.7500000000000013       0.12455506899660067     
   1.7600000000000013       0.11832795508293099     
   1.7700000000000014       0.11208382901073154     
   1.7800000000000014       0.10588657310883641     
   1.7900000000000014        9.9793449350945154E-002
   1.8000000000000014        9.3854712793860970E-002
   1.8100000000000014        8.8113512222279700E-002
   1.8200000000000014        8.2606035466752242E-002
   1.8300000000000014        7.7361852658848720E-002
   1.8400000000000014        7.2404410141020267E-002
   1.8500000000000014        6.7751630334072957E-002
   1.8600000000000014        6.3416577338552285E-002
   1.8700000000000014        5.9408153889985445E-002
   1.8800000000000014        5.5731801613843300E-002
   1.8900000000000015        5.2390182834477529E-002
   1.9000000000000015        4.9383828136693723E-002
   1.9100000000000015        4.6711739050646926E-002
   1.9200000000000015        4.4371939694812117E-002
   1.9300000000000015        4.2361974789857364E-002
   1.9400000000000015        4.0679354156542877E-002
   1.9500000000000015        3.9321945864679020E-002
   1.9600000000000015        3.8288321540586270E-002
   1.9700000000000015        3.7578058105569634E-002
   1.9800000000000015        3.7192000595335416E-002
   1.9900000000000015        3.7132490674472864E-002
   2.0000000000000013        3.7403565218634201E-002
   2.0100000000000011        3.8011128771310146E-002
   2.0200000000000009        3.8963103061610237E-002
   2.0300000000000007        4.0269556021364061E-002
   2.0400000000000005        4.1942811756663950E-002
   2.0500000000000003        4.3997542099309755E-002
   2.0600000000000001        4.6450839265703335E-002
   2.0699999999999998        4.9322268054644763E-002
   2.0799999999999996        5.2633894955050185E-002
   2.0899999999999994        5.6410290243845800E-002
   2.0999999999999992        6.0678498003347452E-002
   2.1099999999999990        6.5467967646328437E-002
   2.1199999999999988        7.0810439298794658E-002
   2.1299999999999986        7.6739774113545309E-002
   2.1399999999999983        8.3291719396738115E-002
   2.1499999999999981        9.0503597385560727E-002
   2.1599999999999979        9.8413905648422881E-002
   2.1699999999999977       0.10706181658014968     
   2.1799999999999975       0.11648656337002777     
   2.1899999999999973       0.12672670037065767     
   2.1999999999999971       0.13781922702094948     
   2.2099999999999969       0.14979856662696853     
   2.2199999999999966       0.16269539463194807     
   2.2299999999999964       0.17653531535439626     
   2.2399999999999962       0.19133739197153787     
   2.2499999999999960       0.20711254164791063     
   2.2599999999999958       0.22386181606144073     
   2.2699999999999956       0.24157459721994601     
   2.2799999999999954       0.26022674893469350     
   2.2899999999999952       0.27977877542399998     
   2.2999999999999949       0.30017404961463617     
   2.3099999999999947       0.32133718445272036     
   2.3199999999999945       0.34317262994513548     
   2.3299999999999943       0.36556358630304048     
   2.3399999999999941       0.38837132852374628     
   2.3499999999999939       0.41143503916796481     
   2.3599999999999937       0.43457224346357437     
   2.3699999999999934       0.45757993289544979     
   2.3799999999999932       0.48023644984648345     
   2.3899999999999930       0.50230418544820410     
   2.3999999999999928       0.52353311539024472     
   2.4099999999999926       0.54366516344107263     
   2.4199999999999924       0.56243934054413292     
   2.4299999999999922       0.57959755943594160     
   2.4399999999999920       0.59489097315680350     
   2.4499999999999917       0.60808663388045481     
   2.4599999999999915       0.61897422080083009     
   2.4699999999999913       0.62737254753798199     
   2.4799999999999911       0.63313553638229825     
   2.4899999999999909       0.63615734362925280     
   2.4999999999999907       0.63637634077379068     
   2.5099999999999905       0.63377770176656012     
   2.5199999999999902       0.62839441519167216     
   2.5299999999999900       0.62030662761816757     
   2.5399999999999898       0.60963932302482093     
   2.5499999999999896       0.59655844451511963     
   2.5599999999999894       0.58126565846834388     
   2.5699999999999892       0.56399203934698294     
   2.5799999999999890       0.54499100846256576     
   2.5899999999999888       0.52453088797702596     
   2.5999999999999885       0.50288743143487957     
   2.6099999999999883       0.48033666593766061     
   2.6199999999999881       0.45714833371438185     
   2.6299999999999879       0.43358015818867562     
   2.6399999999999877       0.40987308901083536     
   2.6499999999999875       0.38624760861591473     
   2.6599999999999873       0.36290111570133893     
   2.6699999999999871       0.34000634312723937     
   2.6799999999999868       0.31771072189636368     
   2.6899999999999866       0.29613657050195952     
   2.6999999999999864       0.27538196976600043     
   2.7099999999999862       0.25552217587708120     
   2.7199999999999860       0.23661142723537287     
   2.7299999999999858       0.21868501075922908     
   2.7399999999999856       0.20176146886415233     
   2.7499999999999853       0.18584484673640400     
   2.7599999999999851       0.17092689893898885     
   2.7699999999999849       0.15698919352060875     
   2.7799999999999847       0.14400506946284480     
   2.7899999999999845       0.13194141875452847     
   2.7999999999999843       0.12076027749843227     
   2.8099999999999841       0.11042022098359733     
   2.8199999999999839       0.10087756579122675     
   2.8299999999999836        9.2087387924955952E-002
   2.8399999999999834        8.4004369967923029E-002
   2.8499999999999832        7.6583492803922917E-002
   2.8599999999999830        6.9780588602862431E-002
   2.8699999999999828        6.3552772082116862E-002
   2.8799999999999826        5.7858766551834660E-002
   2.8899999999999824        5.2659140430247164E-002
   2.8999999999999821        4.7916468608806828E-002
   2.9099999999999819        4.3595431671179324E-002
   2.9199999999999817        3.9662864535804608E-002
   2.9299999999999815        3.6087764628838635E-002
   2.9399999999999813        3.2841268300164990E-002
   2.9499999999999811        2.9896602909857160E-002
   2.9599999999999809        2.7229020897940895E-002
   2.9699999999999807        2.4815720985278216E-002
   2.9799999999999804        2.2635760863492702E-002
   2.9899999999999802        2.0669964844626864E-002
   2.9999999999999800        1.8900829302935861E-002
   3.0099999999999798        1.7312428120653815E-002
   3.0199999999999796        1.5890319890138702E-002
   3.0299999999999794        1.4621458212967169E-002
   3.0399999999999792        1.3494106060115300E-002
   3.0499999999999790        1.2497754952161348E-002
   3.0599999999999787        1.1623049410520926E-002
   3.0699999999999785        1.0861717014308362E-002
   3.0799999999999783        1.0206504199167493E-002
   3.0899999999999781        9.6511178522764151E-003
   3.0999999999999779        9.1901726519296040E-003
   3.1099999999999777        8.8191439795146272E-003
   3.1199999999999775        8.5343262437220149E-003
   3.1299999999999772        8.3327962828693512E-003
   3.1399999999999770        8.2123815813835762E-003
   3.1499999999999768        8.1716328812806178E-003
   3.1599999999999766        8.2098007160225951E-003
   3.1699999999999764        8.3268154118387016E-003
   3.1799999999999762        8.5232698656097644E-003
   3.1899999999999760        8.8004044902263504E-003
   3.1999999999999758        9.1600934585030335E-003
   3.2099999999999755        9.6048313306341879E-003
   3.2199999999999753        1.0137718955905194E-002
   3.2299999999999751        1.0762447399120112E-002
   3.2399999999999749        1.1483278374903779E-002
   3.2499999999999747        1.2305019507988532E-002
   3.2599999999999745        1.3232992452182105E-002
   3.2699999999999743        1.4272991597147698E-002
   3.2799999999999740        1.5431230862351937E-002
   3.2899999999999738        1.6714275769177670E-002
   3.2999999999999736        1.8128957613517512E-002
   3.3099999999999734        1.9682266535120570E-002
   3.3199999999999732        2.1381219842755952E-002
   3.3299999999999730        2.3232702144267439E-002
   3.3399999999999728        2.5243273739572025E-002
   3.3499999999999726        2.7418944210814547E-002
   3.3599999999999723        2.9764908621770527E-002
   3.3699999999999721        3.2285244820041283E-002
   3.3799999999999719        3.4982571742010790E-002
   3.3899999999999717        3.7857670505687412E-002
   3.3999999999999715        4.0909072755313358E-002
   3.4099999999999713        4.4132623714133762E-002
   3.4199999999999711        4.7521031332708262E-002
   3.4299999999999708        5.1063417048393983E-002
   3.4399999999999706        5.4744888368904898E-002
   3.4499999999999704        5.8546158213447171E-002
   3.4599999999999702        6.2443240172855047E-002
   3.4699999999999700        6.6407252366878000E-002
   3.4799999999999698        7.0404364534418909E-002
   3.4899999999999696        7.4395922584236912E-002
   3.4999999999999694        7.8338781848641223E-002
   3.5099999999999691        8.2185873340424959E-002
   3.5199999999999689        8.5887017196289842E-002
   3.5299999999999687        8.9389983077794999E-002
   3.5399999999999685        9.2641780098981816E-002
   3.5499999999999683        9.5590139540726704E-002
   3.5599999999999681        9.8185133801149779E-002
   3.5699999999999679       0.10038085716393057     
   3.5799999999999677       0.10213707999257345     
   3.5899999999999674       0.10342078023647343     
   3.5999999999999672       0.10420745645454628     
   3.6099999999999670       0.10448213544200662     
   3.6199999999999668       0.10424000512220886     
   3.6299999999999666       0.10348662817757591     
   3.6399999999999664       0.10223772121225237     
   3.6499999999999662       0.10051851553567748     
   3.6599999999999659        9.8362744910019617E-002
   3.6699999999999657        9.5811330239495021E-002
   3.6799999999999655        9.2910848486977435E-002
   3.6899999999999653        8.9711881834283747E-002
   3.6999999999999651        8.6267343119594150E-002
   3.7099999999999649        8.2630865659309813E-002
   3.7199999999999647        7.8855331549303145E-002
   3.7299999999999645        7.4991594456107577E-002
   3.7399999999999642        7.1087433187593571E-002
   3.7499999999999640        6.7186753080649184E-002
   3.7599999999999638        6.3329034952978078E-002
   3.7699999999999636        5.9549017334363179E-002
   3.7799999999999634        5.5876587389425740E-002
   3.7899999999999632        5.2336849344084439E-002
   3.7999999999999630        4.8950336194820955E-002
   3.8099999999999627        4.5733330200343009E-002
   3.8199999999999625        4.2698259716277019E-002
   3.8299999999999623        3.9854143375358322E-002
   3.8399999999999621        3.7207056972156531E-002
   3.8499999999999619        3.4760603134495881E-002
   3.8599999999999617        3.2516368469199891E-002
   3.8699999999999615        3.0474357160572077E-002
   3.8799999999999613        2.8633393710862664E-002
   3.8899999999999610        2.6991490721338367E-002
   3.8999999999999608        2.5546180119176795E-002
   3.9099999999999606        2.4294808144402266E-002
   3.9199999999999604        2.3234795892313562E-002
   3.9299999999999602        2.2363868147871516E-002
   3.9399999999999600        2.1680253836332430E-002
   3.9499999999999598        2.1182861742587461E-002
   3.9599999999999596        2.0871435230413224E-002
   3.9699999999999593        2.0746689606738734E-002
   3.9799999999999591        2.0810435556556598E-002
   3.9899999999999589        2.1065691797903890E-002
   3.9999999999999587        2.1516789794654045E-002
   4.0099999999999589        2.2169472930047718E-002
   4.0199999999999587        2.3030992194458231E-002
   4.0299999999999585        2.4110200028568174E-002
   4.0399999999999583        2.5417643486198568E-002
   4.0499999999999581        2.6965657501904033E-002
   4.0599999999999579        2.8768458538772950E-002
   4.0699999999999577        3.0842238370842250E-002
   4.0799999999999574        3.3205257250957486E-002
   4.0899999999999572        3.5877935104598392E-002
   4.0999999999999570        3.8882938667065173E-002
   4.1099999999999568        4.2245261787276535E-002
   4.1199999999999566        4.5992295240642307E-002
   4.1299999999999564        5.0153881412463575E-002
   4.1399999999999562        5.4762348175406421E-002
   4.1499999999999559        5.9852515064065144E-002
   4.1599999999999557        6.5461663508714130E-002
   4.1699999999999555        7.1629461495525210E-002
   4.1799999999999553        7.8397831490802053E-002
   4.1899999999999551        8.5810748915523705E-002
   4.1999999999999549        9.3913956927550224E-002
   4.2099999999999547       0.10275458182592473     
   4.2199999999999545       0.11238063226707105     
   4.2299999999999542       0.12284036462901926     
   4.2399999999999540       0.13418149671664184     
   4.2499999999999538       0.14645025265549519     
   4.2599999999999536       0.15969022360903917     
   4.2699999999999534       0.17394103215777409     
   4.2799999999999532       0.18923679326389231     
   4.2899999999999530       0.20560437178338986     
   4.2999999999999527       0.22306144593979990     
   4.3099999999999525       0.24161439827686315     
   4.3199999999999523       0.26125606994327089     
   4.3299999999999521       0.28196343108738292     
   4.3399999999999519       0.30369523854741892     
   4.3499999999999517       0.32638977132473296     
   4.3599999999999515       0.34996275303117635     
   4.3699999999999513       0.37430558690819282     
   4.3799999999999510       0.39928404105022408     
   4.3899999999999508       0.42473752684198463     
   4.3999999999999506       0.45047911031654264     
   4.4099999999999504       0.47629638203763108     
   4.4199999999999502       0.50195328557833696     
   4.4299999999999500       0.52719296714075370     
   4.4399999999999498       0.55174166104027866     
   4.4499999999999496       0.57531357001124117     
   4.4599999999999493       0.59761663943413645     
   4.4699999999999491       0.61835906551353925     
   4.4799999999999489       0.63725632396214227     
   4.4899999999999487       0.65403846268353061     
   4.4999999999999485       0.66845737304454100     
   4.5099999999999483       0.68029374151370581     
   4.5199999999999481       0.68936338813953402     
   4.5299999999999478       0.69552271884112160     
   4.5399999999999476       0.69867305367497456     
   4.5499999999999474       0.69876364042587491     
   4.5599999999999472       0.69579321890732071     
   4.5699999999999470       0.68981006430523883     
   4.5799999999999468       0.68091050450495494     
   4.5899999999999466       0.66923597405378310     
   4.5999999999999464       0.65496873330524696     
   4.6099999999999461       0.63832644161715801     
   4.6199999999999459       0.61955582455255120     
   4.6299999999999457       0.59892571336206923     
   4.6399999999999455       0.57671975698621203     
   4.6499999999999453       0.55322911105997474     
   4.6599999999999451       0.52874539387687503     
   4.6699999999999449       0.50355416786519802     
   4.6799999999999446       0.47792915963564880     
   4.6899999999999444       0.45212737622542348     
   4.6999999999999442       0.42638521527203416     
   4.7099999999999440       0.40091560696146494     
   4.7199999999999438       0.37590617073796534     
   4.7299999999999436       0.35151832309952319     
   4.7399999999999434       0.32788723670684455     
   4.7499999999999432       0.30512252655622801     
   4.7599999999999429       0.28330952570284812     
   4.7699999999999427       0.26251100996702442     
   4.7799999999999425       0.24276923642190143     
   4.7899999999999423       0.22410817204413933     
   4.7999999999999421       0.20653580487288523     
   4.8099999999999419       0.19004644799652146     
   4.8199999999999417       0.17462296547840331     
   4.8299999999999415       0.16023886726750036     
   4.8399999999999412       0.14686023658162733     
   4.8499999999999410       0.13444746749497130     
   4.8599999999999408       0.12295680236254071     
   4.8699999999999406       0.11234166811524569     
   4.8799999999999404       0.10255381765181366     
   4.8899999999999402        9.3544287593870276E-002
   4.8999999999999400        8.5264187168563932E-002
   4.9099999999999397        7.7665334698563418E-002
   4.9199999999999395        7.0700759149103259E-002
   4.9299999999999393        6.4325084038212021E-002
   4.9399999999999391        5.8494810307853438E-002
   4.9499999999999389        5.3168513710517361E-002
   4.9599999999999387        4.8306970914252449E-002
   4.9699999999999385        4.3873227033174429E-002
   4.9799999999999383        3.9832615795211274E-002
   4.9899999999999380        3.6152742095537906E-002
   4.9999999999999378        3.2803435349236187E-002
   5.0099999999999376        2.9756680655198858E-002
   5.0199999999999374        2.6986533749863553E-002
   5.0299999999999372        2.4469024681797222E-002
   5.0399999999999370        2.2182054159063269E-002
   5.0499999999999368        2.0105285858603061E-002
   5.0599999999999365        1.8220037260848049E-002
   5.0699999999999363        1.6509170999255755E-002
   5.0799999999999361        1.4956988297631799E-002
   5.0899999999999359        1.3549125655177921E-002
   5.0999999999999357        1.2272455572902670E-002
   5.1099999999999355        1.1114991958835438E-002
   5.1199999999999353        1.0065800513655090E-002
   5.1299999999999351        9.1149143588727544E-003
   5.1399999999999348        8.2532549265466968E-003
   5.1499999999999346        7.4725581167395146E-003
   5.1599999999999344        6.7653055976211749E-003
   5.1699999999999342        6.1246610808398964E-003
   5.1799999999999340        5.5444113904662444E-003
   5.1899999999999338        5.0189120627458393E-003
   5.1999999999999336        4.5430372862691358E-003
   5.2099999999999334        4.1121338382040249E-003
   5.2199999999999331        3.7219788474094993E-003
   5.2299999999999329        3.3687410846700984E-003
   5.2399999999999327        3.0489455191140646E-003
   5.2499999999999325        2.7594409392634966E-003
   5.2599999999999323        2.4973703752812818E-003
   5.2699999999999321        2.2601441090439531E-003
   5.2799999999999319        2.0454150769880154E-003
   5.2899999999999316        1.8510564673700199E-003
   5.2999999999999314        1.6751413103075834E-003
   5.3099999999999312        1.5159239304046532E-003
   5.3199999999999310        1.3718230641446454E-003
   5.3299999999999308        1.2414065244372393E-003
   5.3399999999999306        1.1233772693197929E-003
   5.3499999999999304        1.0165607462818964E-003
   5.3599999999999302        9.1989340633713036E-004
   5.3699999999999299        8.3241228028917624E-004
   5.3799999999999297        7.5324551978173853E-004
   5.3899999999999295        6.8160382222481615E-004
   5.3999999999999293        6.1677265151959210E-004
   5.4099999999999291        5.5810518192017330E-004
   5.4199999999999289        5.0501591118636338E-004
   5.4299999999999287        4.5697486406284056E-004
   5.4399999999999284        4.1350234268197405E-004
   5.4499999999999282        3.7416417170978833E-004
   5.4599999999999280        3.3856738680629783E-004
   5.4699999999999278        3.0635633666706768E-004
   5.4799999999999276        2.7720914298448883E-004
   5.4899999999999274        2.5083449775495880E-004
   5.4999999999999272        2.2696877383086757E-004
   5.5099999999999270        2.0537338844153191E-004
   5.5199999999999267        1.8583243158328414E-004
   5.5299999999999265        1.6815051675485413E-004
   5.5399999999999263        1.5215082697636240E-004
   5.5499999999999261        1.3767335611504947E-004
   5.5599999999999259        1.2457331017564643E-004
   5.5699999999999257        1.1271966100355115E-004
   5.5799999999999255        1.0199384298704857E-004
   5.5899999999999253        9.2288561683891328E-005
   5.5999999999999250        8.3506730273875113E-005
   5.6099999999999248        7.5560494401358383E-005
   5.6199999999999246        6.8370356336488160E-005
   5.6299999999999244        6.1864378471112132E-005
   5.6399999999999242        5.5977467872540518E-005
   5.6499999999999240        5.0650723784641628E-005
   5.6599999999999238        4.5830846850399084E-005
   5.6699999999999235        4.1469609581775640E-005
   5.6799999999999233        3.7523372580017876E-005
   5.6899999999999231        3.3952648634329932E-005
   5.6999999999999229        3.0721706881096219E-005
   5.7099999999999227        2.7798215358317480E-005
   5.7199999999999225        2.5152917606887632E-005
   5.7299999999999223        2.2759344799007901E-005
   5.7399999999999221        2.0593542299500906E-005
   5.7499999999999218        1.8633836518969575E-005
   5.7599999999999216        1.6860617310078812E-005
   5.7699999999999214        1.5256136832145752E-005
   5.7799999999999212        1.3804339316938444E-005
   5.7899999999999210        1.2490695552922329E-005
   5.7999999999999208        1.1302059527708591E-005
   5.8099999999999206        1.0226535478843639E-005
   5.8199999999999203        9.2533592387202659E-006
   5.8299999999999201        8.3727915606461061E-006
   5.8399999999999199        7.5760201879184527E-006
   5.8499999999999197        6.8550702495720841E-006
   5.8599999999999195        6.2027270998770917E-006
   5.8699999999999193        5.6124619333943505E-006
   5.8799999999999191        5.0783682247057871E-006
   5.8899999999999189        4.5950991858490042E-006
   5.8999999999999186        4.1578191940588088E-006
   5.9099999999999184        3.7621515650243930E-006
   5.9199999999999182        3.4041359480796966E-006
   5.9299999999999180        3.0801908099161002E-006
   5.9399999999999178        2.7870728651816866E-006
   5.9499999999999176        2.5218483957190692E-006
   5.9599999999999174        2.2818627194314245E-006
   5.9699999999999172        2.0647148401894702E-006
   5.9799999999999169        1.8682323752941866E-006
   5.9899999999999167        1.6904462516430686E-006
   5.9999999999999165        1.5295791409066743E-006
   6.0099999999999163        1.3840206645470999E-006
   6.0199999999999161        1.2523139323634792E-006
   6.0299999999999159        1.1331401844064126E-006
   6.0399999999999157        1.0253082901182648E-006
   6.0499999999999154        9.2773744735726158E-007
   6.0599999999999152        8.3945102991140024E-007
   6.0699999999999150        7.5956715060250941E-007
   6.0799999999999148        6.8728492227596864E-007
   6.0899999999999146        6.2188108087225569E-007
   6.0999999999999144        5.6270147371687731E-007
   6.1099999999999142        5.0915254781029962E-007
   6.1199999999999140        4.6070014708630556E-007
   6.1299999999999137        4.1685910407087667E-007
   6.1399999999999135        3.7718990921303815E-007
   6.1499999999999133        3.4129616662369141E-007
   6.1599999999999131        3.0881668373636705E-007
   6.1699999999999129        2.7942907953214543E-007
   6.1799999999999127        2.5283840475336753E-007
   6.1899999999999125        2.2877700312575143E-007
   6.1999999999999122        2.0700626921156029E-007
   6.2099999999999120        1.8730748906941768E-007
   6.2199999999999118        1.6948221032865858E-007
   6.2299999999999116        1.5335474019119794E-007
   6.2399999999999114        1.3876113571959093E-007
   6.2499999999999112        1.2555586517534993E-007
   6.2599999999999110        1.1360727460814576E-007
   6.2699999999999108        1.0279629259557912E-007
   6.2799999999999105        9.3013469648374281E-008
   6.2899999999999103        8.4162031323773251E-008
   6.2999999999999101        7.6152882221799272E-008
   6.3099999999999099        6.8905993764072128E-008
   6.3199999999999097        6.2348646340641894E-008
   6.3299999999999095        5.6415614347164106E-008
   6.3399999999999093        5.1046945738794378E-008
   6.3499999999999091        4.6189072253241431E-008
   6.3599999999999088        4.1793884224889411E-008
   6.3699999999999086        3.7816695175868312E-008
   6.3799999999999084        3.4218277224983738E-008
   6.3899999999999082        3.0961160344207985E-008
   6.3999999999999080        2.8015461029706658E-008
   6.4099999999999078        2.5349260368715465E-008
   6.4199999999999076        2.2936838193847467E-008
   6.4299999999999073        2.0754509746645708E-008
   6.4399999999999071        1.8779422935942655E-008
   6.4499999999999069        1.6992426414079743E-008
   6.4599999999999067        1.5375108982100181E-008
   6.4699999999999065        1.3911834998678810E-008
   6.4799999999999063        1.2588449119894080E-008
   6.4899999999999061        1.1389778297359481E-008
   6.4999999999999059        1.0305830523600970E-008
   6.5099999999999056        9.3258736424427031E-009
   6.5199999999999054        8.4376952003053004E-009
   6.5299999999999052        7.6353740075745163E-009
   6.5399999999999050        6.9085479824254062E-009
   6.5499999999999048        6.2509258608928416E-009
   6.5599999999999046        5.6562163790116748E-009
   6.5699999999999044        5.1173881241149826E-009
   6.5799999999999041        4.6311104270447610E-009
   6.5899999999999039        4.1903518751340735E-009
   6.5999999999999037        3.7914117248740253E-009
   6.6099999999999035        3.4305892327557075E-009
   6.6199999999999033        3.1041836552702128E-009
   6.6299999999999031        2.8088643232595271E-009
   6.6399999999999029        2.5413005675656357E-009
   6.6499999999999027        2.3000120907849768E-009
   6.6599999999999024        2.0805580007068592E-009
   6.6699999999999022        1.8829382973312887E-009
   6.6799999999999020        1.7030821627984655E-009
   6.6899999999999018        1.5409895971083895E-009
   6.6999999999999016        1.3948102285066092E-009
   6.7099999999999014        1.2623236108877801E-009
   6.7199999999999012        1.1416793724974492E-009
   6.7299999999999010        1.0332475876865094E-009
   6.7399999999999007        9.3480781034961343E-010
   6.7499999999999005        8.4561989178498209E-010
   6.7599999999999003        7.6568383199261666E-010
   6.7699999999999001        6.9277918486717190E-010
   6.7799999999998999        6.2690595040864853E-010
   6.7899999999998997        5.6658383121348277E-010
   6.7999999999998995        5.1292305033434843E-010
   6.8099999999998992        4.6481338471857289E-010
   6.8199999999998990        4.2003438826081198E-010
   6.8299999999998988        3.8043643271551939E-010
   6.8399999999998986        3.4416914632824245E-010
   6.8499999999998984        3.1160260344987114E-010
   6.8599999999998982        2.8162658102773381E-010
   6.8699999999998980        2.5461115341272130E-010
   6.8799999999998978        2.3055632060483356E-010
   6.8899999999998975        2.0872193390228903E-010
   6.8999999999998973        1.8873791895419749E-010
   6.9099999999998971        1.7097435011144950E-010
   6.9199999999998969        1.5432100432137321E-010
   6.9299999999998967        1.3988810463664053E-010
   6.9399999999998965        1.2656542800457954E-010
   6.9499999999998963        1.1472304877608087E-010
   6.9599999999998960        1.0399089260025385E-010
   6.9699999999998958        9.3258736424426983E-011
   6.9799999999998956        8.4747026353943521E-011
   6.9899999999998954        7.6605390634350758E-011
   6.9999999999998952        6.9203903616539071E-011
   7.0099999999998950        6.2542565300508537E-011
   7.0199999999998948        5.6621375686259260E-011
   7.0299999999998946        5.1070260422900488E-011
   7.0399999999998943        4.6629368212213492E-011
   7.0499999999998941        4.2188476001526488E-011
   7.0599999999998939        3.7747583790839479E-011
   7.0699999999998937        3.4416914632824251E-011
   7.0799999999998935        3.1086245474808984E-011
   7.0899999999998933        2.8495725018574925E-011
   7.0999999999998931        2.5535130211450244E-011
   7.1099999999998929        2.2574535404325580E-011
   7.1199999999998926        2.0724163649872655E-011
   7.1299999999998924        1.8873791895419739E-011
   7.1399999999998922        1.7393494491857407E-011
   7.1499999999998920        1.5543122737404492E-011
   7.1599999999998918        1.3692750982951575E-011
   7.1699999999998916        1.2582527930279826E-011
   7.1799999999998914        1.1842379228498660E-011
   7.1899999999998911        9.9920074740457443E-012
   7.1999999999998909        9.6219331231551612E-012
   7.2099999999998907        8.8817844213739951E-012
   7.2199999999998905        7.7715613687022459E-012
   7.2299999999998903        7.4014870178116628E-012
   7.2399999999998901        6.6613383160304959E-012
   7.2499999999998899        5.5511152633587467E-012
   7.2599999999998897        4.8109665615775806E-012
   7.2699999999998894        4.8109665615775806E-012
   7.2799999999998892        4.0708178597964145E-012
   7.2899999999998890        4.0708178597964145E-012
   7.2999999999998888        3.3306691580152480E-012
   7.3099999999998886        2.5905204562340818E-012
   7.3199999999998884        2.5905204562340818E-012
   7.3299999999998882        2.2204461053434988E-012
   7.3399999999998879        2.2204461053434988E-012
   7.3499999999998877        2.2204461053434988E-012
   7.3599999999998875        2.2204461053434988E-012
   7.3699999999998873        1.4802974035623324E-012
   7.3799999999998871        1.8503717544529157E-012
   7.3899999999998869        1.1102230526717494E-012
   7.3999999999998867        1.8503717544529157E-012
   7.4099999999998865        1.1102230526717494E-012
   7.4199999999998862        1.1102230526717494E-012
   7.4299999999998860        1.1102230526717494E-012
   7.4399999999998858        1.1102230526717494E-012
   7.4499999999998856        1.1102230526717494E-012
   7.4599999999998854        7.4014870178116622E-013
   7.4699999999998852        7.4014870178116622E-013
   7.4799999999998850        7.4014870178116622E-013
   7.4899999999998847        3.7007435089058311E-013
   7.4999999999998845        3.7007435089058311E-013
   7.5099999999998843        3.7007435089058311E-013
   7.5199999999998841        0.0000000000000000     
   7.5299999999998839        7.4014870178116622E-013
   7.5399999999998837        7.4014870178116622E-013
   7.5499999999998835        3.7007435089058311E-013
   7.5599999999998833        3.7007435089058311E-013
   7.5699999999998830        0.0000000000000000     
   7.5799999999998828        3.7007435089058311E-013
   7.5899999999998826        3.7007435089058311E-013
   7.5999999999998824        0.0000000000000000     
   7.6099999999998822        0.0000000000000000     
   7.6199999999998820        0.0000000000000000     
   7.6299999999998818        0.0000000000000000     
   7.6399999999998816        0.0000000000000000     
   7.6499999999998813        0.0000000000000000     
   7.6599999999998811        0.0000000000000000     
   7.6699999999998809        0.0000000000000000     
   7.6799999999998807        0.0000000000000000     
   7.6899999999998805        0.0000000000000000     
   7.6999999999998803        0.0000000000000000     
   7.7099999999998801        0.0000000000000000     
   7.7199999999998798        0.0000000000000000     
   7.7299999999998796        0.0000000000000000     
   7.7399999999998794        0.0000000000000000     
   7.7499999999998792        0.0000000000000000     
   7.7599999999998790        0.0000000000000000     
   7.7699999999998788        0.0000000000000000     
   7.7799999999998786        0.0000000000000000     
   7.7899999999998784        0.0000000000000000     
   7.7999999999998781        0.0000000000000000     
   7.8099999999998779        0.0000000000000000     
   7.8199999999998777        0.0000000000000000     
   7.8299999999998775        0.0000000000000000     
   7.8399999999998773        0.0000000000000000     
   7.8499999999998771        0.0000000000000000     
   7.8599999999998769        0.0000000000000000     
   7.8699999999998766        0.0000000000000000     
   7.8799999999998764        0.0000000000000000     
   7.8899999999998762        0.0000000000000000     
   7.8999999999998760        0.0000000000000000     
   7.9099999999998758        0.0000000000000000     
   7.9199999999998756        0.0000000000000000     
   7.9299999999998754        0.0000000000000000     
   7.9399999999998752        0.0000000000000000     
   7.9499999999998749        0.0000000000000000     
   7.9599999999998747        0.0000000000000000     
   7.9699999999998745        0.0000000000000000     
   7.9799999999998743        0.0000000000000000     
   7.9899999999998741        0.0000000000000000     
   7.9999999999998739        0.0000000000000000     
   8.0099999999998737        0.0000000000000000     
   8.0199999999998735        0.0000000000000000     
   8.0299999999998732        0.0000000000000000     
   8.0399999999998730        0.0000000000000000     
   8.0499999999998728        0.0000000000000000     
   8.0599999999998726        0.0000000000000000     
   8.0699999999998724        0.0000000000000000     
   8.0799999999998722        0.0000000000000000     
   8.0899999999998720        0.0000000000000000     
   8.0999999999998717        0.0000000000000000     
   8.1099999999998715        0.0000000000000000     
   8.1199999999998713        0.0000000000000000     
   8.1299999999998711        0.0000000000000000     
   8.1399999999998709        0.0000000000000000     
   8.1499999999998707        0.0000000000000000     
   8.1599999999998705        0.0000000000000000     
   8.1699999999998703        0.0000000000000000     
   8.1799999999998700        0.0000000000000000     
   8.1899999999998698        0.0000000000000000     
   8.1999999999998696        0.0000000000000000     
   8.2099999999998694        0.0000000000000000     
   8.2199999999998692        0.0000000000000000     
   8.2299999999998690        0.0000000000000000     
   8.2399999999998688        0.0000000000000000     
   8.2499999999998685        0.0000000000000000     
   8.2599999999998683        0.0000000000000000     
   8.2699999999998681        0.0000000000000000     
   8.2799999999998679        0.0000000000000000     
   8.2899999999998677        0.0000000000000000     
   8.2999999999998675        0.0000000000000000     
   8.3099999999998673        0.0000000000000000     
   8.3199999999998671        0.0000000000000000     
   8.3299999999998668        0.0000000000000000     
   8.3399999999998666        0.0000000000000000     
   8.3499999999998664        0.0000000000000000     
   8.3599999999998662        0.0000000000000000     
   8.3699999999998660        0.0000000000000000     
   8.3799999999998658        0.0000000000000000     
   8.3899999999998656        0.0000000000000000     
   8.3999999999998654        0.0000000000000000     
   8.4099999999998651        0.0000000000000000     
   8.4199999999998649        0.0000000000000000     
   8.4299999999998647        0.0000000000000000     
   8.4399999999998645        0.0000000000000000     
   8.4499999999998643        0.0000000000000000     
   8.4599999999998641        0.0000000000000000     
   8.4699999999998639        0.0000000000000000     
   8.4799999999998636        0.0000000000000000     
   8.4899999999998634        0.0000000000000000     
   8.4999999999998632        0.0000000000000000     
   8.5099999999998630        0.0000000000000000     
   8.5199999999998628        0.0000000000000000     
   8.5299999999998626        0.0000000000000000     
   8.5399999999998624        0.0000000000000000     
   8.5499999999998622        0.0000000000000000     
   8.5599999999998619        0.0000000000000000     
   8.5699999999998617        0.0000000000000000     
   8.5799999999998615        0.0000000000000000     
   8.5899999999998613        0.0000000000000000     
   8.5999999999998611        0.0000000000000000     
   8.6099999999998609        0.0000000000000000     
   8.6199999999998607        0.0000000000000000     
   8.6299999999998604        0.0000000000000000     
   8.6399999999998602        0.0000000000000000     
   8.6499999999998600        0.0000000000000000     
   8.6599999999998598        0.0000000000000000     
   8.6699999999998596        0.0000000000000000     
   8.6799999999998594        0.0000000000000000     
   8.6899999999998592        0.0000000000000000     
   8.6999999999998590        0.0000000000000000     
   8.7099999999998587        0.0000000000000000     
   8.7199999999998585        0.0000000000000000     
   8.7299999999998583        0.0000000000000000     
   8.7399999999998581        0.0000000000000000     
   8.7499999999998579        0.0000000000000000     
   8.7599999999998577        0.0000000000000000     
   8.7699999999998575        0.0000000000000000     
   8.7799999999998573        0.0000000000000000     
   8.7899999999998570        0.0000000000000000     
   8.7999999999998568        0.0000000000000000     
   8.8099999999998566        0.0000000000000000     
   8.8199999999998564        0.0000000000000000     
   8.8299999999998562        0.0000000000000000     
   8.8399999999998560        0.0000000000000000     
   8.8499999999998558        0.0000000000000000     
   8.8599999999998555        0.0000000000000000     
   8.8699999999998553        0.0000000000000000     
   8.8799999999998551        0.0000000000000000     
   8.8899999999998549        0.0000000000000000     
   8.8999999999998547        0.0000000000000000     
   8.9099999999998545        0.0000000000000000     
   8.9199999999998543        0.0000000000000000     
   8.9299999999998541        0.0000000000000000     
   8.9399999999998538        0.0000000000000000     
   8.9499999999998536        0.0000000000000000     
   8.9599999999998534        0.0000000000000000     
   8.9699999999998532        0.0000000000000000     
   8.9799999999998530        0.0000000000000000     
   8.9899999999998528        0.0000000000000000     
   8.9999999999998526        0.0000000000000000     
   9.0099999999998523        0.0000000000000000     
   9.0199999999998521        0.0000000000000000     
   9.0299999999998519        0.0000000000000000     
   9.0399999999998517        0.0000000000000000     
   9.0499999999998515        0.0000000000000000     
   9.0599999999998513        0.0000000000000000     
   9.0699999999998511        0.0000000000000000     
   9.0799999999998509        0.0000000000000000     
   9.0899999999998506        0.0000000000000000     
   9.0999999999998504        0.0000000000000000     
   9.1099999999998502        0.0000000000000000     
   9.1199999999998500        0.0000000000000000     
   9.1299999999998498        0.0000000000000000     
   9.1399999999998496        0.0000000000000000     
   9.1499999999998494        0.0000000000000000     
   9.1599999999998492        0.0000000000000000     
   9.1699999999998489        0.0000000000000000     
   9.1799999999998487        0.0000000000000000     
   9.1899999999998485        0.0000000000000000     
   9.1999999999998483        0.0000000000000000     
   9.2099999999998481        0.0000000000000000     
   9.2199999999998479        0.0000000000000000     
   9.2299999999998477        0.0000000000000000     
   9.2399999999998474        0.0000000000000000     
   9.2499999999998472        0.0000000000000000     
   9.2599999999998470        0.0000000000000000     
   9.2699999999998468        0.0000000000000000     
   9.2799999999998466        0.0000000000000000     
   9.2899999999998464        0.0000000000000000     
   9.2999999999998462        0.0000000000000000     
   9.3099999999998460        0.0000000000000000     
   9.3199999999998457        0.0000000000000000     
   9.3299999999998455        0.0000000000000000     
   9.3399999999998453        0.0000000000000000     
   9.3499999999998451        0.0000000000000000     
   9.3599999999998449        0.0000000000000000     
   9.3699999999998447        0.0000000000000000     
   9.3799999999998445        0.0000000000000000     
   9.3899999999998442        0.0000000000000000     
   9.3999999999998440        0.0000000000000000     
   9.4099999999998438        0.0000000000000000     
   9.4199999999998436        0.0000000000000000     
   9.4299999999998434        0.0000000000000000     
   9.4399999999998432        0.0000000000000000     
   9.4499999999998430        0.0000000000000000     
   9.4599999999998428        0.0000000000000000     
   9.4699999999998425        0.0000000000000000     
   9.4799999999998423        0.0000000000000000     
   9.4899999999998421        0.0000000000000000     
   9.4999999999998419        0.0000000000000000     
   9.5099999999998417        0.0000000000000000     
   9.5199999999998415        0.0000000000000000     
   9.5299999999998413        0.0000000000000000     
   9.5399999999998411        0.0000000000000000     
   9.5499999999998408        0.0000000000000000     
   9.5599999999998406        0.0000000000000000     
   9.5699999999998404        0.0000000000000000     
   9.5799999999998402        0.0000000000000000     
   9.5899999999998400        0.0000000000000000     
   9.5999999999998398        0.0000000000000000     
   9.6099999999998396        0.0000000000000000     
   9.6199999999998393        0.0000000000000000     
   9.6299999999998391        0.0000000000000000     
   9.6399999999998389        0.0000000000000000     
   9.6499999999998387        0.0000000000000000     
   9.6599999999998385        0.0000000000000000     
   9.6699999999998383        0.0000000000000000     
   9.6799999999998381        0.0000000000000000     
   9.6899999999998379        0.0000000000000000     
   9.6999999999998376        0.0000000000000000     
   9.7099999999998374        0.0000000000000000     
   9.7199999999998372        0.0000000000000000     
   9.7299999999998370        0.0000000000000000     
   9.7399999999998368        0.0000000000000000     
   9.7499999999998366        0.0000000000000000     
   9.7599999999998364        0.0000000000000000     
   9.7699999999998361        0.0000000000000000     
   9.7799999999998359        0.0000000000000000     
   9.7899999999998357        0.0000000000000000     
   9.7999999999998355        0.0000000000000000     
   9.8099999999998353        0.0000000000000000     
   9.8199999999998351        0.0000000000000000     
   9.8299999999998349        0.0000000000000000     
   9.8399999999998347        0.0000000000000000     
   9.8499999999998344        0.0000000000000000     
   9.8599999999998342        0.0000000000000000     
   9.8699999999998340        0.0000000000000000     
   9.8799999999998338        0.0000000000000000     
   9.8899999999998336        0.0000000000000000     
   9.8999999999998334        0.0000000000000000     
   9.9099999999998332        0.0000000000000000     
   9.9199999999998330        0.0000000000000000     
   9.9299999999998327        0.0000000000000000     
   9.9399999999998325        0.0000000000000000     
   9.9499999999998323        0.0000000000000000     
   9.9599999999998321        0.0000000000000000     
   9.9699999999998319        0.0000000000000000     
   9.9799999999998317        0.0000000000000000     
   9.9899999999998315        0.0000000000000000     
   9.9999999999998312        0.0000000000000000     
