   0.0000000000000000       0.23702106772077405     
   1.0000000000000000E-002  0.23729931844280985     
   2.0000000000000000E-002  0.23813319051779114     
   2.9999999999999999E-002  0.23952004119362599     
   4.0000000000000001E-002  0.24145545772938679     
   5.0000000000000003E-002  0.24393324548687534     
   6.0000000000000005E-002  0.24694541190923683     
   7.0000000000000007E-002  0.25048214698910498     
   8.0000000000000002E-002  0.25453180100380618     
   8.9999999999999997E-002  0.25908086038880118     
   9.9999999999999992E-002  0.26411392273281914     
  0.10999999999999999       0.26961367196954117     
  0.11999999999999998       0.27556085487984322     
  0.12999999999999998       0.28193426011119432     
  0.13999999999999999       0.28871070094025236     
  0.14999999999999999       0.29586500308411273     
  0.16000000000000000       0.30336999892340238     
  0.17000000000000001       0.31119652955927701     
  0.18000000000000002       0.31931345626584323     
  0.19000000000000003       0.32768768293621897     
  0.20000000000000004       0.33628419129927933     
  0.21000000000000005       0.34506609072278388     
  0.22000000000000006       0.35399468455137328     
  0.23000000000000007       0.36302955493829808     
  0.24000000000000007       0.37212866815076245     
  0.25000000000000006       0.38124850221453527     
  0.26000000000000006       0.39034419859561825     
  0.27000000000000007       0.39936973937176440     
  0.28000000000000008       0.40827815087863994     
  0.29000000000000009       0.41702173440767870     
  0.30000000000000010       0.42555232386733421     
  0.31000000000000011       0.43382156964583513     
  0.32000000000000012       0.44178124720508061     
  0.33000000000000013       0.44938358810415102     
  0.34000000000000014       0.45658163041208016     
  0.35000000000000014       0.46332958471472852     
  0.36000000000000015       0.46958321123408253     
  0.37000000000000016       0.47530020300926173     
  0.38000000000000017       0.48044056958731624     
  0.39000000000000018       0.48496701536337122     
  0.40000000000000019       0.48884530648888330     
  0.41000000000000020       0.49204462017376432     
  0.42000000000000021       0.49453787035437763     
  0.43000000000000022       0.49630200380931072     
  0.44000000000000022       0.49731826122860529     
  0.45000000000000023       0.49757239809404585     
  0.46000000000000024       0.49705486085202799     
  0.47000000000000025       0.49576091445510112     
  0.48000000000000026       0.49369071810700188     
  0.49000000000000027       0.49084934686621923     
  0.50000000000000022       0.48724675765960107     
  0.51000000000000023       0.48289769921169495     
  0.52000000000000024       0.47782156641778156     
  0.53000000000000025       0.47204220073005532     
  0.54000000000000026       0.46558763915553159     
  0.55000000000000027       0.45848981550453211     
  0.56000000000000028       0.45078421850676870     
  0.57000000000000028       0.44250951223126794     
  0.58000000000000029       0.43370712509754700     
  0.59000000000000030       0.42442081427016198     
  0.60000000000000031       0.41469621275253660     
  0.61000000000000032       0.40458036665708419     
  0.62000000000000033       0.39412127024721083     
  0.63000000000000034       0.38336740612977332     
  0.64000000000000035       0.37236729768027471     
  0.65000000000000036       0.36116908024185546     
  0.66000000000000036       0.34982009700361355     
  0.67000000000000037       0.33836652463653366     
  0.68000000000000038       0.32685303298636581     
  0.69000000000000039       0.31532248209569919     
  0.70000000000000040       0.30381565896673718     
  0.71000000000000041       0.29237105552763892     
  0.72000000000000042       0.28102468828991806     
  0.73000000000000043       0.26980995947993575     
  0.74000000000000044       0.25875755853967780     
  0.75000000000000044       0.24789540227290494     
  0.76000000000000045       0.23724861134063088     
  0.77000000000000046       0.22683952034554647     
  0.78000000000000047       0.21668771835563391     
  0.79000000000000048       0.20681011651566894     
  0.80000000000000049       0.19722103919512804     
  0.81000000000000050       0.18793233510357779     
  0.82000000000000051       0.17895350479192654     
  0.83000000000000052       0.17029184109226281     
  0.84000000000000052       0.16195257917587047     
  0.85000000000000053       0.15393905316641565     
  0.86000000000000054       0.14625285642481586     
  0.87000000000000055       0.13889400297926852     
  0.88000000000000056       0.13186108780102981     
  0.89000000000000057       0.12515144396039327     
  0.90000000000000058       0.11876129500997994     
  0.91000000000000059       0.11268590115489258     
  0.92000000000000060       0.10691969820302988     
  0.93000000000000060       0.10145642834892100     
  0.94000000000000061        9.6289262256238753E-002
  0.95000000000000062        9.1410912017608550E-002
  0.96000000000000063        8.6813734803892872E-002
  0.97000000000000064        8.2489827158188131E-002
  0.98000000000000065        7.8431110053757525E-002
  0.99000000000000066        7.4629404937301913E-002
   1.0000000000000007        7.1076501081053303E-002
   1.0100000000000007        6.7764214652565699E-002
   1.0200000000000007        6.4684439962760354E-002
   1.0300000000000007        6.1829193397077535E-002
   1.0400000000000007        5.9190650584085763E-002
   1.0500000000000007        5.6761177337890378E-002
   1.0600000000000007        5.4533354987198995E-002
   1.0700000000000007        5.2500000603265422E-002
   1.0800000000000007        5.0654182764757805E-002
   1.0900000000000007        4.8989233350083629E-002
   1.1000000000000008        4.7498755941532876E-002
   1.1100000000000008        4.6176631314377263E-002
   1.1200000000000008        4.5017020529982153E-002
   1.1300000000000008        4.4014366049530247E-002
   1.1400000000000008        4.3163391291645280E-002
   1.1500000000000008        4.2459098982909192E-002
   1.1600000000000008        4.1896768616005130E-002
   1.1700000000000008        4.1471953217555819E-002
   1.1800000000000008        4.1180475652085657E-002
   1.1900000000000008        4.1018424508736703E-002
   1.2000000000000008        4.0982149602009701E-002
   1.2100000000000009        4.1068257028928627E-002
   1.2200000000000009        4.1273603585369328E-002
   1.2300000000000009        4.1595290326041208E-002
   1.2400000000000009        4.2030654933576210E-002
   1.2500000000000009        4.2577262462517779E-002
   1.2600000000000009        4.3232894019471176E-002
   1.2700000000000009        4.3995532833029018E-002
   1.2800000000000009        4.4863347176901595E-002
   1.2900000000000009        4.5834669571232250E-002
   1.3000000000000009        4.6907971763473721E-002
   1.3100000000000009        4.8081834958380060E-002
   1.3200000000000010        4.9354914939996802E-002
   1.3300000000000010        5.0725901757696666E-002
   1.3400000000000010        5.2193473863008412E-002
   1.3500000000000010        5.3756246712732665E-002
   1.3600000000000010        5.5412716027559379E-002
   1.3700000000000010        5.7161196190386253E-002
   1.3800000000000010        5.8999754373198543E-002
   1.3900000000000010        6.0926141327562078E-002
   1.4000000000000010        6.2937719933631384E-002
   1.4100000000000010        6.5031392804432653E-002
   1.4200000000000010        6.7203530575888890E-002
   1.4300000000000010        6.9449902491869997E-002
   1.4400000000000011        7.1765611269805712E-002
   1.4500000000000011        7.4145034177106509E-002
   1.4600000000000011        7.6581772431649431E-002
   1.4700000000000011        7.9068611037825087E-002
   1.4800000000000011        8.1597491123873767E-002
   1.4900000000000011        8.4159496843707840E-002
   1.5000000000000011        8.6744858654298498E-002
   1.5100000000000011        8.9342974682878940E-002
   1.5200000000000011        9.1942451543215911E-002
   1.5300000000000011        9.4531165665355008E-002
   1.5400000000000011        9.7096345753364011E-002
   1.5500000000000012        9.9624676525320824E-002
   1.5600000000000012       0.10210242340308921     
   1.5700000000000012       0.10451557711646575     
   1.5800000000000012       0.10685001674006843     
   1.5900000000000012       0.10909168892835029     
   1.6000000000000012       0.11122680056583195     
   1.6100000000000012       0.11324202144510842     
   1.6200000000000012       0.11512469309338054     
   1.6300000000000012       0.11686303937045850     
   1.6400000000000012       0.11844637422773846     
   1.6500000000000012       0.11986530173558983     
   1.6600000000000013       0.12111190352658301     
   1.6700000000000013       0.12217990888452440     
   1.6800000000000013       0.12306484306470100     
   1.6900000000000013       0.12376414984979950     
   1.7000000000000013       0.12427728504914422     
   1.7100000000000013       0.12460577837735208     
   1.7200000000000013       0.12475326203862715     
   1.7300000000000013       0.12472546534636185     
   1.7400000000000013       0.12453017563762779     
   1.7500000000000013       0.12417716677548186     
   1.7600000000000013       0.12367809742577657     
   1.7700000000000014       0.12304638216574770     
   1.7800000000000014       0.12229703914675698     
   1.7900000000000014       0.12144651862956640     
   1.8000000000000014       0.12051251702621618     
   1.8100000000000014       0.11951378132362010     
   1.8200000000000014       0.11846990872234235     
   1.8300000000000014       0.11740114617773913     
   1.8400000000000014       0.11632819415745238     
   1.8500000000000014       0.11527201853039905     
   1.8600000000000014       0.11425367383113011     
   1.8700000000000014       0.11329414060882233     
   1.8800000000000014       0.11241417879828108     
   1.8900000000000015       0.11163419838986022     
   1.9000000000000015       0.11097414801763344     
   1.9100000000000015       0.11045342138812381     
   1.9200000000000015       0.11009078098626533     
   1.9300000000000015       0.10990429788495648     
   1.9400000000000015       0.10991130616221721     
   1.9500000000000015       0.11012837003192738     
   1.9600000000000015       0.11057126159790624     
   1.9700000000000015       0.11125494691243072     
   1.9800000000000015       0.11219357801217200     
   1.9900000000000015       0.11340048853387837     
   2.0000000000000013       0.11488819057216638     
   2.0100000000000011       0.11666837054114125     
   2.0200000000000009       0.11875188197204478     
   2.0300000000000007       0.12114873327347363     
   2.0400000000000005       0.12386806881646339     
   2.0500000000000003       0.12691814180002983     
   2.0600000000000001       0.13030627774145490     
   2.0699999999999998       0.13403882754957519     
   2.0799999999999996       0.13812110960307536     
   2.0899999999999994       0.14255734035887491     
   2.0999999999999992       0.14735055346993400     
   2.1099999999999990       0.15250250761426301     
   2.1199999999999988       0.15801358358960851     
   2.1299999999999986       0.16388267156586767     
   2.1399999999999983       0.17010704968382151     
   2.1499999999999981       0.17668225556234274     
   2.1599999999999979       0.18360195260705334     
   2.1699999999999977       0.19085779329387220     
   2.1799999999999975       0.19843928201537323     
   2.1899999999999973       0.20633364029252987     
   2.1999999999999971       0.21452567752833682     
   2.2099999999999969       0.22299767065189846     
   2.2199999999999966       0.23172925631999861     
   2.2299999999999964       0.24069733943140117     
   2.2399999999999962       0.24987602195217426     
   2.2499999999999960       0.25923655598472145     
   2.2599999999999958       0.26874732514092908     
   2.2699999999999956       0.27837385814454402     
   2.2799999999999954       0.28807887839029783     
   2.2899999999999952       0.29782239302564995     
   2.2999999999999949       0.30756182465916709     
   2.3099999999999947       0.31725218835417918     
   2.3199999999999945       0.32684631600260333     
   2.3299999999999943       0.33629512936123734     
   2.3399999999999941       0.34554796226519296     
   2.3499999999999939       0.35455293146735251     
   2.3599999999999937       0.36325735449595570     
   2.3699999999999934       0.37160821167107966     
   2.3799999999999932       0.37955264809998224     
   2.3899999999999930       0.38703851015017504     
   2.3999999999999928       0.39401490945111917     
   2.4099999999999926       0.40043280611576049     
   2.4199999999999924       0.40624560169462726     
   2.4299999999999922       0.41140973106439743     
   2.4399999999999920       0.41588524174238012     
   2.4499999999999917       0.41963634830919400     
   2.4599999999999915       0.42263194948150923     
   2.4699999999999913       0.42484609533407064     
   2.4799999999999911       0.42625839282375583     
   2.4899999999999909       0.42685433863440431     
   2.4999999999999907       0.42662556983724942     
   2.5099999999999905       0.42557002461694876     
   2.5199999999999902       0.42369200750881714     
   2.5299999999999900       0.42100215603101576     
   2.5399999999999898       0.41751730817246718     
   2.5499999999999896       0.41326027292199918     
   2.5599999999999894       0.40825950870318839     
   2.5699999999999892       0.40254871696621491     
   2.5799999999999890       0.39616636056232118     
   2.5899999999999888       0.38915511831986316     
   2.5999999999999885       0.38156128871535394     
   2.6099999999999883       0.37343415652995282     
   2.6199999999999881       0.36482533690815910     
   2.6299999999999879       0.35578811111959946     
   2.6399999999999877       0.34637676798941136     
   2.6499999999999875       0.33664596392188634     
   2.6599999999999873       0.32665011330584509     
   2.6699999999999871       0.31644281936849267     
   2.6799999999999868       0.30607635403647954     
   2.6899999999999866       0.29560119318180372     
   2.6999999999999864       0.28506561202882663     
   2.7099999999999862       0.27451534337246458     
   2.7199999999999860       0.26399329960070433     
   2.7299999999999858       0.25353935794121812     
   2.7399999999999856       0.24319020678866810     
   2.7499999999999853       0.23297924987394639     
   2.7599999999999851       0.22293656408007642     
   2.7699999999999849       0.21308890589983706     
   2.7799999999999847       0.20345976107251110     
   2.7899999999999845       0.19406943176338712     
   2.7999999999999843       0.18493515530944138     
   2.8099999999999841       0.17607124893226342     
   2.8199999999999839       0.16748927482006562     
   2.8299999999999836       0.15919822041234002     
   2.8399999999999834       0.15120468907029402     
   2.8499999999999832       0.14351309692172873     
   2.8599999999999830       0.13612587193586786     
   2.8699999999999828       0.12904365203812854     
   2.8799999999999826       0.12226547947937531     
   2.8899999999999824       0.11578898905552615     
   2.8999999999999821       0.10961058854191690     
   2.9099999999999819       0.10372562970173295     
   2.9199999999999817        9.8128569111365194E-002
   2.9299999999999815        9.2813117878285001E-002
   2.9399999999999813        8.7772380041085507E-002
   2.9499999999999811        8.2998979445830026E-002
   2.9599999999999809        7.8485175189624168E-002
   2.9699999999999807        7.4222965883911765E-002
   2.9799999999999804        7.0204183107558424E-002
   2.9899999999999802        6.6420574567345819E-002
   2.9999999999999800        6.2863877483154806E-002
   3.0099999999999798        5.9525882819266324E-002
   3.0199999999999796        5.6398491037404352E-002
   3.0299999999999794        5.3473759924699438E-002
   3.0399999999999792        5.0743945245645093E-002
   3.0499999999999790        4.8201534749924023E-002
   3.0599999999999787        4.5839276201729590E-002
   3.0699999999999785        4.3650199945338621E-002
   3.0799999999999783        4.1627636587541358E-002
   3.0899999999999781        3.9765230227117053E-002
   3.0999999999999779        3.8056947735969411E-002
   3.1099999999999777        3.6497084419881830E-002
   3.1199999999999775        3.5080266490348219E-002
   3.1299999999999772        3.3801450585910782E-002
   3.1399999999999770        3.2655920664715038E-002
   3.1499999999999768        3.1639282434682593E-002
   3.1599999999999766        3.0747455584372752E-002
   3.1699999999999764        2.9976663829161976E-002
   3.1799999999999762        2.9323423037657014E-002
   3.1899999999999760        2.8784527380875932E-002
   3.1999999999999758        2.8357033619168717E-002
   3.2099999999999755        2.8038243538158966E-002
   3.2199999999999753        2.7825684497503028E-002
   3.2299999999999751        2.7717088082370448E-002
   3.2399999999999749        2.7710366880139305E-002
   3.2499999999999747        2.7803589195736968E-002
   3.2599999999999745        2.7994951830618776E-002
   3.2699999999999743        2.8282750749362512E-002
   3.2799999999999740        2.8665349647923572E-002
   3.2899999999999738        2.9141146429629092E-002
   3.2999999999999736        2.9708537575691391E-002
   3.3099999999999734        3.0365880473154024E-002
   3.3199999999999732        3.1111453831768332E-002
   3.3299999999999730        3.1943416299040982E-002
   3.3399999999999728        3.2859763569496131E-002
   3.3499999999999726        3.3858284286279919E-002
   3.3599999999999723        3.4936515173132600E-002
   3.3699999999999721        3.6091695843308153E-002
   3.3799999999999719        3.7320724049785196E-002
   3.3899999999999717        3.8620112020621829E-002
   3.3999999999999715        3.9985944830292504E-002
   3.4099999999999713        4.1413841741744326E-002
   3.4199999999999711        4.2898921734439793E-002
   3.4299999999999708        4.4435774295139896E-002
   3.4399999999999706        4.6018436934620870E-002
   3.4499999999999704        4.7640380618049559E-002
   3.4599999999999702        4.9294504612102698E-002
   3.4699999999999700        5.0973142010847954E-002
   3.4799999999999698        5.2668077231974253E-002
   3.4899999999999696        5.4370576610751807E-002
   3.4999999999999694        5.6071432998235519E-002
   3.5099999999999691        5.7761025013794313E-002
   3.5199999999999689        5.9429391292307093E-002
   3.5299999999999687        6.1066319585177171E-002
   3.5399999999999685        6.2661450232074339E-002
   3.5499999999999683        6.4204392888792192E-002
   3.5599999999999681        6.5684855047830726E-002
   3.5699999999999679        6.7092780165519450E-002
   3.5799999999999677        6.8418492891249447E-002
   3.5899999999999674        6.9652848332637046E-002
   3.5999999999999672        7.0787381954660458E-002
   3.6099999999999670        7.1814456420726688E-002
   3.6199999999999668        7.2727401609366193E-002
   3.6299999999999666        7.3520643921274706E-002
   3.6399999999999664        7.4189821272806211E-002
   3.6499999999999662        7.4731880367523817E-002
   3.6599999999999659        7.5145153435938430E-002
   3.6699999999999657        7.5429412062678849E-002
   3.6799999999999655        7.5585896588824059E-002
   3.6899999999999653        7.5617320228655971E-002
   3.6999999999999651        7.5527847976000137E-002
   3.7099999999999649        7.5323051080489048E-002
   3.7199999999999647        7.5009838738382933E-002
   3.7299999999999645        7.4596369314311697E-002
   3.7399999999999642        7.4091944010957589E-002
   3.7499999999999640        7.3506886295731835E-002
   3.7599999999999638        7.2852410866063186E-002
   3.7699999999999636        7.2140485845124100E-002
   3.7799999999999634        7.1383692088895237E-002
   3.7899999999999632        7.0595083285929269E-002
   3.7999999999999630        6.9788050140434252E-002
   3.8099999999999627        6.8976191738026021E-002
   3.8199999999999625        6.8173196543891063E-002
   3.8299999999999623        6.7392735162687775E-002
   3.8399999999999621        6.6648366236595105E-002
   3.8499999999999619        6.5953456593931009E-002
   3.8599999999999617        6.5321115947138880E-002
   3.8699999999999615        6.4764146294903832E-002
   3.8799999999999613        6.4295005508768280E-002
   3.8899999999999610        6.3925784335254393E-002
   3.8999999999999608        6.3668195840152431E-002
   3.9099999999999606        6.3533575885118765E-002
   3.9199999999999604        6.3532893329654172E-002
   3.9299999999999602        6.3676768322445051E-002
   3.9399999999999600        6.3975497114432220E-002
   3.9499999999999598        6.4439081816073204E-002
   3.9599999999999596        6.5077263488315343E-002
   3.9699999999999593        6.5899557034384715E-002
   3.9799999999999591        6.6915286444881483E-002
   3.9899999999999589        6.8133619007128735E-002
   3.9999999999999587        6.9563597165278060E-002
   4.0099999999999589        7.1214166798292358E-002
   4.0199999999999587        7.3094200857820299E-002
   4.0299999999999585        7.5212517152385375E-002
   4.0399999999999583        7.7577889457966051E-002
   4.0499999999999581        8.0199050886493442E-002
   4.0599999999999579        8.3084688725835756E-002
   4.0699999999999577        8.6243429844169106E-002
   4.0799999999999574        8.9683815993494509E-002
   4.0899999999999572        9.3414268150891780E-002
   4.0999999999999570        9.7443039326164646E-002
   4.1099999999999568       0.10177815518215035     
   4.1199999999999566       0.10642734190830405     
   4.1299999999999564       0.11139794093379234     
   4.1399999999999562       0.11669681009011663     
   4.1499999999999559       0.12233021107564364     
   4.1599999999999557       0.12830368313291149     
   4.1699999999999555       0.13462190313076852     
   4.1799999999999553       0.14128853248014608     
   4.1899999999999551       0.14830605154342288     
   4.1999999999999549       0.15567558259205802     
   4.2099999999999547       0.16339670268920503     
   4.2199999999999545       0.17146724833799690     
   4.2299999999999542       0.17988311407874644     
   4.2399999999999540       0.18863804788082830     
   4.2499999999999538       0.19772344643952136     
   4.2599999999999536       0.20712815421671893     
   4.2699999999999534       0.21683827035533132     
   4.2799999999999532       0.22683696821881871     
   4.2899999999999530       0.23710433257798755     
   4.2999999999999527       0.24761721990651117     
   4.3099999999999525       0.25834914733407349     
   4.3199999999999523       0.26927021602728513     
   4.3299999999999521       0.28034707455630048     
   4.3399999999999519       0.29154292767198747     
   4.3499999999999517       0.30281759533787528     
   4.3599999999999515       0.31412762632777130     
   4.3699999999999513       0.32542646969209066     
   4.3799999999999510       0.33666470645925733     
   4.3899999999999508       0.34779034253210012     
   4.3999999999999506       0.35874916249038247     
   4.4099999999999504       0.36948514232702262     
   4.4199999999999502       0.37994091769464783     
   4.4299999999999500       0.39005830256094520     
   4.4399999999999498       0.39977885169252009     
   4.4499999999999496       0.40904445888624880     
   4.4599999999999493       0.41779798171163535     
   4.4699999999999491       0.42598388238081258     
   4.4799999999999489       0.43354887366078088     
   4.4899999999999487       0.44044255822431405     
   4.4999999999999485       0.44661804958058288     
   4.5099999999999483       0.45203256294718691     
   4.5199999999999481       0.45664796474025099     
   4.5299999999999478       0.46043127000875422     
   4.5399999999999476       0.46335507820629429     
   4.5499999999999474       0.46539793863178552     
   4.5599999999999472       0.46654463839108568     
   4.5699999999999470       0.46678640708559588     
   4.5799999999999468       0.46612103409181677     
   4.5899999999999466       0.46455289602028738     
   4.5999999999999464       0.46209289363325406     
   4.6099999999999461       0.45875829935338425     
   4.6199999999999459       0.45457251822561867     
   4.6299999999999457       0.44956476703843434     
   4.6399999999999455       0.44376967779312154     
   4.6499999999999453       0.43722683340584395     
   4.6599999999999451       0.42998024483327574     
   4.6699999999999449       0.42207777985841360     
   4.6799999999999446       0.41357055482164945     
   4.6899999999999444       0.40451230097218321     
   4.6999999999999442       0.39495871764524798     
   4.7099999999999440       0.38496682402554772     
   4.7199999999999438       0.37459432138922466     
   4.7299999999999436       0.36389897647117103     
   4.7399999999999434       0.35293803609023611     
   4.7499999999999432       0.34176768169389676     
   4.7599999999999429       0.33044253112029065     
   4.7699999999999427       0.31901519346566271     
   4.7799999999999425       0.30753588123141179     
   4.7899999999999423       0.29605208236363295     
   4.7999999999999421       0.28460829332812326     
   4.8099999999999419       0.27324581271057063     
   4.8199999999999417       0.26200259378983831     
   4.8299999999999415       0.25091315318730928     
   4.8399999999999412       0.24000853183961943     
   4.8499999999999410       0.22931630375400422     
   4.8599999999999408       0.21886062755352589     
   4.8699999999999406       0.20866233540809154     
   4.8799999999999404       0.19873905376592446     
   4.8899999999999402       0.18910535039391141     
   4.8999999999999400       0.17977290238272994     
   4.9099999999999397       0.17075067988353645     
   4.9199999999999395       0.16204514091453834     
   4.9299999999999393       0.15366043289318027     
   4.9399999999999391       0.14559859694886246     
   4.9499999999999389       0.13785977169570901     
   4.9599999999999387       0.13044239359897336     
   4.9699999999999385       0.12334339139998336     
   4.9799999999999383       0.11655837282619107     
   4.9899999999999380       0.11008180192764466     
   4.9999999999999378       0.10390716599885085     
   5.0099999999999376        9.8027131278179025E-002
   5.0199999999999374        9.2433686969927639E-002
   5.0299999999999372        8.7118277382933193E-002
   5.0399999999999370        8.2071922302769287E-002
   5.0499999999999368        7.7285325603422106E-002
   5.0599999999999365        7.2748972741065565E-002
   5.0699999999999363        6.8453217352488147E-002
   5.0799999999999361        6.4388357691209805E-002
   5.0899999999999359        6.0544703476417022E-002
   5.0999999999999357        5.6912633729431457E-002
   5.1099999999999355        5.3482646496472004E-002
   5.1199999999999353        5.0245400862501781E-002
   5.1299999999999351        4.7191752176720524E-002
   5.1399999999999348        4.4312781006245278E-002
   5.1499999999999346        4.1599816492739757E-002
   5.1599999999999344        3.9044454728907579E-002
   5.1699999999999342        3.6638572678977584E-002
   5.1799999999999340        3.4374338223516314E-002
   5.1899999999999338        3.2244216726455305E-002
   5.1999999999999336        3.0240974721991314E-002
   5.2099999999999334        2.8357680921766975E-002
   5.2199999999999331        2.6587705145691174E-002
   5.2299999999999329        2.4924715305578739E-002
   5.2399999999999327        2.3362672881696939E-002
   5.2499999999999325        2.1895827106896693E-002
   5.2599999999999323        2.0518708070230762E-002
   5.2699999999999321        1.9226119014839265E-002
   5.2799999999999319        1.8013127961258778E-002
   5.2899999999999316        1.6875058829269336E-002
   5.2999999999999314        1.5807482258292666E-002
   5.3099999999999312        1.4806206104692425E-002
   5.3199999999999310        1.3867265901847184E-002
   5.3299999999999308        1.2986915224119809E-002
   5.3399999999999306        1.2161616112571440E-002
   5.3499999999999304        1.1388029571972533E-002
   5.3599999999999302        1.0663006250815732E-002
   5.3699999999999299        9.9835772832246924E-003
   5.3799999999999297        9.3469453945293005E-003
   5.3899999999999295        8.7504761895419673E-003
   5.3999999999999293        8.1916898232364151E-003
   5.4099999999999291        7.6682528554690215E-003
   5.4199999999999289        7.1779704538013625E-003
   5.4299999999999287        6.7187789140547493E-003
   5.4399999999999284        6.2887384671287743E-003
   5.4499999999999282        5.8860263910849803E-003
   5.4599999999999280        5.5089304759114105E-003
   5.4699999999999278        5.1558427250884076E-003
   5.4799999999999276        4.8252534183470660E-003
   5.4899999999999274        4.5157454288537301E-003
   5.4999999999999272        4.2259888413806318E-003
   5.5099999999999270        3.9547358455920842E-003
   5.5199999999999267        3.7008158835717939E-003
   5.5299999999999265        3.4631310617566757E-003
   5.5399999999999263        3.2406518400101528E-003
   5.5499999999999261        3.0324128867778469E-003
   5.5599999999999259        2.8375092404682545E-003
   5.5699999999999257        2.6550926319660866E-003
   5.5799999999999255        2.4843680366958168E-003
   5.5899999999999253        2.3245904356037285E-003
   5.5999999999999250        2.1750617226200574E-003
   5.6099999999999248        2.0351278455570583E-003
   5.6199999999999246        1.9041760666220705E-003
   5.6299999999999244        1.7816324121426388E-003
   5.6399999999999242        1.6669592693730727E-003
   5.6499999999999240        1.5596531150590329E-003
   5.6599999999999238        1.4592423951427936E-003
   5.6699999999999235        1.3652855234705483E-003
   5.6799999999999233        1.2773690091930606E-003
   5.6899999999999231        1.1951056795645486E-003
   5.6999999999999229        1.1181330426065434E-003
   5.7099999999999227        1.0461117175994369E-003
   5.7199999999999225        9.7872398632235292E-004
   5.7299999999999223        9.1567242121065725E-004
   5.7399999999999221        8.5667859598222585E-004
   5.7499999999999218        8.0148189669263740E-004
   5.7599999999999216        7.4983837874897583E-004
   5.7699999999999214        7.0151971041694852E-004
   5.7799999999999212        6.5631218612171324E-004
   5.7899999999999210        6.1401578896859096E-004
   5.7999999999999208        5.7444332873582285E-004
   5.8099999999999206        5.3741961362504078E-004
   5.8199999999999203        5.0278069069522788E-004
   5.8299999999999201        4.7037312929469139E-004
   5.8399999999999199        4.4005334839310731E-004
   5.8499999999999197        4.1168698750138061E-004
   5.8599999999999195        3.8514831138392367E-004
   5.8699999999999193        3.6031966134247780E-004
   5.8799999999999191        3.3709095294426447E-004
   5.8899999999999189        3.1535915634507808E-004
   5.8999999999999186        2.9502788509042321E-004
   5.9099999999999184        2.7600694336424048E-004
   5.9199999999999182        2.5821193209101993E-004
   5.9299999999999180        2.4156388818269661E-004
   5.9399999999999178        2.2598892609851316E-004
   5.9499999999999176        2.1141791038704330E-004
   5.9599999999999174        1.9778616403290849E-004
   5.9699999999999172        1.8503316738972882E-004
   5.9799999999999169        1.7310229620217681E-004
   5.9899999999999167        1.6194057426909840E-004
   5.9999999999999165        1.5149843535849220E-004
   6.0099999999999163        1.4172950366090031E-004
   6.0199999999999161        1.3259039430776884E-004
   6.0299999999999159        1.2404050989994389E-004
   6.0399999999999157        1.1604187643752079E-004
   6.0499999999999154        1.0855895883778037E-004
   6.0599999999999152        1.0155851733477580E-004
   6.0699999999999150        9.5009447514694624E-005
   6.0799999999999148        8.8882654421190409E-005
   6.0899999999999146        8.3150915419706131E-005
   6.0999999999999144        7.7788762074367296E-005
   6.1099999999999142        7.2772368454916805E-005
   6.1199999999999140        6.8079441860698241E-005
   6.1299999999999137        6.3689128289788616E-005
   6.1399999999999135        5.9581918012215010E-005
   6.1499999999999133        5.5739557122184591E-005
   6.1599999999999131        5.2144969267359409E-005
   6.1699999999999129        4.8782179482928941E-005
   6.1799999999999127        4.5636242235278766E-005
   6.1899999999999125        4.2693174114717848E-005
   6.1999999999999122        3.9939894531063594E-005
   6.2099999999999120        3.7364164709198507E-005
   6.2199999999999118        3.4954538446051476E-005
   6.2299999999999116        3.2700302771488852E-005
   6.2399999999999114        3.0591439911609906E-005
   6.2499999999999112        2.8618573095984083E-005
   6.2599999999999110        2.6772934395877069E-005
   6.2699999999999108        2.5046318222095475E-005
   6.2799999999999105        2.3431051788427835E-005
   6.2899999999999103        2.1919951639473117E-005
   6.2999999999999101        2.0506303412199729E-005
   6.3099999999999099        1.9183819809376932E-005
   6.3199999999999097        1.7946624628553793E-005
   6.3299999999999095        1.6789215766188792E-005
   6.3399999999999093        1.5706448864989514E-005
   6.3499999999999091        1.4693509847456817E-005
   6.3599999999999088        1.3745897638038745E-005
   6.3699999999999086        1.2859396696674635E-005
   6.3799999999999084        1.2030067535639973E-005
   6.3899999999999082        1.1254222653148715E-005
   6.3999999999999080        1.0528413210676684E-005
   6.4099999999999078        9.8494118129394029E-006
   6.4199999999999076        9.2142011859299475E-006
   6.4299999999999073        8.6199553493863311E-006
   6.4399999999999071        8.0640332908330599E-006
   6.4499999999999069        7.5439647177186616E-006
   6.4599999999999067        7.0574354973028887E-006
   6.4699999999999065        6.6022839212187792E-006
   6.4799999999999063        6.1764859950171992E-006
   6.4899999999999061        5.7781482101521644E-006
   6.4999999999999059        5.4055008363832513E-006
   6.5099999999999056        5.0568853045531759E-006
   6.5199999999999054        4.7307535358280461E-006
   6.5299999999999052        4.4256543530297856E-006
   6.5399999999999050        4.1402326132743745E-006
   6.5499999999999048        3.8732178628800285E-006
   6.5599999999999046        3.6234233196627363E-006
   6.5699999999999044        3.3897393041165278E-006
   6.5799999999999041        3.1711246467496431E-006
   6.5899999999999039        2.9666097180682793E-006
   6.5999999999999037        2.7752852569571199E-006
   6.6099999999999035        2.5962989821860651E-006
   6.6199999999999033        2.4288566101146917E-006
   6.6299999999999031        2.2722129035188953E-006
   6.6399999999999029        2.1256716600260598E-006
   6.6499999999999027        1.9885808201947424E-006
   6.6599999999999024        1.8603312763378479E-006
   6.6699999999999022        1.7403524894545367E-006
   6.6799999999999020        1.6281127783508134E-006
   6.6899999999999018        1.5231114902540400E-006
   6.6999999999999016        1.4248812675183365E-006
   6.7099999999999014        1.3329864285492933E-006
   6.7199999999999012        1.2470181568374116E-006
   6.7299999999999010        1.1665948594676277E-006
   6.7399999999999007        1.0913585126351027E-006
   6.7499999999999005        1.0209728690975822E-006
   6.7599999999999003        9.5512696231690652E-007
   6.7699999999999001        8.9352836416693249E-007
   6.7799999999998999        8.3590127673765705E-007
   6.7899999999998997        7.8199143582037337E-007
   6.7999999999998995        7.3155881350405777E-007
   6.8099999999998992        6.8437863587983744E-007
   6.8199999999998990        6.4024111705005149E-007
   6.8299999999998988        5.9895016386802196E-007
   6.8399999999998986        5.6032086637136269E-007
   6.8499999999998984        5.2418478290629959E-007
   6.8599999999998982        4.9037904606397143E-007
   6.8699999999998980        4.5875230699968666E-007
   6.8799999999998978        4.2916643546197591E-007
   6.8899999999998975        4.0148811216593048E-007
   6.8999999999998973        3.7559465746423022E-007
   6.9099999999998971        3.5137213471609527E-007
   6.9199999999998969        3.2871090939507369E-007
   6.9299999999998967        3.0751120020430646E-007
   6.9399999999998965        2.8767960962948789E-007
   6.9499999999998963        2.6912574701041311E-007
   6.9599999999998960        2.5176870484211840E-007
   6.9699999999998958        2.3553201651185113E-007
   6.9799999999998956        2.2034143585296384E-007
   6.9899999999998954        2.0613071955664691E-007
   6.9999999999998952        1.9283778765053884E-007
   7.0099999999998950        1.8040056016227745E-007
   7.0199999999998948        1.6876551508886525E-007
   7.0299999999998946        1.5788144339199769E-007
   7.0399999999998943        1.4769963403523895E-007
   7.0499999999998941        1.3817327261320128E-007
   7.0599999999998939        1.2926331628186564E-007
   7.0699999999998937        1.2092586497135797E-007
   7.0799999999998935        1.1312659428563269E-007
   7.0899999999998933        1.0583085601358801E-007
   7.0999999999998931        9.9005806056582308E-008
   7.1099999999998929        9.2620774502785476E-008
   7.1199999999998926        8.6647358145766704E-008
   7.1299999999998924        8.1059050410143485E-008
   7.1399999999998922        7.5831565166638523E-008
   7.1499999999998920        7.0941032619619487E-008
   7.1599999999998918        6.6365248308032847E-008
   7.1699999999998916        6.2085153402807831E-008
   7.1799999999998914        5.8081319000522614E-008
   7.1899999999998911        5.4335935273040581E-008
   7.1999999999998909        5.0831562466576069E-008
   7.2099999999998907        4.7552333643334598E-008
   7.2199999999998905        4.4486082609030690E-008
   7.2299999999998903        4.1616711129400560E-008
   7.2399999999998901        3.8933302011092928E-008
   7.2499999999998899        3.6422069984537165E-008
   7.2599999999998897        3.4073393116610040E-008
   7.2699999999998894        3.1875891621021768E-008
   7.2799999999998892        2.9820036083236872E-008
   7.2899999999998890        2.7896574644483075E-008
   7.2999999999998888        2.6098013299154816E-008
   7.3099999999998886        2.4414360039778118E-008
   7.3199999999998884        2.2839971232501847E-008
   7.3299999999998882        2.1366797760194167E-008
   7.3399999999998879        1.9989195989003965E-008
   7.3499999999998877        1.8698931764623952E-008
   7.3599999999998875        1.7493784640948771E-008
   7.3699999999998873        1.6365335426495650E-008
   7.3799999999998871        1.5309975896343428E-008
   7.3899999999998869        1.4322432490991910E-008
   7.3999999999998867        1.3399282022695350E-008
   7.4099999999998865        1.2534973376190388E-008
   7.4199999999998862        1.1726916031020799E-008
   7.4299999999998860        1.0970206502037288E-008
   7.4399999999998858        1.0262531824546765E-008
   7.4499999999998856        9.6006538479789553E-009
   7.4599999999998854        8.9816119775267280E-009
   7.4699999999998852        8.4020755440320737E-009
   7.4799999999998850        7.8603792129159892E-009
   7.4899999999998847        7.3533773521958875E-009
   7.4999999999998845        6.8794971458804995E-009
   7.5099999999998843        6.4355929619872415E-009
   7.5199999999998841        6.0207396146388969E-009
   7.5299999999998839        5.6317914718529009E-009
   7.5399999999998837        5.2691186079801229E-009
   7.5499999999998835        4.9293903538625689E-009
   7.5599999999998833        4.6114964864475549E-009
   7.5699999999998830        4.3143267826824186E-009
   7.5799999999998828        4.0356607964618085E-009
   7.5899999999998826        3.7751284534348388E-009
   7.5999999999998824        3.5319896048997280E-009
   7.6099999999998822        3.3040238047511272E-009
   7.6199999999998820        3.0908609786381514E-009
   7.6299999999998818        2.8917609778590173E-009
   7.6399999999998816        2.7059836537119446E-009
   7.6499999999998813        2.5309384857406969E-009
   7.6599999999998811        2.3669955482961705E-009
   7.6699999999998809        2.2143398785538045E-009
   7.6799999999998807        2.0716762162854844E-009
   7.6899999999998805        1.9391895986666565E-009
   7.6999999999998803        1.8129942450129687E-009
   7.7099999999998801        1.6964208244824342E-009
   7.7199999999998798        1.5870638537942660E-009
   7.7299999999998796        1.4843682214221299E-009
   7.7399999999998794        1.3894441504186948E-009
   7.7499999999998792        1.2995160831522827E-009
   7.7599999999998790        1.2156942426755662E-009
   7.7699999999998788        1.1372384802867626E-009
   7.7799999999998786        1.0635936844595363E-009
   7.7899999999998784        9.9475985519388810E-010
   7.7999999999998781        9.3110706684070833E-010
   7.8099999999998779        8.7078494764554287E-010
   7.8199999999998777        8.1490372066106442E-010
   7.8299999999998775        7.6272323718549231E-010
   7.8399999999998773        7.1239312546437291E-010
   7.8499999999998771        6.6668894312938559E-010
   7.8599999999998769        6.2394535560152335E-010
   7.8699999999998766        5.8342221417900440E-010
   7.8799999999998764        5.4622974191450101E-010
   7.8899999999998762        5.1070260422900514E-010
   7.8999999999998760        4.7795102417518823E-010
   7.9099999999998758        4.4741989022671534E-010
   7.9199999999998756        4.1855409085724970E-010
   7.9299999999998754        3.9135362606679174E-010
   7.9399999999998752        3.6637360738167739E-010
   7.9499999999998749        3.4250381174923488E-010
   7.9599999999998747        3.2085446222213572E-010
   7.9699999999998745        3.0031533574770831E-010
   7.9799999999998743        2.8033132079961672E-010
   7.9899999999998741        2.6256775195686873E-010
   7.9999999999998739        2.4591440616679260E-010
   8.0099999999998737        2.2981617190305218E-010
   8.0199999999998735        2.1427304916564767E-010
   8.0299999999998732        2.0095037253358678E-010
   8.0399999999998730        1.8836784460330696E-010
   8.0499999999998728        1.7541524232213655E-010
   8.0599999999998726        1.6505316049720012E-010
   8.0699999999998724        1.5358085561959213E-010
   8.0799999999998722        1.4358884814554641E-010
   8.0899999999998720        1.3433698937328173E-010
   8.0999999999998717        1.2619535365368888E-010
   8.1099999999998715        1.1842379228498666E-010
   8.1199999999998713        1.1028215656539382E-010
   8.1299999999998711        1.0325074389847273E-010
   8.1399999999998709        9.6589405582442321E-011
   8.1499999999998707        9.0298141617302332E-011
   8.1599999999998705        8.4376952003052977E-011
   8.1699999999998703        7.8825836739694257E-011
   8.1799999999998700        7.3644795827226068E-011
   8.1899999999998698        6.9203903616539071E-011
   8.1999999999998696        6.4763011405852075E-011
   8.2099999999998694        5.9952044844274495E-011
   8.2199999999998692        5.5881226984478075E-011
   8.2299999999998690        5.2550557826462866E-011
   8.2399999999998688        4.9219888668447567E-011
   8.2499999999998685        4.6259293861322915E-011
   8.2599999999998683        4.4038847755979430E-011
   8.2699999999998681        4.0708178597964182E-011
   8.2799999999998679        3.7747583790839479E-011
   8.2899999999998677        3.5527137685495980E-011
   8.2999999999998675        3.3306691580152482E-011
   8.3099999999998673        3.1086245474808984E-011
   8.3199999999998671        2.8865799369465482E-011
   8.3299999999998668        2.7385501965903172E-011
   8.3399999999998666        2.5535130211450244E-011
   8.3499999999998664        2.3314684106106746E-011
   8.3599999999998662        2.2204461053434987E-011
   8.3699999999998660        2.0354089298982072E-011
   8.3799999999998658        1.9613940597200905E-011
   8.3899999999998656        1.8133643193638573E-011
   8.3999999999998654        1.7393494491857407E-011
   8.4099999999998651        1.5913197088295075E-011
   8.4199999999998649        1.5173048386513909E-011
   8.4299999999998647        1.4062825333842158E-011
   8.4399999999998645        1.2952602281170409E-011
   8.4499999999998643        1.2212453579389243E-011
   8.4599999999998641        1.1472304877608077E-011
   8.4699999999998639        1.0362081824936327E-011
   8.4799999999998636        9.9920074740457443E-012
   8.4899999999998634        9.2518587722645782E-012
   8.4999999999998632        8.8817844213739951E-012
   8.5099999999998630        8.5117100704834120E-012
   8.5199999999998628        7.7715613687022459E-012
   8.5299999999998626        6.6613383160304959E-012
   8.5399999999998624        6.6613383160304959E-012
   8.5499999999998622        5.9211896142493298E-012
   8.5599999999998619        5.9211896142493298E-012
   8.5699999999998617        5.5511152633587467E-012
   8.5799999999998615        5.1810409124681637E-012
   8.5899999999998613        4.8109665615775806E-012
   8.5999999999998611        4.4408922106869975E-012
   8.6099999999998609        4.4408922106869975E-012
   8.6199999999998607        3.7007435089058314E-012
   8.6299999999998604        4.0708178597964145E-012
   8.6399999999998602        4.0708178597964145E-012
   8.6499999999998600        3.3306691580152480E-012
   8.6599999999998598        2.5905204562340818E-012
   8.6699999999998596        2.5905204562340818E-012
   8.6799999999998594        2.2204461053434988E-012
   8.6899999999998592        2.9605948071246649E-012
   8.6999999999998590        2.2204461053434988E-012
   8.7099999999998587        2.2204461053434988E-012
   8.7199999999998585        2.2204461053434988E-012
   8.7299999999998583        1.8503717544529157E-012
   8.7399999999998581        2.2204461053434988E-012
   8.7499999999998579        1.8503717544529157E-012
   8.7599999999998577        1.8503717544529157E-012
   8.7699999999998575        1.4802974035623324E-012
   8.7799999999998573        1.1102230526717494E-012
   8.7899999999998570        1.1102230526717494E-012
   8.7999999999998568        1.1102230526717494E-012
   8.8099999999998566        1.1102230526717494E-012
   8.8199999999998564        1.1102230526717494E-012
   8.8299999999998562        1.1102230526717494E-012
   8.8399999999998560        7.4014870178116622E-013
   8.8499999999998558        3.7007435089058311E-013
   8.8599999999998555        3.7007435089058311E-013
   8.8699999999998553        7.4014870178116622E-013
   8.8799999999998551        1.1102230526717494E-012
   8.8899999999998549        3.7007435089058311E-013
   8.8999999999998547        7.4014870178116622E-013
   8.9099999999998545        3.7007435089058311E-013
   8.9199999999998543        7.4014870178116622E-013
   8.9299999999998541        0.0000000000000000     
   8.9399999999998538        7.4014870178116622E-013
   8.9499999999998536        7.4014870178116622E-013
   8.9599999999998534        7.4014870178116622E-013
   8.9699999999998532        7.4014870178116622E-013
   8.9799999999998530        3.7007435089058311E-013
   8.9899999999998528        7.4014870178116622E-013
   8.9999999999998526        3.7007435089058311E-013
   9.0099999999998523        7.4014870178116622E-013
   9.0199999999998521        0.0000000000000000     
   9.0299999999998519        0.0000000000000000     
   9.0399999999998517        0.0000000000000000     
   9.0499999999998515        0.0000000000000000     
   9.0599999999998513        7.4014870178116622E-013
   9.0699999999998511        0.0000000000000000     
   9.0799999999998509        0.0000000000000000     
   9.0899999999998506        0.0000000000000000     
   9.0999999999998504        7.4014870178116622E-013
   9.1099999999998502        7.4014870178116622E-013
   9.1199999999998500        0.0000000000000000     
   9.1299999999998498        0.0000000000000000     
   9.1399999999998496        0.0000000000000000     
   9.1499999999998494        0.0000000000000000     
   9.1599999999998492        0.0000000000000000     
   9.1699999999998489        0.0000000000000000     
   9.1799999999998487        0.0000000000000000     
   9.1899999999998485        0.0000000000000000     
   9.1999999999998483        0.0000000000000000     
   9.2099999999998481        0.0000000000000000     
   9.2199999999998479        0.0000000000000000     
   9.2299999999998477        0.0000000000000000     
   9.2399999999998474        0.0000000000000000     
   9.2499999999998472        0.0000000000000000     
   9.2599999999998470        7.4014870178116622E-013
   9.2699999999998468        0.0000000000000000     
   9.2799999999998466        0.0000000000000000     
   9.2899999999998464        0.0000000000000000     
   9.2999999999998462        0.0000000000000000     
   9.3099999999998460        0.0000000000000000     
   9.3199999999998457        0.0000000000000000     
   9.3299999999998455        0.0000000000000000     
   9.3399999999998453        0.0000000000000000     
   9.3499999999998451        0.0000000000000000     
   9.3599999999998449        0.0000000000000000     
   9.3699999999998447        0.0000000000000000     
   9.3799999999998445        0.0000000000000000     
   9.3899999999998442        0.0000000000000000     
   9.3999999999998440        0.0000000000000000     
   9.4099999999998438        0.0000000000000000     
   9.4199999999998436        0.0000000000000000     
   9.4299999999998434        0.0000000000000000     
   9.4399999999998432        0.0000000000000000     
   9.4499999999998430        0.0000000000000000     
   9.4599999999998428        0.0000000000000000     
   9.4699999999998425        0.0000000000000000     
   9.4799999999998423        0.0000000000000000     
   9.4899999999998421        0.0000000000000000     
   9.4999999999998419        0.0000000000000000     
   9.5099999999998417        0.0000000000000000     
   9.5199999999998415        0.0000000000000000     
   9.5299999999998413        0.0000000000000000     
   9.5399999999998411        0.0000000000000000     
   9.5499999999998408        0.0000000000000000     
   9.5599999999998406        0.0000000000000000     
   9.5699999999998404        0.0000000000000000     
   9.5799999999998402        0.0000000000000000     
   9.5899999999998400        0.0000000000000000     
   9.5999999999998398        0.0000000000000000     
   9.6099999999998396        0.0000000000000000     
   9.6199999999998393        0.0000000000000000     
   9.6299999999998391        0.0000000000000000     
   9.6399999999998389        0.0000000000000000     
   9.6499999999998387        0.0000000000000000     
   9.6599999999998385        0.0000000000000000     
   9.6699999999998383        0.0000000000000000     
   9.6799999999998381        0.0000000000000000     
   9.6899999999998379        0.0000000000000000     
   9.6999999999998376        0.0000000000000000     
   9.7099999999998374        0.0000000000000000     
   9.7199999999998372        0.0000000000000000     
   9.7299999999998370        0.0000000000000000     
   9.7399999999998368        0.0000000000000000     
   9.7499999999998366        0.0000000000000000     
   9.7599999999998364        0.0000000000000000     
   9.7699999999998361        0.0000000000000000     
   9.7799999999998359        0.0000000000000000     
   9.7899999999998357        0.0000000000000000     
   9.7999999999998355        0.0000000000000000     
   9.8099999999998353        0.0000000000000000     
   9.8199999999998351        0.0000000000000000     
   9.8299999999998349        0.0000000000000000     
   9.8399999999998347        0.0000000000000000     
   9.8499999999998344        0.0000000000000000     
   9.8599999999998342        0.0000000000000000     
   9.8699999999998340        0.0000000000000000     
   9.8799999999998338        0.0000000000000000     
   9.8899999999998336        0.0000000000000000     
   9.8999999999998334        0.0000000000000000     
   9.9099999999998332        0.0000000000000000     
   9.9199999999998330        0.0000000000000000     
   9.9299999999998327        0.0000000000000000     
   9.9399999999998325        0.0000000000000000     
   9.9499999999998323        0.0000000000000000     
   9.9599999999998321        0.0000000000000000     
   9.9699999999998319        0.0000000000000000     
   9.9799999999998317        0.0000000000000000     
   9.9899999999998315        0.0000000000000000     
   9.9999999999998312        0.0000000000000000     
