   0.0000000000000000       0.35697346498594212     
   1.0000000000000000E-002  0.35698845127603590     
   2.0000000000000000E-002  0.35703324394941166     
   2.9999999999999999E-002  0.35710734503843961     
   4.0000000000000001E-002  0.35720992668781221     
   5.0000000000000003E-002  0.35733983428153532     
   6.0000000000000005E-002  0.35749559082412491     
   7.0000000000000007E-002  0.35767540257280533     
   8.0000000000000002E-002  0.35787716591068935     
   8.9999999999999997E-002  0.35809847546365786     
   9.9999999999999992E-002  0.35833663345025868     
  0.10999999999999999       0.35858866025241937     
  0.11999999999999998       0.35885130619799988     
  0.12999999999999998       0.35912106452824938     
  0.13999999999999999       0.35939418554081343     
  0.14999999999999999       0.35966669186229455     
  0.16000000000000000       0.35993439482581685     
  0.17000000000000001       0.36019291191299624     
  0.18000000000000002       0.36043768520275465     
  0.19000000000000003       0.36066400077409044     
  0.20000000000000004       0.36086700900262686     
  0.21000000000000005       0.36104174567443170     
  0.22000000000000006       0.36118315383458682     
  0.23000000000000007       0.36128610629184449     
  0.24000000000000007       0.36134542868009706     
  0.25000000000000006       0.36135592297398045     
  0.26000000000000006       0.36131239135435328     
  0.27000000000000007       0.36120966031824459     
  0.28000000000000008       0.36104260490170498     
  0.29000000000000009       0.36080617291039124     
  0.30000000000000010       0.36049540902374672     
  0.31000000000000011       0.36010547865550135     
  0.32000000000000012       0.35963169143861973     
  0.33000000000000013       0.35906952421148292     
  0.34000000000000014       0.35841464338457091     
  0.35000000000000014       0.35766292654593390     
  0.36000000000000015       0.35681048321581960     
  0.37000000000000016       0.35585367460584316     
  0.38000000000000017       0.35478913227741676     
  0.39000000000000018       0.35361377560742024     
  0.40000000000000019       0.35232482793588105     
  0.41000000000000020       0.35091983132204407     
  0.42000000000000021       0.34939665981608586     
  0.43000000000000022       0.34775353115260588     
  0.44000000000000022       0.34598901683012340     
  0.45000000000000023       0.34410205048300635     
  0.46000000000000024       0.34209193451130721     
  0.47000000000000025       0.33995834493245169     
  0.48000000000000026       0.33770133441834510     
  0.49000000000000027       0.33532133349992965     
  0.50000000000000022       0.33281914994192385     
  0.51000000000000023       0.33019596628646303     
  0.52000000000000024       0.32745333558415218     
  0.53000000000000025       0.32459317534294979     
  0.54000000000000026       0.32161775975264290     
  0.55000000000000027       0.31852971020451287     
  0.56000000000000028       0.31533198420269326     
  0.57000000000000028       0.31202786273815880     
  0.58000000000000029       0.30862093620467840     
  0.59000000000000030       0.30511508894898010     
  0.60000000000000031       0.30151448258910479     
  0.61000000000000032       0.29782353818299145     
  0.62000000000000033       0.29404691739231381     
  0.63000000000000034       0.29018950275604244     
  0.64000000000000035       0.28625637722251368     
  0.65000000000000036       0.28225280305955486     
  0.66000000000000036       0.27818420029651075     
  0.67000000000000037       0.27405612482995462     
  0.68000000000000038       0.26987424635257629     
  0.69000000000000039       0.26564432619773526     
  0.70000000000000040       0.26137219531033234     
  0.71000000000000041       0.25706373240112251     
  0.72000000000000042       0.25272484246673738     
  0.73000000000000043       0.24836143576115008     
  0.74000000000000044       0.24397940737068582     
  0.75000000000000044       0.23958461745149229     
  0.76000000000000045       0.23518287226456036     
  0.77000000000000046       0.23077990609153931     
  0.78000000000000047       0.22638136409620380     
  0.79000000000000048       0.22199278621059382     
  0.80000000000000049       0.21761959209531179     
  0.81000000000000050       0.21326706724569769     
  0.82000000000000051       0.20894035025172039     
  0.83000000000000052       0.20464442126034635     
  0.84000000000000052       0.20038409164226326     
  0.85000000000000053       0.19616399489397865     
  0.86000000000000054       0.19198857874911865     
  0.87000000000000055       0.18786209850710547     
  0.88000000000000056       0.18378861154217077     
  0.89000000000000057       0.17977197300946221     
  0.90000000000000058       0.17581583264243239     
  0.91000000000000059       0.17192363269173638     
  0.92000000000000060       0.16809860687217115     
  0.93000000000000060       0.16434378035095321     
  0.94000000000000061       0.16066197065343810     
  0.95000000000000062       0.15705578948195589     
  0.96000000000000063       0.15352764534123062     
  0.97000000000000064       0.15007974695284132     
  0.98000000000000065       0.14671410736854315     
  0.99000000000000066       0.14343254869502672     
   1.0000000000000007       0.14023670742944019     
   1.0100000000000007       0.13712804026177716     
   1.0200000000000007       0.13410783033079249     
   1.0300000000000007       0.13117719385225843     
   1.0400000000000007       0.12833708704857041     
   1.0500000000000007       0.12558831332097734     
   1.0600000000000007       0.12293153059965002     
   1.0700000000000007       0.12036725882409965     
   1.0800000000000007       0.11789588749050434     
   1.0900000000000007       0.11551768319097939     
   1.1000000000000008       0.11323279713270766     
   1.1100000000000008       0.11104127255848383     
   1.1200000000000008       0.10894305202403719     
   1.1300000000000008       0.10693798451033737     
   1.1400000000000008       0.10502583230234704     
   1.1500000000000008       0.10320627763104236     
   1.1600000000000008       0.10147892900677481     
   1.1700000000000008        9.9843327258493875E-002
   1.1800000000000008        9.8298951227462614E-002
   1.1900000000000008        9.6845223083767293E-002
   1.2000000000000008        9.5481513285815445E-002
   1.2100000000000009        9.4207145122728195E-002
   1.2200000000000009        9.3021398887817477E-002
   1.2300000000000009        9.1923515587889137E-002
   1.2400000000000009        9.0912700316285414E-002
   1.2500000000000009        8.9988125130969321E-002
   1.2600000000000009        8.9148931590461680E-002
   1.2700000000000009        8.8394232869166298E-002
   1.2800000000000009        8.7723115487611622E-002
   1.2900000000000009        8.7134640674488228E-002
   1.3000000000000009        8.6627845381851976E-002
   1.3100000000000009        8.6201742979586063E-002
   1.3200000000000010        8.5855323634253064E-002
   1.3300000000000010        8.5587554426891352E-002
   1.3400000000000010        8.5397379228800141E-002
   1.3500000000000010        8.5283718356153185E-002
   1.3600000000000010        8.5245468073428379E-002
   1.3700000000000010        8.5281499947512426E-002
   1.3800000000000010        8.5390660101992241E-002
   1.3900000000000010        8.5571768437813112E-002
   1.4000000000000010        8.5823617810331779E-002
   1.4100000000000010        8.6144973267090266E-002
   1.4200000000000010        8.6534571333453783E-002
   1.4300000000000010        8.6991119414446719E-002
   1.4400000000000011        8.7513295360325330E-002
   1.4500000000000011        8.8099747223216437E-002
   1.4600000000000011        8.8749093238677426E-002
   1.4700000000000011        8.9459922092484878E-002
   1.4800000000000011        9.0230793479106189E-002
   1.4900000000000011        9.1060239008644309E-002
   1.5000000000000011        9.1946763470780554E-002
   1.5100000000000011        9.2888846495078684E-002
   1.5200000000000011        9.3884944621273267E-002
   1.5300000000000011        9.4933493788265197E-002
   1.5400000000000011        9.6032912277589325E-002
   1.5500000000000012        9.7181604077199293E-002
   1.5600000000000012        9.8377962704746358E-002
   1.5700000000000012        9.9620375453499832E-002
   1.5800000000000012       0.10090722807787611     
   1.5900000000000012       0.10223690984252225     
   1.6000000000000012       0.10360781899185491     
   1.6100000000000012       0.10501836852641951     
   1.6200000000000012       0.10646699229055091     
   1.6300000000000012       0.10795215130320436     
   1.6400000000000012       0.10947234029394887     
   1.6500000000000012       0.11102609437289719     
   1.6600000000000013       0.11261199575871034     
   1.6700000000000013       0.11422868051170974     
   1.6800000000000013       0.11587484519066484     
   1.6900000000000013       0.11754925332121015     
   1.7000000000000013       0.11925074165075776     
   1.7100000000000013       0.12097822602931119     
   1.7200000000000013       0.12273070690248546     
   1.7300000000000013       0.12450727425195540     
   1.7400000000000013       0.12630711197959990     
   1.7500000000000013       0.12812950154908523     
   1.7600000000000013       0.12997382488550191     
   1.7700000000000014       0.13183956642694689     
   1.7800000000000014       0.13372631423721268     
   1.7900000000000014       0.13563376011374828     
   1.8000000000000014       0.13756169867674950     
   1.8100000000000014       0.13951002533201023     
   1.8200000000000014       0.14147873310210229     
   1.8300000000000014       0.14346790828740744     
   1.8400000000000014       0.14547772494107453     
   1.8500000000000014       0.14750843814524309     
   1.8600000000000014       0.14956037611882603     
   1.8700000000000014       0.15163393115530532     
   1.8800000000000014       0.15372954941631542     
   1.8900000000000015       0.15584771967230215     
   1.9000000000000015       0.15798896098895127     
   1.9100000000000015       0.16015380949705757     
   1.9200000000000015       0.16234280424808270     
   1.9300000000000015       0.16455647234863319     
   1.9400000000000015       0.16679531338482942     
   1.9500000000000015       0.16905978331573771     
   1.9600000000000015       0.17135027792026436     
   1.9700000000000015       0.17366711594941464     
   1.9800000000000015       0.17601052211396553     
   1.9900000000000015       0.17838061002326741     
   2.0000000000000013       0.18077736525688159     
   2.0100000000000011       0.18320062868741097     
   2.0200000000000009       0.18565008019645421     
   2.0300000000000007       0.18812522295836218     
   2.0400000000000005       0.19062536839889710     
   2.0500000000000003       0.19314962198185490     
   2.0600000000000001       0.19569686996986999     
   2.0699999999999998       0.19826576728247849     
   2.0799999999999996       0.20085472657586534     
   2.0899999999999994       0.20346190864751315     
   2.0999999999999992       0.20608521431767299     
   2.1099999999999990       0.20872227784391476     
   2.1199999999999988       0.21137046199019241     
   2.1299999999999986       0.21402685481947323     
   2.1399999999999983       0.21668826829833854     
   2.1499999999999981       0.21935123876270388     
   2.1599999999999979       0.22201202929836919     
   2.1699999999999977       0.22466663409149679     
   2.1799999999999975       0.22731078474881716     
   2.1899999999999973       0.22993995864439443     
   2.1999999999999971       0.23254938924537269     
   2.2099999999999969       0.23513407845279843     
   2.2199999999999966       0.23768881092516356     
   2.2299999999999964       0.24020817030104247     
   2.2399999999999962       0.24268655736079123     
   2.2499999999999960       0.24511820996391018     
   2.2599999999999958       0.24749722475597513     
   2.2699999999999956       0.24981758051746003     
   2.2799999999999954       0.25207316305590965     
   2.2899999999999952       0.25425779150789901     
   2.2999999999999949       0.25636524593002402     
   2.3099999999999947       0.25838929601963828     
   2.3199999999999945       0.26032373079421972     
   2.3299999999999943       0.26216238906031536     
   2.3399999999999941       0.26389919048245647     
   2.3499999999999939       0.26552816703356291     
   2.3599999999999937       0.26704349464778460     
   2.3699999999999934       0.26843952482029426     
   2.3799999999999932       0.26971081595051444     
   2.3899999999999930       0.27085216417465396     
   2.3999999999999928       0.27185863348728034     
   2.4099999999999926       0.27272558487514981     
   2.4199999999999924       0.27344870426486517     
   2.4299999999999922       0.27402402900595074     
   2.4399999999999920       0.27444797273370752     
   2.4499999999999917       0.27471734833280193     
   2.4599999999999915       0.27482938882405855     
   2.4699999999999913       0.27478176600822851     
   2.4799999999999911       0.27457260665745892     
   2.4899999999999909       0.27420050612543095     
   2.4999999999999907       0.27366453925385492     
   2.5099999999999905       0.27296426844386235     
   2.5199999999999902       0.27209974884796911     
   2.5299999999999900       0.27107153059694600     
   2.5399999999999898       0.26988065806505940     
   2.5499999999999896       0.26852866615200877     
   2.5599999999999894       0.26701757363969442     
   2.5699999999999892       0.26534987366771645     
   2.5799999999999890       0.26352852143021382     
   2.5899999999999888       0.26155691917832274     
   2.5999999999999885       0.25943889872486542     
   2.6099999999999883       0.25717870156421202     
   2.6199999999999881       0.25478095683026830     
   2.6299999999999879       0.25225065723094692     
   2.6399999999999877       0.24959313330790023     
   2.6499999999999875       0.24681402609941069     
   2.6599999999999873       0.24391925856907290     
   2.6699999999999871       0.24091500597674442     
   2.6799999999999868       0.23780766551460508     
   2.6899999999999866       0.23460382536186883     
   2.6999999999999864       0.23131023353303490     
   2.7099999999999862       0.22793376664740073     
   2.7199999999999860       0.22448139894910277     
   2.7299999999999858       0.22096017173707250     
   2.7399999999999856       0.21737716348913635     
   2.7499999999999853       0.21373946078750050     
   2.7599999999999851       0.21005413031510919     
   2.7699999999999849       0.20632819203385810     
   2.7799999999999847       0.20256859371739633     
   2.7899999999999845       0.19878218695537184     
   2.7999999999999843       0.19497570469665018     
   2.8099999999999841       0.19115574050628151     
   2.8199999999999839       0.18732872952475441     
   2.8299999999999836       0.18350093117608549     
   2.8399999999999834       0.17967841372512691     
   2.8499999999999832       0.17586704057408228     
   2.8599999999999830       0.17207245842985389     
   2.8699999999999828       0.16830008721165221     
   2.8799999999999826       0.16455511167255366     
   2.8899999999999824       0.16084247476909180     
   2.8999999999999821       0.15716687260843024     
   2.9099999999999819       0.15353275097092969     
   2.9199999999999817       0.14994430327167493     
   2.9299999999999815       0.14640546998067192     
   2.9399999999999813       0.14291993924183180     
   2.9499999999999811       0.13949114876164576     
   2.9599999999999809       0.13612228874747098     
   2.9699999999999807       0.13281630585446616     
   2.9799999999999804       0.12957590804602678     
   2.9899999999999802       0.12640357019832946     
   2.9999999999999800       0.12330154041807399     
   3.0099999999999798       0.12027184696899712     
   3.0199999999999796       0.11731630566391676     
   3.0299999999999794       0.11443652769825811     
   3.0399999999999792       0.11163392777463627     
   3.0499999999999790       0.10890973247746043     
   3.0599999999999787       0.10626498882371510     
   3.0699999999999785       0.10370057286994137     
   3.0799999999999783       0.10121719840237497     
   3.0899999999999781        9.8815425517646063E-002
   3.0999999999999779        9.6495669163181877E-002
   3.1099999999999777        9.4258207541884229E-002
   3.1199999999999775        9.2103190275483804E-002
   3.1299999999999772        9.0030646410694415E-002
   3.1399999999999770        8.8040492113630742E-002
   3.1499999999999768        8.6132538116502580E-002
   3.1599999999999766        8.4306496823845931E-002
   3.1699999999999764        8.2561989093858160E-002
   3.1799999999999762        8.0898550694853369E-002
   3.1899999999999760        7.9315638375095393E-002
   3.1999999999999758        7.7812635590201046E-002
   3.2099999999999755        7.6388857841936789E-002
   3.2199999999999753        7.5043557691552562E-002
   3.2299999999999751        7.3775929338647711E-002
   3.2399999999999749        7.2585112933925569E-002
   3.2499999999999747        7.1470198470605581E-002
   3.2599999999999745        7.0430229382436871E-002
   3.2699999999999743        6.9464205805579896E-002
   3.2799999999999740        6.8571087560722874E-002
   3.2899999999999738        6.7749796836954299E-002
   3.2999999999999736        6.6999220600633874E-002
   3.3099999999999734        6.6318212830879172E-002
   3.3199999999999732        6.5705596471291511E-002
   3.3299999999999730        6.5160165271682696E-002
   3.3399999999999728        6.4680685411209915E-002
   3.3499999999999726        6.4265897046477394E-002
   3.3599999999999723        6.3914515765113519E-002
   3.3699999999999721        6.3625233958254937E-002
   3.3799999999999719        6.3396722177493925E-002
   3.3899999999999717        6.3227630524252496E-002
   3.3999999999999715        6.3116590025361172E-002
   3.4099999999999713        6.3062214147778434E-002
   3.4199999999999711        6.3063100367590511E-002
   3.4299999999999708        6.3117831902844104E-002
   3.4399999999999706        6.3224979599549549E-002
   3.4499999999999704        6.3383104044128127E-002
   3.4599999999999702        6.3590757864477584E-002
   3.4699999999999700        6.3846488291920758E-002
   3.4799999999999698        6.4148840000485888E-002
   3.4899999999999696        6.4496358249549079E-002
   3.4999999999999694        6.4887592268013536E-002
   3.5099999999999691        6.5321099033434207E-002
   3.5199999999999689        6.5795447317028147E-002
   3.5299999999999687        6.6309222058890629E-002
   3.5399999999999685        6.6861029077555464E-002
   3.5499999999999683        6.7449500065356147E-002
   3.5599999999999681        6.8073297884318235E-002
   3.5699999999999679        6.8731122138928943E-002
   3.5799999999999677        6.9421714996608833E-002
   3.5899999999999674        7.0143867178648941E-002
   3.5999999999999672        7.0896424186781340E-002
   3.6099999999999670        7.1678292604394220E-002
   3.6199999999999668        7.2488446511637952E-002
   3.6299999999999666        7.3325933876690300E-002
   3.6399999999999664        7.4189882958990594E-002
   3.6499999999999662        7.5079508583388119E-002
   3.6599999999999659        7.5994118248664366E-002
   3.6699999999999657        7.6933117994026745E-002
   3.6799999999999655        7.7896017980639387E-002
   3.6899999999999653        7.8882437660133697E-002
   3.6999999999999651        7.9892110508940475E-002
   3.7099999999999649        8.0924888232461786E-002
   3.7199999999999647        8.1980744395002858E-002
   3.7299999999999645        8.3059777355908040E-002
   3.7399999999999642        8.4162212558238123E-002
   3.7499999999999640        8.5288403945445165E-002
   3.7599999999999638        8.6438834643094598E-002
   3.7699999999999636        8.7614116730501276E-002
   3.7799999999999634        8.8814990127371859E-002
   3.7899999999999632        9.0042320507002116E-002
   3.7999999999999630        9.1297096320173299E-002
   3.8099999999999627        9.2580424806086539E-002
   3.8199999999999625        9.3893527048446723E-002
   3.8299999999999623        9.5237732067051842E-002
   3.8399999999999621        9.6614469958777691E-002
   3.8499999999999619        9.8025264086614716E-002
   3.8599999999999617        9.9471722399863405E-002
   3.8699999999999615       0.10095552786951641     
   3.8799999999999613       0.10247842807864525     
   3.8899999999999610       0.10404222405619305     
   3.8999999999999608       0.10564875838664796     
   3.9099999999999606       0.10729990264230647     
   3.9199999999999604       0.10899754420270474     
   3.9299999999999602       0.11074357254588614     
   3.9399999999999600       0.11253986505033585     
   3.9499999999999598       0.11438827239335098     
   3.9599999999999596       0.11629060361316267     
   3.9699999999999593       0.11824861088049221     
   3.9799999999999591       0.12026397411637614     
   3.9899999999999589       0.12233828542105629     
   3.9999999999999587       0.12447303348974441     
   4.0099999999999589       0.12666958800390346     
   4.0199999999999587       0.12892918411895693     
   4.0299999999999585       0.13125290710796114     
   4.0399999999999583       0.13364167717434364     
   4.0499999999999581       0.13609623458496400     
   4.0599999999999579       0.13861712512577554     
   4.0699999999999577       0.14120468599688094     
   4.0799999999999574       0.14385903215161938     
   4.0899999999999572       0.14658004321088769     
   4.0999999999999570       0.14936735099849252     
   4.1099999999999568       0.15222032774448704     
   4.1199999999999566       0.15513807506821939     
   4.1299999999999564       0.15811941378165098     
   4.1399999999999562       0.16116287460400594     
   4.1499999999999559       0.16426668985103474     
   4.1599999999999557       0.16742878618746601     
   4.1699999999999555       0.17064677853357110     
   4.1799999999999553       0.17391796510051236     
   4.1899999999999551       0.17723932383074759     
   4.1999999999999549       0.18060751009354392     
   4.2099999999999547       0.18401885585969902     
   4.2199999999999545       0.18746937038883885     
   4.2299999999999542       0.19095474242917490     
   4.2399999999999540       0.19447034410637234     
   4.2499999999999538       0.19801123645528218     
   4.2599999999999536       0.20157217668509142     
   4.2699999999999534       0.20514762721859636     
   4.2799999999999532       0.20873176652207073     
   4.2899999999999530       0.21231850174285352     
   4.2999999999999527       0.21590148316217450     
   4.3099999999999525       0.21947412047920087     
   4.3199999999999523       0.22302960083635270     
   4.3299999999999521       0.22656090866005285     
   4.3399999999999519       0.23006084714190031     
   4.3499999999999517       0.23352206138366505     
   4.3599999999999515       0.23693706308928331     
   4.3699999999999513       0.24029825671849772     
   4.3799999999999510       0.24359796694199246     
   4.3899999999999508       0.24682846734332950     
   4.3999999999999506       0.24998201016586030     
   4.4099999999999504       0.25305085696642438     
   4.4199999999999502       0.25602731003167745     
   4.4299999999999500       0.25890374429360447     
   4.4399999999999498       0.26167263967698973     
   4.4499999999999496       0.26432661358339865     
   4.4599999999999493       0.26685845335725733     
   4.4699999999999491       0.26926114846328436     
   4.4799999999999489       0.27152792228293393     
   4.4899999999999487       0.27365226318249386     
   4.4999999999999485       0.27562795475523977     
   4.5099999999999483       0.27744910493434988     
   4.5199999999999481       0.27911017388719145     
   4.5299999999999478       0.28060600036980565     
   4.5399999999999476       0.28193182648993642     
   4.5499999999999474       0.28308332057296487     
   4.5599999999999472       0.28405659807660216     
   4.5699999999999470       0.28484824038296602     
   4.5799999999999468       0.28545531125740503     
   4.5899999999999466       0.28587537095803434     
   4.5999999999999464       0.28610648786202703     
   4.6099999999999461       0.28614724748100601     
   4.6199999999999459       0.28599675890346060     
   4.6299999999999457       0.28565465846360610     
   4.6399999999999455       0.28512111081504982     
   4.6499999999999453       0.28439680720678845     
   4.6599999999999451       0.28348296112625360     
   4.6699999999999449       0.28238130120891808     
   4.6799999999999446       0.28109406167943785     
   4.6899999999999444       0.27962397009018586     
   4.6999999999999442       0.27797423276795236     
   4.7099999999999440       0.27614851786065209     
   4.7199999999999438       0.27415093620931602     
   4.7299999999999436       0.27198602017927098     
   4.7399999999999434       0.26965870058891828     
   4.7499999999999432       0.26717428188902076     
   4.7599999999999429       0.26453841589123966     
   4.7699999999999427       0.26175707404297505     
   4.7799999999999425       0.25883651867943352     
   4.7899999999999423       0.25578327326347589     
   4.7999999999999421       0.25260409194268779     
   4.8099999999999419       0.24930592860954470     
   4.8199999999999417       0.24589590563480179     
   4.8299999999999415       0.24238128262515812     
   4.8399999999999412       0.23876942519628985     
   4.8499999999999410       0.23506777415709487     
   4.8599999999999408       0.23128381518982499     
   4.8699999999999406       0.22742504929820320     
   4.8799999999999404       0.22349896404300174     
   4.8899999999999402       0.21951300595992682     
   4.8999999999999400       0.21547455400317481     
   4.9099999999999397       0.21139089447117307     
   4.9199999999999395       0.20726919724410472     
   4.9299999999999393       0.20311649362135939     
   4.9399999999999391       0.19893965575147024     
   4.9499999999999389       0.19474537770061398     
   4.9599999999999387       0.19054015831963680     
   4.9699999999999385       0.18633028576513996     
   4.9799999999999383       0.18212182385666531     
   4.9899999999999380       0.17792060016715949     
   4.9999999999999378       0.17373219588595479     
   5.0099999999999376       0.16956193733925576     
   5.0199999999999374       0.16541488924546471     
   5.0299999999999372       0.16129584953815393     
   5.0399999999999370       0.15720934588153804     
   5.0499999999999368       0.15315963345974193     
   5.0599999999999365       0.14915069432763323     
   5.0699999999999363       0.14518623812799128     
   5.0799999999999361       0.14126970384884005     
   5.0899999999999359       0.13740426296713695     
   5.0999999999999357       0.13359282345238793     
   5.1099999999999355       0.12983803479711400     
   5.1199999999999353       0.12614229395324883     
   5.1299999999999351       0.12250775193772291     
   5.1399999999999348       0.11893632116382162     
   5.1499999999999346       0.11542968333801663     
   5.1599999999999344       0.11198929782940559     
   5.1699999999999342       0.10861641044985337     
   5.1799999999999340       0.10531206259384522     
   5.1899999999999338       0.10207710053986664     
   5.1999999999999336        9.8912185016847939E-002
   5.2099999999999334        9.5817800795474084E-002
   5.2199999999999331        9.2794266388804683E-002
   5.2299999999999329        8.9841743701662077E-002
   5.2399999999999327        8.6960247656033995E-002
   5.2499999999999325        8.4149655621573782E-002
   5.2599999999999323        8.1409716807428784E-002
   5.2699999999999321        7.8740061385948953E-002
   5.2799999999999319        7.6140209406297607E-002
   5.2899999999999316        7.3609579499803304E-002
   5.2999999999999314        7.1147497272331869E-002
   5.3099999999999312        6.8753203409805883E-002
   5.3199999999999310        6.6425861501691566E-002
   5.3299999999999308        6.4164565523162229E-002
   5.3399999999999306        6.1968347006630307E-002
   5.3499999999999304        5.9836181861049630E-002
   5.3599999999999302        5.7766996842480343E-002
   5.3699999999999299        5.5759675769834621E-002
   5.3799999999999297        5.3813065249279264E-002
   5.3899999999999295        5.1925980268626513E-002
   5.3999999999999293        5.0097209215414995E-002
   5.4099999999999291        4.8325518844394649E-002
   5.4199999999999289        4.6609658664399596E-002
   5.4299999999999287        4.4948365260816671E-002
   5.4399999999999284        4.3340366113723362E-002
   5.4499999999999282        4.1784383264480328E-002
   5.4599999999999280        4.0279136673890333E-002
   5.4699999999999278        3.8823347252066182E-002
   5.4799999999999276        3.7415739705459063E-002
   5.4899999999999274        3.6055045149201687E-002
   5.4999999999999272        3.4740003438958604E-002
   5.5099999999999270        3.3469365281980266E-002
   5.5199999999999267        3.2241894184434634E-002
   5.5299999999999265        3.1056368141999070E-002
   5.5399999999999263        2.9911581300511303E-002
   5.5499999999999261        2.8806345168830228E-002
   5.5599999999999259        2.7739489924446640E-002
   5.5699999999999257        2.6709865456988904E-002
   5.5799999999999255        2.5716342236128162E-002
   5.5899999999999253        2.4757812186087202E-002
   5.5999999999999250        2.3833189236368933E-002
   5.6099999999999248        2.2941409923485687E-002
   5.6199999999999246        2.2081433832561965E-002
   5.6299999999999244        2.1252243923080925E-002
   5.6399999999999242        2.0452846785669627E-002
   5.6499999999999240        1.9682272813270028E-002
   5.6599999999999238        1.8939576286371718E-002
   5.6699999999999235        1.8223835406804324E-002
   5.6799999999999233        1.7534152288416305E-002
   5.6899999999999231        1.6869652801331420E-002
   5.6999999999999229        1.6229486504144217E-002
   5.7099999999999227        1.5612826390812252E-002
   5.7199999999999225        1.5018868689347280E-002
   5.7299999999999223        1.4446832600357630E-002
   5.7399999999999221        1.3895960004331055E-002
   5.7499999999999218        1.3365515092624293E-002
   5.7599999999999216        1.2854784058358472E-002
   5.7699999999999214        1.2363074716052054E-002
   5.7799999999999212        1.1889716088028099E-002
   5.7899999999999210        1.1434057995643941E-002
   5.7999999999999208        1.0995470683989631E-002
   5.8099999999999206        1.0573344313787321E-002
   5.8199999999999203        1.0167088597006888E-002
   5.8299999999999201        9.7761322987920569E-003
   5.8399999999999199        9.3999227989801561E-003
   5.8499999999999197        9.0379256616824975E-003
   5.8599999999999195        8.6896241063903167E-003
   5.8699999999999193        8.3545186615851651E-003
   5.8799999999999191        8.0321265944659371E-003
   5.8899999999999189        7.7219815668143647E-003
   5.8999999999999186        7.4236330586967686E-003
   5.9099999999999184        7.1366460696868578E-003
   5.9199999999999182        6.8606005211262130E-003
   5.9299999999999180        6.5950909665295878E-003
   5.9399999999999178        6.3397260475409126E-003
   5.9499999999999176        6.0941281326481805E-003
   5.9599999999999174        5.8579328980627133E-003
   5.9699999999999172        5.6307888770379712E-003
   5.9799999999999169        5.4123570875516426E-003
   5.9899999999999167        5.2023106670769292E-003
   5.9999999999999165        5.0003344407867608E-003
   6.0099999999999163        4.8061245780206931E-003
   6.0199999999999161        4.6193881843126427E-003
   6.0299999999999159        4.4398429720709622E-003
   6.0399999999999157        4.2672169491840212E-003
   6.0499999999999154        4.1012479988238914E-003
   6.0599999999999152        3.9416835930781999E-003
   6.0699999999999150        3.7882804644281867E-003
   6.0799999999999148        3.6408042725892694E-003
   6.0899999999999146        3.4990293587007161E-003
   6.0999999999999144        3.3627383565856799E-003
   6.1099999999999142        3.2317219706834502E-003
   6.1199999999999140        3.1057786765436531E-003
   6.1299999999999137        2.9847144504059945E-003
   6.1399999999999135        2.8683425037991186E-003
   6.1499999999999133        2.7564830298430726E-003
   6.1599999999999131        2.6489629445210854E-003
   6.1699999999999129        2.5456156623104207E-003
   6.1799999999999127        2.4462808708533576E-003
   6.1899999999999125        2.3508042675105165E-003
   6.1999999999999122        2.2590373972914165E-003
   6.2099999999999120        2.1708373897084852E-003
   6.2199999999999118        2.0860667816502278E-003
   6.2299999999999116        2.0045933183506031E-003
   6.2399999999999114        1.9262897732437781E-003
   6.2499999999999112        1.8510337324420775E-003
   6.2599999999999110        1.7787074515172056E-003
   6.2699999999999108        1.7091976702317774E-003
   6.2799999999999105        1.6423954457514313E-003
   6.2899999999999103        1.5781959720716802E-003
   6.2999999999999101        1.5164984839836162E-003
   6.3099999999999099        1.4572060318258388E-003
   6.3199999999999097        1.4002254102798446E-003
   6.3299999999999095        1.3454669687647401E-003
   6.3399999999999093        1.2928444970958376E-003
   6.3499999999999091        1.2422751056499488E-003
   6.3599999999999088        1.1936790608789070E-003
   6.3699999999999086        1.1469797319032054E-003
   6.3799999999999084        1.1021034074408468E-003
   6.3899999999999082        1.0589792477208057E-003
   6.3999999999999080        1.0175390911538764E-003
   6.4099999999999078        9.7771746890434538E-004
   6.4199999999999076        9.3945137853170772E-004
   6.4299999999999073        9.0268029955691703E-004
   6.4399999999999071        8.6734601497089764E-004
   6.4499999999999069        8.3339257293185405E-004
   6.4599999999999067        8.0076619879165464E-004
   6.4699999999999065        7.6941517597815280E-004
   6.4799999999999063        7.3928978582340826E-004
   6.4899999999999061        7.1034227072972660E-004
   6.4999999999999059        6.8252669629383208E-004
   6.5099999999999056        6.5579892365537492E-004
   6.5199999999999054        6.3011651431843540E-004
   6.5299999999999052        6.0543866926272719E-004
   6.5399999999999050        5.8172621118002927E-004
   6.5499999999999048        5.5894144270101362E-004
   6.5599999999999046        5.3704815970635885E-004
   6.5699999999999044        5.1601154466438296E-004
   6.5799999999999041        4.9579814262246862E-004
   6.5899999999999039        4.7637581365251035E-004
   6.5999999999999037        4.5771364530520039E-004
   6.6099999999999035        4.3978194008532489E-004
   6.6199999999999033        4.2255215580040462E-004
   6.6299999999999031        4.0599686107081886E-004
   6.6399999999999029        3.9008969552368355E-004
   6.6499999999999027        3.7480532175257399E-004
   6.6599999999999024        3.6011938898084954E-004
   6.6699999999999022        3.4600849790459106E-004
   6.6799999999999020        3.3245017158393952E-004
   6.6899999999999018        3.1942279010184325E-004
   6.6999999999999016        3.0690559399881146E-004
   6.7099999999999014        2.9487862691138884E-004
   6.7199999999999012        2.8332270514510552E-004
   6.7299999999999010        2.7221939966804695E-004
   6.7399999999999007        2.6155100873691647E-004
   6.7499999999999005        2.5130050835333223E-004
   6.7599999999999003        2.4145154239903200E-004
   6.7699999999999001        2.3198840528863799E-004
   6.7799999999998999        2.2289599774577302E-004
   6.7899999999998997        2.1415979274465386E-004
   6.7999999999998995        2.0576586597183751E-004
   6.8099999999998992        1.9770079876265694E-004
   6.8199999999998990        1.8995173098715964E-004
   6.8299999999998988        1.8250628674611600E-004
   6.8399999999998986        1.7535257656833638E-004
   6.8499999999998984        1.6847918342879949E-004
   6.8599999999998982        1.6187511611928372E-004
   6.8699999999998980        1.5552984121353983E-004
   6.8799999999998978        1.4943321707840766E-004
   6.8899999999998975        1.4357551456328579E-004
   6.8999999999998973        1.3794735727938273E-004
   6.9099999999998971        1.3253977638228611E-004
   6.9199999999998969        1.2734411349683443E-004
   6.9299999999998967        1.2235208160591216E-004
   6.9399999999998965        1.1755569305942414E-004
   6.9499999999998963        1.1294729165511572E-004
   6.9599999999998960        1.0851951255489475E-004
   6.9699999999998958        1.0426527459422373E-004
   6.9799999999998956        1.0017777471943991E-004
   6.9899999999998954        9.6250489306144967E-005
   6.9999999999998952        9.2477138192604416E-005
   7.0099999999998950        8.8851694116643103E-005
   7.0199999999998948        8.5368352820576899E-005
   7.0299999999998946        8.2021548733113045E-005
   7.0399999999998943        7.8805935783308266E-005
   7.0499999999998941        7.5716370192111318E-005
   7.0599999999998939        7.2747914057458182E-005
   7.0699999999998937        6.9895819348556661E-005
   7.0799999999998935        6.7155523684725565E-005
   7.0899999999998933        6.4522653596674981E-005
   7.0999999999998931        6.1992991404851889E-005
   7.1099999999998929        5.9562496949743573E-005
   7.1199999999998926        5.7227280703662841E-005
   7.1299999999998924        5.4983608269464540E-005
   7.1399999999998922        5.2827895696791883E-005
   7.1499999999998920        5.0756691371563081E-005
   7.1599999999998918        4.8766681717429164E-005
   7.1699999999998916        4.6854688061706985E-005
   7.1799999999998914        4.5017652988887354E-005
   7.1899999999998911        4.3252634315362082E-005
   7.1999999999998909        4.1556813277319018E-005
   7.2099999999998907        3.9927475090273849E-005
   7.2199999999998905        3.8362015494759965E-005
   7.2299999999998903        3.6857928416662156E-005
   7.2399999999998901        3.5412808569301601E-005
   7.2499999999998899        3.4024345532246429E-005
   7.2599999999998897        3.2690315366814566E-005
   7.2699999999998894        3.1408588780839243E-005
   7.2799999999998892        3.0177115631805450E-005
   7.2899999999998890        2.8993919757373929E-005
   7.2999999999998888        2.7857115455254543E-005
   7.3099999999998886        2.6764878686795823E-005
   7.3199999999998884        2.5715465280017250E-005
   7.3299999999998882        2.4707196739570682E-005
   7.3399999999998879        2.3738458176637074E-005
   7.3499999999998877        2.2807704218551244E-005
   7.3599999999998875        2.1913438076471330E-005
   7.3699999999998873        2.1054235010405717E-005
   7.3799999999998871        2.0228718112472647E-005
   7.3899999999998869        1.9435572034345618E-005
   7.3999999999998867        1.8673517567771470E-005
   7.4099999999998865        1.7941345483243874E-005
   7.4199999999998862        1.7237878863373208E-005
   7.4299999999998860        1.6561993977393014E-005
   7.4399999999998858        1.5912609421790693E-005
   7.4499999999998856        1.5288685611455287E-005
   7.4599999999998854        1.4689226699438196E-005
   7.4699999999998852        1.4113270029834176E-005
   7.4799999999998850        1.3559893169193989E-005
   7.4899999999998847        1.3028216763035784E-005
   7.4999999999998845        1.2517384413052323E-005
   7.5099999999998843        1.2026582892422343E-005
   7.5199999999998841        1.1555024775445732E-005
   7.5299999999998839        1.1101955179835610E-005
   7.5399999999998837        1.0666650899356590E-005
   7.5499999999998835        1.0248414181949699E-005
   7.5599999999998833        9.8465760488367663E-006
   7.5699999999998830        9.4604921658784212E-006
   7.5799999999998828        9.0895492157918253E-006
   7.5899999999998826        8.7331491584259391E-006
   7.5999999999998824        8.3907216860764075E-006
   7.6099999999998822        8.0617226159750440E-006
   7.6199999999998820        7.7456225336332718E-006
   7.6299999999998818        7.4419168773681154E-006
   7.6399999999998816        7.1501196817327361E-006
   7.6499999999998813        6.8697632074420816E-006
   7.6599999999998811        6.6003995720129876E-006
   7.6699999999998809        6.3415964707794919E-006
   7.6799999999998807        6.0929417565629432E-006
   7.6899999999998805        5.8540377613436585E-006
   7.6999999999998803        5.6244998737876534E-006
   7.7099999999998801        5.4039628536402426E-006
   7.7199999999998798        5.1920732683315073E-006
   7.7299999999998796        4.9884897242727473E-006
   7.7399999999998794        4.7928904071213908E-006
   7.7499999999998792        4.6049604414289510E-006
   7.7599999999998790        4.4243985288496885E-006
   7.7699999999998788        4.2509167977978950E-006
   7.7799999999998786        4.0842374612139402E-006
   7.7899999999998784        3.9240930594255398E-006
   7.7999999999998781        3.7702289928441057E-006
   7.8099999999998779        3.6223967449781895E-006
   7.8199999999998777        3.4803616308652091E-006
   7.8299999999998775        3.3438962629461926E-006
   7.8399999999998773        3.2127810714828236E-006
   7.8499999999998771        3.0868059930216792E-006
   7.8599999999998769        2.9657714302745699E-006
   7.8699999999998766        2.8494823656234026E-006
   7.8799999999998764        2.7377543285690784E-006
   7.8899999999998762        2.6304057166887248E-006
   7.8999999999998760        2.5272664461236342E-006
   7.9099999999998758        2.4281716834449563E-006
   7.9199999999998756        2.3329611633291093E-006
   7.9299999999998754        2.2414849131453935E-006
   7.9399999999998752        2.1535941976992219E-006
   7.9499999999998749        2.0691526330274685E-006
   7.9599999999998747        1.9880192670617377E-006
   7.9699999999998745        1.9100682629579015E-006
   7.9799999999998743        1.8351744893260663E-006
   7.9899999999998741        1.7632162032696139E-006
   7.9999999999998739        1.6940793409347024E-006
   8.0099999999998737        1.6276551120269959E-006
   8.0199999999998735        1.5638331071768707E-006
   8.0299999999998732        1.5025153260702818E-006
   8.0399999999998730        1.4435992928065022E-006
   8.0499999999998728        1.3869961664116704E-006
   8.0599999999998726        1.3326111268981966E-006
   8.0699999999998724        1.2803587796096108E-006
   8.0799999999998722        1.2301552217516731E-006
   8.0899999999998720        1.1819202859681202E-006
   8.0999999999998717        1.1355762566452678E-006
   8.1099999999998715        1.0910505645158677E-006
   8.1199999999998713        1.0482700158122099E-006
   8.1299999999998711        1.0071657882698521E-006
   8.1399999999998709        9.6767461073961506E-007
   8.1499999999998707        9.2973239096985372E-007
   8.1599999999998705        8.9327611223750660E-007
   8.1699999999998703        8.5825159334463723E-007
   8.1799999999998700        8.2459816522734727E-007
   8.1899999999998698        7.9226602975579440E-007
   8.1999999999998696        7.6120071661145780E-007
   8.2099999999998694        7.3135287869261032E-007
   8.2199999999998692        7.0267697372444565E-007
   8.2299999999998690        6.7512444101323260E-007
   8.2399999999998688        6.4865262949003136E-007
   8.2499999999998685        6.2321848331708027E-007
   8.2599999999998683        5.9878257801118634E-007
   8.2699999999998681        5.7530360402293116E-007
   8.2799999999998679        5.5274552536239668E-007
   8.2899999999998677        5.3107186657637352E-007
   8.2999999999998675        5.1024870803763757E-007
   8.3099999999998673        4.9024114710897074E-007
   8.3199999999998671        4.7101853700818983E-007
   8.3299999999998668        4.5255006904558281E-007
   8.3399999999998666        4.3480555903190556E-007
   8.3499999999998664        4.1775535475979330E-007
   8.3599999999998662        4.0137586398937587E-007
   8.3699999999998660        3.8563721478164307E-007
   8.3799999999998658        3.7051612714695894E-007
   8.3899999999998656        3.5598830339122275E-007
   8.3999999999998654        3.4202887914398391E-007
   8.4099999999998651        3.2861883027064252E-007
   8.4199999999998649        3.1573272572439758E-007
   8.4299999999998647        3.0335253594546745E-007
   8.4399999999998645        2.9145835787266751E-007
   8.4499999999998643        2.8003010340763890E-007
   8.4599999999998641        2.6905039062071303E-007
   8.4699999999998639        2.5849967496023358E-007
   8.4799999999998636        2.4836420585110060E-007
   8.4899999999998634        2.3862631224305846E-007
   8.4999999999998632        2.2926906323455438E-007
   8.5099999999998630        2.2027928649166111E-007
   8.5199999999998628        2.1164232938304814E-007
   8.5299999999998626        2.0334335424020953E-007
   8.5399999999998624        1.9537080780450326E-007
   8.5499999999998622        1.8771088167671196E-007
   8.5599999999998619        1.8035003344855729E-007
   8.5699999999998617        1.7327681394480917E-007
   8.5799999999998615        1.6648455026232759E-007
   8.5899999999998613        1.5995584890662098E-007
   8.5999999999998611        1.5368313491831950E-007
   8.6099999999998609        1.4765752651300168E-007
   8.6199999999998607        1.4186837248825601E-007
   8.6299999999998604        1.3630485973414235E-007
   8.6399999999998602        1.3096090515351811E-007
   8.6499999999998600        1.2582663238714379E-007
   8.6599999999998598        1.2089255827977774E-007
   8.6699999999998596        1.1615116569616767E-007
   8.6799999999998594        1.1159683413210920E-007
   8.6899999999998592        1.0722201175787963E-007
   8.6999999999998590        1.0301759705741167E-007
   8.7099999999998587        9.8978154563676687E-008
   8.7199999999998585        9.5098144726234801E-008
   8.7299999999998583        9.1367991871256589E-008
   8.7399999999998581        8.7786019099339752E-008
   8.7499999999998579        8.4343599052178982E-008
   8.7599999999998577        8.1036244578269840E-008
   8.7699999999998575        7.7858647423641701E-008
   8.7799999999998573        7.4805025176561912E-008
   8.7899999999998570        7.1872648538692670E-008
   8.7999999999998568        6.9054763653130197E-008
   8.8099999999998566        6.6346467034725152E-008
   8.8199999999998564        6.3745642320783466E-008
   8.8299999999998562        6.1245871034281819E-008
   8.8399999999998560        5.8845244979348467E-008
   8.8499999999998558        5.6536443622729858E-008
   8.8599999999998555        5.4320577187478641E-008
   8.8699999999998553        5.2189550297169051E-008
   8.8799999999998551        5.0144334396972264E-008
   8.8899999999998549        4.8178869519392370E-008
   8.8999999999998547        4.6289501180214342E-008
   8.9099999999998545        4.4473766072040109E-008
   8.9199999999998543        4.2729524702528524E-008
   8.9299999999998541        4.1054198116046864E-008
   8.9399999999998538        3.9443449503795608E-008
   8.9499999999998536        3.7898157792358102E-008
   8.9599999999998534        3.6411985458475364E-008
   8.9699999999998532        3.4983498464037725E-008
   8.9799999999998530        3.3613101577866431E-008
   8.9899999999998528        3.2294723267642182E-008
   8.9999999999998526        3.1027958764543709E-008
   9.0099999999998523        2.9812264521868170E-008
   9.0199999999998521        2.8642274461527571E-008
   9.0299999999998519        2.7520394066802786E-008
   9.0399999999998517        2.6439961999377720E-008
   9.0499999999998515        2.5403615039002506E-008
   9.0599999999998513        2.4407837479343671E-008
   9.0699999999998511        2.3450686430059034E-008
   9.0799999999998509        2.2530866630920497E-008
   9.0899999999998506        2.1647129080993777E-008
   9.0999999999998504        2.0798918668752569E-008
   9.1099999999998502        1.9983321058683572E-008
   9.1199999999998500        1.9199596102085036E-008
   9.1299999999998498        1.8447003650255177E-008
   9.1399999999998496        1.7723045701325480E-008
   9.1499999999998494        1.7029248811993361E-008
   9.1599999999998492        1.6360108126289330E-008
   9.1699999999998489        1.5720342092187226E-008
   9.1799999999998487        1.5102826778432418E-008
   9.1899999999998485        1.4511355447121555E-008
   9.1999999999998483        1.3941533465337784E-008
   9.2099999999998481        1.3394841130484659E-008
   9.2199999999998479        1.2870260738097258E-008
   9.2299999999998477        1.2365803138539532E-008
   9.2399999999998474        1.1880635664521977E-008
   9.2499999999998472        1.1414804575338459E-008
   9.2599999999998470        1.0967245907230160E-008
   9.2699999999998468        1.0537126992907578E-008
   9.2799999999998466        1.0124771647427745E-008
   9.2899999999998464        9.7267566830449252E-009
   9.2999999999998462        9.3457651388030700E-009
   9.3099999999998460        8.9789751977766354E-009
   9.3199999999998457        8.6264331192594974E-009
   9.3299999999998455        8.2889253112472823E-009
   9.3399999999998453        7.9641850683407991E-009
   9.3499999999998451        7.6510096488996404E-009
   9.3599999999998449        7.3520358326739097E-009
   9.3699999999998447        7.0631465425099512E-009
   9.3799999999998445        6.7863309280437926E-009
   9.3899999999998442        6.5199699139902969E-009
   9.3999999999998440        6.2638322038801539E-009
   9.4099999999998438        6.0184729092396958E-009
   9.4199999999998436        5.7827355477223942E-009
   9.4299999999998434        5.5556949334510191E-009
   9.4399999999998432        5.3385075487721092E-009
   9.4499999999998430        5.1288141696987317E-009
   9.4599999999998428        4.9282801308098981E-009
   9.4699999999998425        4.7336210222414502E-009
   9.4799999999998423        4.5485838467961595E-009
   9.4899999999998421        4.3703930468423447E-009
   9.4999999999998419        4.1988635852045600E-009
   9.5099999999998417        4.0341804990582503E-009
   9.5199999999998415        3.8765288255788590E-009
   9.5299999999998413        3.7244282673628308E-009
   9.5399999999998411        3.5788040102873844E-009
   9.5499999999998408        3.4389159056507457E-009
   9.5599999999998406        3.3036537304002369E-009
   9.5699999999998404        3.1726474101849688E-009
   9.5799999999998402        3.0497827256892977E-009
   9.5899999999998400        2.9293235244744118E-009
   9.5999999999998398        2.8140453641719957E-009
   9.6099999999998396        2.7041332819574923E-009
   9.6199999999998393        2.5984770547782305E-009
   9.6299999999998391        2.4965215711078742E-009
   9.6399999999998389        2.3986369052973153E-009
   9.6499999999998387        2.3053781688728891E-009
   9.6599999999998385        2.2148949900801411E-009
   9.6699999999998383        2.1271873689190727E-009
   9.6799999999998381        2.0435505656178013E-009
   9.6899999999998379        1.9639845801763258E-009
   9.6999999999998376        1.8868240780156391E-009
   9.7099999999998374        1.8124391334866321E-009
   9.7199999999998372        1.7419399696419759E-009
   9.7299999999998370        1.6731061403763277E-009
   9.7399999999998368        1.6083431289704746E-009
   9.7499999999998366        1.5448753777927399E-009
   9.7599999999998364        1.4843682214221301E-009
   9.7699999999998361        1.4258964739814169E-009
   9.7799999999998359        1.3694601354706033E-009
   9.7899999999998357        1.3161694289423594E-009
   9.7999999999998355        1.2645440569931231E-009
   9.8099999999998353        1.2153241683246758E-009
   9.8199999999998351        1.1679546514106808E-009
   9.8299999999998349        1.1218803947248043E-009
   9.8399999999998347        1.0782116213197143E-009
   9.8499999999998344        1.0347278850900709E-009
   9.8599999999998342        9.9457481801844250E-010
   9.8699999999998340        9.5553197399948609E-010
   9.8799999999998338        9.1870957608587307E-010
   9.8899999999998336        8.8318243840037699E-010
   9.8999999999998334        8.4876552376755267E-010
   9.9099999999998332        8.1434860913472865E-010
   9.9199999999998330        7.8252221495813850E-010
   9.9299999999998327        7.5143596948332953E-010
   9.9399999999998325        7.2127490988574649E-010
   9.9499999999998323        6.9351933356895307E-010
   9.9599999999998321        6.6687398030483119E-010
   9.9699999999998319        6.3985855268981884E-010
   9.9799999999998317        6.1617379423282152E-010
   9.9899999999998315        5.9156384989859744E-010
   9.9999999999998312        5.6843420296793631E-010
