   0.0000000000000000       -1.5938991433994422E-020
   1.0000000000000000E-002   2.1638325723973183E-002
   2.0000000000000000E-002   4.3066145916796840E-002
   2.9999999999999999E-002   6.4086739599285514E-002
   4.0000000000000001E-002   8.4529277207248329E-002
   5.0000000000000003E-002  0.10425772631440006     
   6.0000000000000005E-002  0.12317538083737199     
   7.0000000000000007E-002  0.14122441499713317     
   8.0000000000000002E-002  0.15838063978734668     
   8.9999999999999997E-002  0.17464449273746829     
   9.9999999999999992E-002  0.19003002454296794     
  0.10999999999999999       0.20455405141074390     
  0.11999999999999998       0.21822757554515315     
  0.12999999999999998       0.23105101322138244     
  0.13999999999999999       0.24301382991259396     
  0.14999999999999999       0.25409811253621112     
  0.16000000000000000       0.26428471798118214     
  0.17000000000000001       0.27356018323889741     
  0.18000000000000002       0.28192266845542480     
  0.19000000000000003       0.28938573571967374     
  0.20000000000000004       0.29597950580284477     
  0.21000000000000005       0.30174941840067920     
  0.22000000000000006       0.30675326759507310     
  0.23000000000000007       0.31105734130431251     
  0.24000000000000007       0.31473241627137089     
  0.25000000000000006       0.31785015254264248     
  0.26000000000000006       0.32048019263286764     
  0.27000000000000007       0.32268806631198094     
  0.28000000000000008       0.32453386025012859     
  0.29000000000000009       0.32607153317212273     
  0.30000000000000010       0.32734872809582183     
  0.31000000000000011       0.32840693636077972     
  0.32000000000000012       0.32928188837017341     
  0.33000000000000013       0.33000407246227287     
  0.34000000000000014       0.33059930955385758     
  0.35000000000000014       0.33108933387611600     
  0.36000000000000015       0.33149234812471234     
  0.37000000000000016       0.33182353474385184     
  0.38000000000000017       0.33209551450838998     
  0.39000000000000018       0.33231874987404442     
  0.40000000000000019       0.33250189453275358     
  0.41000000000000020       0.33265209290453740     
  0.42000000000000021       0.33277523445190726     
  0.43000000000000022       0.33287616811148801     
  0.44000000000000022       0.33295888208376234     
  0.45000000000000023       0.33302665390038783     
  0.46000000000000024       0.33308217522991640     
  0.47000000000000025       0.33312765537175332     
  0.48000000000000026       0.33316490687433920     
  0.49000000000000027       0.33319541623007637     
  0.50000000000000022       0.33322040215631910     
  0.51000000000000023       0.33324086358246369     
  0.52000000000000024       0.33325761911950430     
  0.53000000000000025       0.33327133949720855     
  0.54000000000000026       0.33328257420325624     
  0.55000000000000027       0.33329177334852411     
  0.56000000000000028       0.33329930560590276     
  0.57000000000000028       0.33330547292172008     
  0.58000000000000029       0.33331052257794275     
  0.59000000000000030       0.33331465707783525     
  0.60000000000000031       0.33331804224813422     
  0.61000000000000032       0.33332081387701551     
  0.62000000000000033       0.33332308315241582     
  0.63000000000000034       0.33332494111654054     
  0.64000000000000035       0.33332646231478780     
  0.65000000000000036       0.33332770778392479     
  0.66000000000000036       0.33332872749942027     
  0.67000000000000037       0.33332956237967531     
  0.68000000000000038       0.33333024592704597     
  0.69000000000000039       0.33333080557177891     
  0.70000000000000040       0.33333126377252409     
  0.71000000000000041       0.33333163891713957     
  0.72000000000000042       0.33333194606066346     
  0.73000000000000043       0.33333219752923343     
  0.74000000000000044       0.33333240341478665     
  0.75000000000000044       0.33333257197997257     
  0.76000000000000045       0.33333270998975206     
  0.77000000000000046       0.33333282298278133     
  0.78000000000000047       0.33333291549381461     
  0.79000000000000048       0.33333299123559584     
  0.80000000000000049       0.33333305324787316     
  0.81000000000000050       0.33333310401934479     
  0.82000000000000051       0.33333314558772703     
  0.83000000000000052       0.33333317962122166     
  0.84000000000000052       0.33333320748570378     
  0.85000000000000053       0.33333323029949191     
  0.86000000000000054       0.33333324897818245     
  0.87000000000000055       0.33333326427142657     
  0.88000000000000056       0.33333327679295993     
  0.89000000000000057       0.33333328704533921     
  0.90000000000000058       0.33333329544001483     
  0.91000000000000059       0.33333330231389918     
  0.92000000000000060       0.33333330794286181     
  0.93000000000000060       0.33333331255282095     
  0.94000000000000061       0.33333331632878571     
  0.95000000000000062       0.33333331942229499     
  0.96000000000000063       0.33333332195750703     
  0.97000000000000064       0.33333332403617261     
  0.98000000000000065       0.33333332574170937     
  0.99000000000000066       0.33333332714255731     
   1.0000000000000007       0.33333332829496093     
   1.0100000000000007       0.33333332924514564     
   1.0200000000000007       0.33333333003126719     
   1.0300000000000007       0.33333333068485421     
   1.0400000000000007       0.33333333123215930     
   1.0500000000000007       0.33333333169513218     
   1.0600000000000007       0.33333333209235677     
   1.0700000000000007       0.33333333243977958     
   1.0800000000000007       0.33333333275133648     
   1.0900000000000007       0.33333333303953838     
   1.1000000000000008       0.33333333331595594     
   1.1100000000000008       0.33333333359166722     
   1.1200000000000008       0.33333333387775343     
   1.1300000000000008       0.33333333418567840     
   1.1400000000000008       0.33333333452781960     
   1.1500000000000008       0.33333333491790168     
   1.1600000000000008       0.33333333537157273     
   1.1700000000000008       0.33333333590704467     
   1.1800000000000008       0.33333333654581215     
   1.1900000000000008       0.33333333731350656     
   1.2000000000000008       0.33333333824093808     
   1.2100000000000009       0.33333333936532833     
   1.2200000000000009       0.33333334073180454     
   1.2300000000000009       0.33333334239521323     
   1.2400000000000009       0.33333334442230034     
   1.2500000000000009       0.33333334689442828     
   1.2600000000000009       0.33333334991080832     
   1.2700000000000009       0.33333335359250099     
   1.2800000000000009       0.33333335808726300     
   1.2900000000000009       0.33333336357549037     
   1.3000000000000009       0.33333337027743959     
   1.3100000000000009       0.33333337846208111     
   1.3200000000000010       0.33333338845790123     
   1.3300000000000010       0.33333340066606243     
   1.3400000000000010       0.33333341557651169     
   1.3500000000000010       0.33333343378766694     
   1.3600000000000010       0.33333345603039516     
   1.3700000000000010       0.33333348319737383     
   1.3800000000000010       0.33333351637890302     
   1.3900000000000010       0.33333355690666511     
   1.4000000000000010       0.33333360640716048     
   1.4100000000000010       0.33333366686699617     
   1.4200000000000010       0.33333374071261257     
   1.4300000000000010       0.33333383090763313     
   1.4400000000000011       0.33333394107183512     
   1.4500000000000011       0.33333407562638073     
   1.4600000000000011       0.33333423997124884     
   1.4700000000000011       0.33333444070192203     
   1.4800000000000011       0.33333468587406451     
   1.4900000000000011       0.33333498532674494     
   1.5000000000000011       0.33333535107722262     
   1.5100000000000011       0.33333579780311989     
   1.5200000000000011       0.33333634343128554     
   1.5300000000000011       0.33333700985696252     
   1.5400000000000011       0.33333782382207228     
   1.5500000000000012       0.33333881798781273     
   1.5600000000000012       0.33334003224446224     
   1.5700000000000012       0.33334151531087841     
   1.5800000000000012       0.33334332668752226     
   1.5900000000000012       0.33334553904118114     
   1.6000000000000012       0.33334824111642936     
   1.6100000000000012       0.33335154129000255     
   1.6200000000000012       0.33335557190946680     
   1.6300000000000012       0.33336049458856837     
   1.6400000000000012       0.33336650666922213     
   1.6500000000000012       0.33337384910547790     
   1.6600000000000013       0.33338281608012410     
   1.6700000000000013       0.33339376673110349     
   1.6800000000000013       0.33340713944555311     
   1.6900000000000013       0.33342346927561850     
   1.7000000000000013       0.33344340914651632     
   1.7100000000000013       0.33346775566502362     
   1.7200000000000013       0.33349748050055267     
   1.7300000000000013       0.33353376850355321     
   1.7400000000000013       0.33357806395018397     
   1.7500000000000013       0.33363212656009450     
   1.7600000000000013       0.33369809922516935     
   1.7700000000000014       0.33377858970733826     
   1.7800000000000014       0.33387676890351048     
   1.7900000000000014       0.33399648861558362     
   1.8000000000000014       0.33414242206934880     
   1.8100000000000014       0.33432023064209410     
   1.8200000000000014       0.33453676029621759     
   1.8300000000000014       0.33480027094108156     
   1.8400000000000014       0.33512070115951131     
   1.8500000000000014       0.33550996915530068     
   1.8600000000000014       0.33598230801132267     
   1.8700000000000014       0.33655462887192472     
   1.8800000000000014       0.33724689881813674     
   1.8900000000000015       0.33808251021667224     
   1.9000000000000015       0.33908860439733302     
   1.9100000000000015       0.34029629403347178     
   1.9200000000000015       0.34174070552082719     
   1.9300000000000015       0.34346073613614320     
   1.9400000000000015       0.34549839411953265     
   1.9500000000000015       0.34789756967640556     
   1.9600000000000015       0.35070208220368021     
   1.9700000000000015       0.35395287934369229     
   1.9800000000000015       0.35768434496639923     
   1.9900000000000015       0.36191982121871497     
   2.0000000000000013       0.36666666666666664     
   2.0100000000000011       0.37191143412535621     
   2.0200000000000009       0.37761599641009086     
   2.0300000000000007       0.38371557886526125     
   2.0400000000000005       0.39011956743355453     
   2.0500000000000003       0.39671558485582320     
   2.0600000000000001       0.40337669831797984     
   2.0699999999999998       0.40997089590470753     
   2.0799999999999996       0.41637138574048221     
   2.0899999999999994       0.42246604983899805     
   2.0999999999999992       0.42816461256367899     
   2.1099999999999990       0.43340267074526206     
   2.1199999999999988       0.43814245865968460     
   2.1299999999999986       0.44237084762790357     
   2.1399999999999983       0.44609545214635105     
   2.1499999999999981       0.44933980087485342     
   2.1599999999999979       0.45213839784660703     
   2.1699999999999977       0.45453225379251333     
   2.1799999999999975       0.45656520619451008     
   2.1899999999999973       0.45828113066270865     
   2.1999999999999971       0.45972199917700174     
   2.2099999999999969       0.46092666006816901     
   2.2199999999999966       0.46193018489539112     
   2.2299999999999964       0.46276363040697643     
   2.2399999999999962       0.46345408407340882     
   2.2499999999999960       0.46402488835379946     
   2.2599999999999958       0.46449596533949167     
   2.2699999999999956       0.46488418643831220     
   2.2799999999999954       0.46520375017749110     
   2.2899999999999952       0.46546654507002277     
   2.2999999999999949       0.46568248442760368     
   2.3099999999999947       0.46585980681048494     
   2.3199999999999945       0.46600534025253953     
   2.3299999999999943       0.46612473114692943     
   2.3399999999999941       0.46622264024431570     
   2.3499999999999939       0.46630290899263849     
   2.3599999999999937       0.46636869971700989     
   2.3699999999999934       0.46642261309747624     
   2.3799999999999932       0.46646678618472104     
   2.3899999999999930       0.46650297388705858     
   2.3999999999999928       0.46653261652196065     
   2.4099999999999926       0.46655689568566966     
   2.4199999999999924       0.46657678037448497     
   2.4299999999999922       0.46659306500070341     
   2.4399999999999920       0.46660640068888709     
   2.4499999999999917       0.46661732101428055     
   2.4599999999999915       0.46662626315301714     
   2.4699999999999913       0.46663358525038640     
   2.4799999999999911       0.46663958067563743     
   2.4899999999999909       0.46664448971621741     
   2.4999999999999907       0.46664850916790879     
   2.5099999999999905       0.46665180019708913     
   2.5199999999999902       0.46665449478487431     
   2.5299999999999900       0.46665670100786932     
   2.5399999999999898       0.46665850736486125     
   2.5499999999999896       0.46665998632134109     
   2.5599999999999894       0.46666119721294286     
   2.5699999999999892       0.46666218862353603     
   2.5799999999999890       0.46666300033288405     
   2.5899999999999888       0.46666366491168476     
   2.5999999999999885       0.46666420902776384     
   2.6099999999999883       0.46666465451569045     
   2.6199999999999881       0.46666501925263909     
   2.6299999999999879       0.46666531787556126     
   2.6399999999999877       0.46666556236842549     
   2.6499999999999875       0.46666576254303926     
   2.6599999999999873       0.46666592643274607     
   2.6699999999999871       0.46666606061476740     
   2.6799999999999868       0.46666617047413428     
   2.6899999999999866       0.46666626041977805     
   2.6999999999999864       0.46666633406145813     
   2.7099999999999862       0.46666639435462520     
   2.7199999999999860       0.46666644371902144     
   2.7299999999999858       0.46666648413579198     
   2.7399999999999856       0.46666651722698732     
   2.7499999999999853       0.46666654432066473     
   2.7599999999999851       0.46666656650418048     
   2.7699999999999849       0.46666658466783356     
   2.7799999999999847       0.46666659954059164     
   2.7899999999999845       0.46666661171934870     
   2.7999999999999843       0.46666662169288048     
   2.8099999999999841       0.46666662986145713     
   2.8199999999999839       0.46666663655291296     
   2.8299999999999836       0.46666664203579872     
   2.8399999999999834       0.46666664653016271     
   2.8499999999999832       0.46666665021637799     
   2.8599999999999830       0.46666665324238565     
   2.8699999999999828       0.46666665572963012     
   2.8799999999999826       0.46666665777793281     
   2.8899999999999824       0.46666665946949926     
   2.8999999999999821       0.46666666087221820     
   2.9099999999999819       0.46666666204238577     
   2.9199999999999817       0.46666666302696502     
   2.9299999999999815       0.46666666386546968     
   2.9399999999999813       0.46666666459155332     
   2.9499999999999811       0.46666666523435446     
   2.9599999999999809       0.46666666581967226     
   2.9699999999999807       0.46666666637099730     
   2.9799999999999804       0.46666666691045616     
   2.9899999999999802       0.46666666745969904     
   2.9999999999999800       0.46666666804076956     
   3.0099999999999798       0.46666666867698692     
   3.0199999999999796       0.46666666939388546     
   3.0299999999999794       0.46666667022023700     
   3.0399999999999792       0.46666667118920618     
   3.0499999999999790       0.46666667233968023     
   3.0599999999999787       0.46666667371783277     
   3.0699999999999785       0.46666667537897250     
   3.0799999999999783       0.46666667738976847     
   3.0899999999999781       0.46666667983091931     
   3.0999999999999779       0.46666668280039808     
   3.1099999999999777       0.46666668641738024     
   3.1199999999999775       0.46666669082702683     
   3.1299999999999772       0.46666669620631379     
   3.1399999999999770       0.46666670277112943     
   3.1499999999999768       0.46666671078494271     
   3.1599999999999766       0.46666672056937664     
   3.1699999999999764       0.46666673251711260     
   3.1799999999999762       0.46666674710765554     
   3.1899999999999760       0.46666676492657250     
   3.1999999999999758       0.46666678668899825     
   3.2099999999999755       0.46666681326832987     
   3.2199999999999753       0.46666684573128558     
   3.2299999999999751       0.46666688538070905     
   3.2399999999999749       0.46666693380785967     
   3.2499999999999747       0.46666699295627140     
   3.2599999999999745       0.46666706519975137     
   3.2699999999999743       0.46666715343764509     
   3.2799999999999740       0.46666726121119118     
   3.2899999999999738       0.46666739284563358     
   3.2999999999999736       0.46666755362379564     
   3.3099999999999734       0.46666774999807781     
   3.3199999999999732       0.46666798984937957     
   3.3299999999999730       0.46666828280334832     
   3.3399999999999728       0.46666864061661500     
   3.3499999999999726       0.46666907764852639     
   3.3599999999999723       0.46666961143728436     
   3.3699999999999721       0.46667026340357881     
   3.3799999999999719       0.46667105970993705     
   3.3899999999999717       0.46667203231019794     
   3.3999999999999715       0.46667322023116942     
   3.4099999999999713       0.46667467113776279     
   3.4199999999999711       0.46667644324425211     
   3.4299999999999708       0.46667860764806696     
   3.4399999999999706       0.46668125117938514     
   3.4499999999999704       0.46668447988027378     
   3.4599999999999702       0.46668842325207260     
   3.4699999999999700       0.46669323944014490     
   3.4799999999999698       0.46669912156200394     
   3.4899999999999696       0.46670630542977154     
   3.4999999999999694       0.46671507897233827     
   3.5099999999999691       0.46672579372862727     
   3.5199999999999689       0.46673887886313298     
   3.5299999999999687       0.46675485825121371     
   3.5399999999999685       0.46677437129746985     
   3.5499999999999683       0.46679819828937696     
   3.5599999999999681       0.46682729125412858     
   3.5699999999999679       0.46686281148323949     
   3.5799999999999677       0.46690617512116322     
   3.5899999999999674       0.46695910848437000     
   3.5999999999999672       0.46702371508882479     
   3.6099999999999670       0.46710255671652351     
   3.6199999999999668       0.46719875124221105     
   3.6299999999999666       0.46731609035890875     
   3.6399999999999664       0.46745918076431792     
   3.6499999999999662       0.46763361276186832     
   3.6599999999999659       0.46784616052764999     
   3.6699999999999657       0.46810501839932628     
   3.6799999999999655       0.46842007730545532     
   3.6899999999999653       0.46880324465344131     
   3.6999999999999651       0.46926880931778231     
   3.7099999999999649       0.46983385038696573     
   3.7199999999999647       0.47051868347115311     
   3.7299999999999645       0.47134733094216819     
   3.7399999999999642       0.47234799167666064     
   3.7499999999999640       0.47355347093443695     
   3.7599999999999638       0.47500151144306513     
   3.7699999999999636       0.47673494284177420     
   3.7799999999999634       0.47880154011192927     
   3.7899999999999632       0.48125345674251008     
   3.7999999999999630       0.48414608306469770     
   3.8099999999999627       0.48753618686723782     
   3.8199999999999625       0.49147923862200904     
   3.8299999999999623       0.49602592504297444     
   3.8399999999999621       0.50121802382402181     
   3.8499999999999619       0.50708404302976529     
   3.8599999999999617       0.51363528325032504     
   3.8699999999999615       0.52086318276482535     
   3.8799999999999613       0.52873884958777351     
   3.8899999999999610       0.53721546965437639     
   3.8999999999999608       0.54623377107565030     
   3.9099999999999606       0.55572999865766315     
   3.9199999999999604       0.56564510953159675     
   3.9299999999999602       0.57593339476814132     
   3.9399999999999600       0.58656866162474930     
   3.9499999999999598       0.59754652201295033     
   3.9599999999999596       0.60888210010638921     
   3.9699999999999593       0.62060337098301432     
   3.9799999999999591       0.63274115257650976     
   3.9899999999999589       0.64531735004532864     
   3.9999999999999587       0.65833333333327682     
   4.0099999999999589       0.67176030584496027     
   4.0199999999999587       0.68553321187237981     
   4.0299999999999585       0.69954917859963428     
   4.0399999999999583       0.71367078554249219     
   4.0499999999999581       0.72773373054809143     
   4.0599999999999579       0.74155784943340819     
   4.0699999999999577       0.75496003400248435     
   4.0799999999999574       0.76776740903277207     
   4.0899999999999572       0.77982916710705341     
   4.0999999999999570       0.79102571141693934     
   4.1099999999999568       0.80127420424220053     
   4.1199999999999566       0.81053020634991568     
   4.1299999999999564       0.81878570649548088     
   4.1399999999999562       0.82606433926398060     
   4.1499999999999559       0.83241486498982031     
   4.1599999999999557       0.83790400730567449     
   4.1699999999999555       0.84260956221990257     
   4.1799999999999553       0.84661440246792685     
   4.1899999999999551       0.85000169726848840     
   4.1999999999999549       0.85285141600442294     
   4.2099999999999547       0.85523801295764224     
   4.2199999999999545       0.85722909794009428     
   4.2299999999999542       0.85888486735550940     
   4.2399999999999540       0.86025808030408901     
   4.2499999999999538       0.86139439571504028     
   4.2599999999999536       0.86233292534526251     
   4.2699999999999534       0.86310689535760488     
   4.2799999999999532       0.86374434183418347     
   4.2899999999999530       0.86426879153847791     
   4.2999999999999527       0.86469989866695973     
   4.3099999999999525       0.86505402214096871     
   4.3199999999999523       0.86534473733530559     
   4.3299999999999521       0.86558328213259084     
   4.3399999999999519       0.86577894077940343     
   4.3499999999999517       0.86593937094876750     
   4.3599999999999515       0.86607088024510837     
   4.3699999999999513       0.86617865852593445     
   4.3799999999999510       0.86626697214002890     
   4.3899999999999508       0.86633932568406025     
   4.3999999999999506       0.86639859628113203     
   4.4099999999999504       0.86644714476261797     
   4.4199999999999502       0.86648690753455915     
   4.4299999999999500       0.86651947235589277     
   4.4399999999999498       0.86654614076025682     
   4.4499999999999496       0.86656797941789088     
   4.4599999999999493       0.86658586235878066     
   4.4699999999999491       0.86660050565728852     
   4.4799999999999489       0.86661249590685607     
   4.4899999999999487       0.86662231358509945     
   4.4999999999999485       0.86663035221833418     
   4.5099999999999483       0.86663693409556519     
   4.5199999999999481       0.86664232314968237     
   4.5299999999999478       0.86664673551422233     
   4.5399999999999476       0.86665034817356801     
   4.5499999999999474       0.86665330604985702     
   4.5599999999999472       0.86665572780842304     
   4.5699999999999470       0.86665771061303176     
   4.5799999999999468       0.86665933402053419     
   4.5899999999999466       0.86666066317053669     
   4.5999999999999464       0.86666175139748491     
   4.6099999999999461       0.86666264236969848     
   4.6199999999999459       0.86666337184098030     
   4.6299999999999457       0.86666396908485532     
   4.6399999999999455       0.86666445806900272     
   4.6499999999999453       0.86666485841684637     
   4.6599999999999451       0.86666518619494215     
   4.6699999999999449       0.86666545455762534     
   4.6799999999999446       0.86666567427485863     
   4.6899999999999444       0.86666585416442776     
   4.6999999999999442       0.86666600144576289     
   4.7099999999999440       0.86666612202967197     
   4.7199999999999438       0.86666622075553812     
   4.7299999999999436       0.86666630158552604     
   4.7399999999999434       0.86666636776359574     
   4.7499999999999432       0.86666642194567811     
   4.7599999999999429       0.86666646630627742     
   4.7699999999999427       0.86666650262573119     
   4.7799999999999425       0.86666653236166602     
   4.7899999999999423       0.86666655670747061     
   4.7999999999999421       0.86666657664023794     
   4.8099999999999419       0.86666659295993376     
   4.8199999999999417       0.86666660632151704     
   4.8299999999999415       0.86666661726124239     
   4.8399999999999412       0.86666662621815560     
   4.8499999999999410       0.86666663355172890     
   4.8599999999999408       0.86666663955628320     
   4.8699999999999406       0.86666664447280650     
   4.8799999999999404       0.86666664849861208     
   4.8899999999999402       0.86666665179526536     
   4.8999999999999400       0.86666665449507796     
   4.9099999999999397       0.86666665670640863     
   4.9199999999999395       0.86666665851799285     
   4.9299999999999393       0.86666666000254511     
   4.9399999999999391       0.86666666121964309     
   4.9499999999999389       0.86666666221812916     
   4.9599999999999387       0.86666666303808348     
   4.9699999999999385       0.86666666371240697     
   4.9799999999999383       0.86666666426816907     
   4.9899999999999380       0.86666666472766984     
   4.9999999999999378       0.86666666510935075     
   5.0099999999999376       0.86666666542853288     
   5.0199999999999374       0.86666666569802275     
   5.0299999999999372       0.86666666592863828     
   5.0399999999999370       0.86666666612963261     
   5.0499999999999368       0.86666666630907518     
   5.0599999999999365       0.86666666647416712     
   5.0699999999999363       0.86666666663153114     
   5.0799999999999361       0.86666666678748705     
   5.0899999999999359       0.86666666694829031     
   5.0999999999999357       0.86666666712039808     
   5.1099999999999355       0.86666666731071507     
   5.1199999999999353       0.86666666752687760     
   5.1299999999999351       0.86666666777756596     
   5.1399999999999348       0.86666666807283776     
   5.1499999999999346       0.86666666842454332     
   5.1599999999999344       0.86666666884679977     
   5.1699999999999342       0.86666666935655212     
   5.1799999999999340       0.86666666997425901     
   5.1899999999999338       0.86666667072471204     
   5.1999999999999336       0.86666667163802946     
   5.2099999999999334       0.86666667275086284     
   5.2199999999999331       0.86666667410787745     
   5.2299999999999329       0.86666667576353262     
   5.2399999999999327       0.86666667778427875     
   5.2499999999999325       0.86666668025121285     
   5.2599999999999323       0.86666668326334373     
   5.2699999999999321       0.86666668694155513     
   5.2799999999999319       0.86666669143347042     
   5.2899999999999316       0.86666669691936238     
   5.2999999999999314       0.86666670361939968     
   5.3099999999999312       0.86666671180248211     
   5.3199999999999310       0.86666672179701865     
   5.3299999999999308       0.86666673400412797     
   5.3399999999999306       0.86666674891372253     
   5.3499999999999304       0.86666676712417290     
   5.3599999999999302       0.86666678936632613     
   5.3699999999999299       0.86666681653283362     
   5.3799999999999297       0.86666684971397678     
   5.3899999999999295       0.86666689024141996     
   5.3999999999999293       0.86666693974165809     
   5.4099999999999291       0.86666700020128573     
   5.4199999999999289       0.86666707404672816     
   5.4299999999999287       0.86666716424161072     
   5.4399999999999284       0.86666727440569458     
   5.4499999999999282       0.86666740896014371     
   5.4599999999999280       0.86666757330493038     
   5.4699999999999278       0.86666777403554351     
   5.4799999999999276       0.86666801920763548     
   5.4899999999999274       0.86666831866027172     
   5.4999999999999272       0.86666868441071254     
   5.5099999999999270       0.86666913113658217     
   5.5199999999999267       0.86666967676472639     
   5.5299999999999265       0.86667034319038228     
   5.5399999999999263       0.86667115715547494     
   5.5499999999999261       0.86667215132119957     
   5.5599999999999259       0.86667336557784502     
   5.5699999999999257       0.86667484864425026     
   5.5799999999999255       0.86667666002088717     
   5.5899999999999253       0.86667887237453900     
   5.5999999999999250       0.86668157444978366     
   5.6099999999999248       0.86668487462335686     
   5.6199999999999246       0.86668890524281461     
   5.6299999999999244       0.86669382792191363     
   5.6399999999999242       0.86669984000256506     
   5.6499999999999240       0.86670718243882072     
   5.6599999999999238       0.86671614941346031     
   5.6699999999999235       0.86672710006444575     
   5.6799999999999233       0.86674047277888877     
   5.6899999999999231       0.86675680260895149     
   5.6999999999999229       0.86677674247985192     
   5.7099999999999227       0.86680108899835917     
   5.7199999999999225       0.86683081383389093     
   5.7299999999999223       0.86686710183689142     
   5.7399999999999221       0.86691139728351618     
   5.7499999999999218       0.86696545989342855     
   5.7599999999999216       0.86703143255850434     
   5.7699999999999214       0.86711192304067086     
   5.7799999999999212       0.86721010223684303     
   5.7899999999999210       0.86732982194891461     
   5.7999999999999208       0.86747575540267940     
   5.8099999999999206       0.86765356397542659     
   5.8199999999999203       0.86787009362954903     
   5.8299999999999201       0.86813360427441233     
   5.8399999999999199       0.86845403449284186     
   5.8499999999999197       0.86884330248863018     
   5.8599999999999195       0.86931564134465189     
   5.8699999999999193       0.86988796220525288     
   5.8799999999999191       0.87058023215146363     
   5.8899999999999189       0.87141584354999813     
   5.8999999999999186       0.87242193773065724     
   5.9099999999999184       0.87362962736679506     
   5.9199999999999182       0.87507403885414692     
   5.9299999999999180       0.87679406946945992     
   5.9399999999999178       0.87883172745284788     
   5.9499999999999176       0.88123090300971674     
   5.9599999999999174       0.88403541553698706     
   5.9699999999999172       0.88728621267699759     
   5.9799999999999169       0.89101767829969913     
   5.9899999999999167       0.89525315455200749     
   5.9999999999999165       0.89999999999995739     
   6.0099999999999163       0.90524476745864080     
   6.0199999999999161       0.91094932974337472     
   6.0299999999999159       0.91704891219854234     
   6.0399999999999157       0.92345290076683206     
   6.0499999999999154       0.93004891818910240     
   6.0599999999999152       0.93671003165125721     
   6.0699999999999150       0.94330422923799151     
   6.0799999999999148       0.94970471907376175     
   6.0899999999999146       0.95579938317227864     
   6.0999999999999144       0.96149794589696636     
   6.1099999999999142       0.96673600407855342     
   6.1199999999999140       0.97147579199297984     
   6.1299999999999137       0.97570418096120415     
   6.1399999999999135       0.97942878547965506     
   6.1499999999999133       0.98267313420815927     
   6.1599999999999131       0.98547173117991782     
   6.1699999999999129       0.98786558712582706     
   6.1799999999999127       0.98989853952782747     
   6.1899999999999125       0.99161446399602859     
   6.1999999999999122       0.99305533251032330     
   6.2099999999999120       0.99425999340149296     
   6.2199999999999118       0.99526351822871628     
   6.2299999999999116       0.99609696374030365     
   6.2399999999999114       0.99678741740673615     
   6.2499999999999112       0.99735822168712718     
   6.2599999999999110       0.99782929867282077     
   6.2699999999999108       0.99821751977164186     
   6.2799999999999105       0.99853708351082071     
   6.2899999999999103       0.99879987840335216     
   6.2999999999999101       0.99901581776093384     
   6.3099999999999099       0.99919314014381400     
   6.3199999999999097       0.99933867358586914     
   6.3299999999999095       0.99945806448025809     
   6.3399999999999093       0.99955597357764414     
   6.3499999999999091       0.99963624232596582     
   6.3599999999999088       0.99970203305033656     
   6.3699999999999086       0.99975594643080212     
   6.3799999999999084       0.99980011951804471     
   6.3899999999999082       0.99983630722038075     
   6.3999999999999080       0.99986594985528054     
   6.4099999999999078       0.99989022901898617     
   6.4199999999999076       0.99991011370779870     
   6.4299999999999073       0.99992639833401187     
   6.4399999999999071       0.99993973402219005     
   6.4499999999999069       0.99995065434757691     
   6.4599999999999067       0.99995959648630572     
   6.4699999999999065       0.99996691858366504     
   6.4799999999999063       0.99997291400890342     
   6.4899999999999061       0.99997782304946936     
   6.4999999999999059       0.99998184250114264     
   6.5099999999999056       0.99998513353030072     
   6.5199999999999054       0.99998782811805809     
   6.5299999999999052       0.99999003434102063     
   6.5399999999999050       0.99999184069797287     
   6.5499999999999048       0.99999331965440286     
   6.5599999999999046       0.99999453054594478     
   6.5699999999999044       0.99999552195646479     
   6.5799999999999041       0.99999633366572349     
   6.5899999999999039       0.99999699824441457     
   6.5999999999999037       0.99999754236035965     
   6.6099999999999035       0.99999798784812310     
   6.6199999999999033       0.99999835258487180     
   6.6299999999999031       0.99999865120755083     
   6.6399999999999029       0.99999889570011713     
   6.6499999999999027       0.99999909587436808     
   6.6599999999999024       0.99999925976363058     
   6.6699999999999022       0.99999939394510995     
   6.6799999999999020       0.99999950380381430     
   6.6899999999999018       0.99999959374864966     
   6.6999999999999016       0.99999966738934165     
   6.7099999999999014       0.99999972768130274     
   6.7199999999999012       0.99999977704422516     
   6.7299999999999010       0.99999981745919508     
   6.7399999999999007       0.99999985054819196     
   6.7499999999999005       0.99999987763918385     
   6.7599999999999003       0.99999989981942050     
   6.7699999999999001       0.99999991797906784     
   6.7799999999998999       0.99999993284693267     
   6.7899999999998997       0.99999994501971368     
   6.7999999999998995       0.99999995498594541     
   6.8099999999998992       0.99999996314560680     
   6.8199999999998990       0.99999996982617334     
   6.8299999999998988       0.99999997529575935     
   6.8399999999998986       0.99999997977387745     
   6.8499999999998984       0.99999998344025098     
   6.8599999999998982       0.99999998644202381     
   6.8699999999998980       0.99999998889966768     
   6.8799999999998978       0.99999999091181657     
   6.8899999999998975       0.99999999255922456     
   6.8999999999998973       0.99999999390800853     
   6.9099999999998971       0.99999999501229941     
   6.9199999999998969       0.99999999591641575     
   6.9299999999998967       0.99999999665664374     
   6.9399999999998965       0.99999999726269140     
   6.9499999999998963       0.99999999775888149     
   6.9599999999998960       0.99999999816512752     
   6.9699999999998958       0.99999999849773369     
   6.9799999999998956       0.99999999877004797     
   6.9899999999998954       0.99999999899300074     
   6.9999999999998952       0.99999999917553817     
   7.0099999999998950       0.99999999932498784     
   7.0199999999998948       0.99999999944734697     
   7.0299999999998946       0.99999999954752594     
   7.0399999999998943       0.99999999962954556     
   7.0499999999998941       0.99999999969669751     
   7.0599999999998939       0.99999999975167653     
   7.0699999999998937       0.99999999979668996     
   7.0799999999998935       0.99999999983354404     
   7.0899999999998933       0.99999999986371746     
   7.0999999999998931       0.99999999988842103     
   7.1099999999998929       0.99999999990864696     
   7.1199999999998926       0.99999999992520694     
   7.1299999999998924       0.99999999993876421     
   7.1399999999998922       0.99999999994986455     
   7.1499999999998920       0.99999999995895239     
   7.1599999999998918       0.99999999996639288     
   7.1699999999998916       0.99999999997248490     
   7.1799999999998914       0.99999999997747302     
   7.1899999999998911       0.99999999998155620     
   7.1999999999998909       0.99999999998489952     
   7.2099999999998907       0.99999999998763678     
   7.2199999999998905       0.99999999998987754     
   7.2299999999998903       0.99999999999171274     
   7.2399999999998901       0.99999999999321443     
   7.2499999999998899       0.99999999999444478     
   7.2599999999998897       0.99999999999545186     
   7.2699999999998894       0.99999999999627598     
   7.2799999999998892       0.99999999999695099     
   7.2899999999998890       0.99999999999750355     
   7.2999999999998888       0.99999999999795652     
   7.3099999999998886       0.99999999999832689     
   7.3199999999998884       0.99999999999862976     
   7.3299999999998882       0.99999999999887812     
   7.3399999999998879       0.99999999999908140     
   7.3499999999998877       0.99999999999924793     
   7.3599999999998875       0.99999999999938483     
   7.3699999999998873       0.99999999999949596     
   7.3799999999998871       0.99999999999958777     
   7.3899999999998869       0.99999999999966260     
   7.3999999999998867       0.99999999999972333     
   7.4099999999998865       0.99999999999977318     
   7.4199999999998862       0.99999999999981493     
   7.4299999999998860       0.99999999999984823     
   7.4399999999998858       0.99999999999987599     
   7.4499999999998856       0.99999999999989819     
   7.4599999999998854       0.99999999999991662     
   7.4699999999998852       0.99999999999993183     
   7.4799999999998850       0.99999999999994416     
   7.4899999999998847       0.99999999999995393     
   7.4999999999998845       0.99999999999996292     
   7.5099999999998843       0.99999999999996947     
   7.5199999999998841       0.99999999999997524     
   7.5299999999998839       0.99999999999997979     
   7.5399999999998837       0.99999999999998357     
   7.5499999999998835       0.99999999999998623     
   7.5599999999998833       0.99999999999998868     
   7.5699999999998830       0.99999999999999079     
   7.5799999999998828       0.99999999999999245     
   7.5899999999998826       0.99999999999999345     
   7.5999999999998824       0.99999999999999500     
   7.6099999999998822       0.99999999999999578     
   7.6199999999998820       0.99999999999999667     
   7.6299999999998818       0.99999999999999756     
   7.6399999999998816       0.99999999999999767     
   7.6499999999998813       0.99999999999999811     
   7.6599999999998811       0.99999999999999856     
   7.6699999999998809       0.99999999999999878     
   7.6799999999998807       0.99999999999999867     
   7.6899999999998805       0.99999999999999933     
   7.6999999999998803       0.99999999999999933     
   7.7099999999998801       0.99999999999999956     
   7.7199999999998798       0.99999999999999956     
   7.7299999999998796       0.99999999999999978     
   7.7399999999998794        1.0000000000000002     
   7.7499999999998792       0.99999999999999978     
   7.7599999999998790        1.0000000000000002     
   7.7699999999998788       0.99999999999999978     
   7.7799999999998786       0.99999999999999978     
   7.7899999999998784        1.0000000000000000     
   7.7999999999998781        1.0000000000000000     
   7.8099999999998779       0.99999999999999967     
   7.8199999999998777       0.99999999999999967     
   7.8299999999998775       0.99999999999999967     
   7.8399999999998773        1.0000000000000004     
   7.8499999999998771        1.0000000000000004     
   7.8599999999998769        1.0000000000000004     
   7.8699999999998766        1.0000000000000000     
   7.8799999999998764        1.0000000000000000     
   7.8899999999998762        1.0000000000000000     
   7.8999999999998760        1.0000000000000000     
   7.9099999999998758        1.0000000000000000     
   7.9199999999998756        1.0000000000000000     
   7.9299999999998754        1.0000000000000000     
   7.9399999999998752        1.0000000000000000     
   7.9499999999998749        1.0000000000000000     
   7.9599999999998747        1.0000000000000000     
   7.9699999999998745        1.0000000000000000     
   7.9799999999998743        1.0000000000000000     
   7.9899999999998741        1.0000000000000000     
   7.9999999999998739        1.0000000000000000     
   8.0099999999998737        1.0000000000000000     
   8.0199999999998735        1.0000000000000000     
   8.0299999999998732        1.0000000000000000     
   8.0399999999998730        1.0000000000000000     
   8.0499999999998728        1.0000000000000000     
   8.0599999999998726        1.0000000000000000     
   8.0699999999998724        1.0000000000000000     
   8.0799999999998722        1.0000000000000000     
   8.0899999999998720        1.0000000000000000     
   8.0999999999998717        1.0000000000000000     
   8.1099999999998715        1.0000000000000000     
   8.1199999999998713        1.0000000000000000     
   8.1299999999998711        1.0000000000000000     
   8.1399999999998709        1.0000000000000000     
   8.1499999999998707        1.0000000000000000     
   8.1599999999998705        1.0000000000000000     
   8.1699999999998703        1.0000000000000000     
   8.1799999999998700        1.0000000000000000     
   8.1899999999998698        1.0000000000000000     
   8.1999999999998696        1.0000000000000000     
   8.2099999999998694        1.0000000000000000     
   8.2199999999998692        1.0000000000000000     
   8.2299999999998690        1.0000000000000000     
   8.2399999999998688        1.0000000000000000     
   8.2499999999998685        1.0000000000000000     
   8.2599999999998683        1.0000000000000000     
   8.2699999999998681        1.0000000000000000     
   8.2799999999998679        1.0000000000000000     
   8.2899999999998677        1.0000000000000000     
   8.2999999999998675        1.0000000000000000     
   8.3099999999998673        1.0000000000000000     
   8.3199999999998671        1.0000000000000000     
   8.3299999999998668        1.0000000000000000     
   8.3399999999998666        1.0000000000000000     
   8.3499999999998664        1.0000000000000000     
   8.3599999999998662        1.0000000000000000     
   8.3699999999998660        1.0000000000000000     
   8.3799999999998658        1.0000000000000000     
   8.3899999999998656        1.0000000000000000     
   8.3999999999998654        1.0000000000000000     
   8.4099999999998651        1.0000000000000000     
   8.4199999999998649        1.0000000000000000     
   8.4299999999998647        1.0000000000000000     
   8.4399999999998645        1.0000000000000000     
   8.4499999999998643        1.0000000000000000     
   8.4599999999998641        1.0000000000000000     
   8.4699999999998639        1.0000000000000000     
   8.4799999999998636        1.0000000000000000     
   8.4899999999998634        1.0000000000000000     
   8.4999999999998632        1.0000000000000000     
   8.5099999999998630        1.0000000000000000     
   8.5199999999998628        1.0000000000000000     
   8.5299999999998626        1.0000000000000000     
   8.5399999999998624        1.0000000000000000     
   8.5499999999998622        1.0000000000000000     
   8.5599999999998619        1.0000000000000000     
   8.5699999999998617        1.0000000000000000     
   8.5799999999998615        1.0000000000000000     
   8.5899999999998613        1.0000000000000000     
   8.5999999999998611        1.0000000000000000     
   8.6099999999998609        1.0000000000000000     
   8.6199999999998607        1.0000000000000000     
   8.6299999999998604        1.0000000000000000     
   8.6399999999998602        1.0000000000000000     
   8.6499999999998600        1.0000000000000000     
   8.6599999999998598        1.0000000000000000     
   8.6699999999998596        1.0000000000000000     
   8.6799999999998594        1.0000000000000000     
   8.6899999999998592        1.0000000000000000     
   8.6999999999998590        1.0000000000000000     
   8.7099999999998587        1.0000000000000000     
   8.7199999999998585        1.0000000000000000     
   8.7299999999998583        1.0000000000000000     
   8.7399999999998581        1.0000000000000000     
   8.7499999999998579        1.0000000000000000     
   8.7599999999998577        1.0000000000000000     
   8.7699999999998575        1.0000000000000000     
   8.7799999999998573        1.0000000000000000     
   8.7899999999998570        1.0000000000000000     
   8.7999999999998568        1.0000000000000000     
   8.8099999999998566        1.0000000000000000     
   8.8199999999998564        1.0000000000000000     
   8.8299999999998562        1.0000000000000000     
   8.8399999999998560        1.0000000000000000     
   8.8499999999998558        1.0000000000000000     
   8.8599999999998555        1.0000000000000000     
   8.8699999999998553        1.0000000000000000     
   8.8799999999998551        1.0000000000000000     
   8.8899999999998549        1.0000000000000000     
   8.8999999999998547        1.0000000000000000     
   8.9099999999998545        1.0000000000000000     
   8.9199999999998543        1.0000000000000000     
   8.9299999999998541        1.0000000000000000     
   8.9399999999998538        1.0000000000000000     
   8.9499999999998536        1.0000000000000000     
   8.9599999999998534        1.0000000000000000     
   8.9699999999998532        1.0000000000000000     
   8.9799999999998530        1.0000000000000000     
   8.9899999999998528        1.0000000000000000     
   8.9999999999998526        1.0000000000000000     
   9.0099999999998523        1.0000000000000000     
   9.0199999999998521        1.0000000000000000     
   9.0299999999998519        1.0000000000000000     
   9.0399999999998517        1.0000000000000000     
   9.0499999999998515        1.0000000000000000     
   9.0599999999998513        1.0000000000000000     
   9.0699999999998511        1.0000000000000000     
   9.0799999999998509        1.0000000000000000     
   9.0899999999998506        1.0000000000000000     
   9.0999999999998504        1.0000000000000000     
   9.1099999999998502        1.0000000000000000     
   9.1199999999998500        1.0000000000000000     
   9.1299999999998498        1.0000000000000000     
   9.1399999999998496        1.0000000000000000     
   9.1499999999998494        1.0000000000000000     
   9.1599999999998492        1.0000000000000000     
   9.1699999999998489        1.0000000000000000     
   9.1799999999998487        1.0000000000000000     
   9.1899999999998485        1.0000000000000000     
   9.1999999999998483        1.0000000000000000     
   9.2099999999998481        1.0000000000000000     
   9.2199999999998479        1.0000000000000000     
   9.2299999999998477        1.0000000000000000     
   9.2399999999998474        1.0000000000000000     
   9.2499999999998472        1.0000000000000000     
   9.2599999999998470        1.0000000000000000     
   9.2699999999998468        1.0000000000000000     
   9.2799999999998466        1.0000000000000000     
   9.2899999999998464        1.0000000000000000     
   9.2999999999998462        1.0000000000000000     
   9.3099999999998460        1.0000000000000000     
   9.3199999999998457        1.0000000000000000     
   9.3299999999998455        1.0000000000000000     
   9.3399999999998453        1.0000000000000000     
   9.3499999999998451        1.0000000000000000     
   9.3599999999998449        1.0000000000000000     
   9.3699999999998447        1.0000000000000000     
   9.3799999999998445        1.0000000000000000     
   9.3899999999998442        1.0000000000000000     
   9.3999999999998440        1.0000000000000000     
   9.4099999999998438        1.0000000000000000     
   9.4199999999998436        1.0000000000000000     
   9.4299999999998434        1.0000000000000000     
   9.4399999999998432        1.0000000000000000     
   9.4499999999998430        1.0000000000000000     
   9.4599999999998428        1.0000000000000000     
   9.4699999999998425        1.0000000000000000     
   9.4799999999998423        1.0000000000000000     
   9.4899999999998421        1.0000000000000000     
   9.4999999999998419        1.0000000000000000     
   9.5099999999998417        1.0000000000000000     
   9.5199999999998415        1.0000000000000000     
   9.5299999999998413        1.0000000000000000     
   9.5399999999998411        1.0000000000000000     
   9.5499999999998408        1.0000000000000000     
   9.5599999999998406        1.0000000000000000     
   9.5699999999998404        1.0000000000000000     
   9.5799999999998402        1.0000000000000000     
   9.5899999999998400        1.0000000000000000     
   9.5999999999998398        1.0000000000000000     
   9.6099999999998396        1.0000000000000000     
   9.6199999999998393        1.0000000000000000     
   9.6299999999998391        1.0000000000000000     
   9.6399999999998389        1.0000000000000000     
   9.6499999999998387        1.0000000000000000     
   9.6599999999998385        1.0000000000000000     
   9.6699999999998383        1.0000000000000000     
   9.6799999999998381        1.0000000000000000     
   9.6899999999998379        1.0000000000000000     
   9.6999999999998376        1.0000000000000000     
   9.7099999999998374        1.0000000000000000     
   9.7199999999998372        1.0000000000000000     
   9.7299999999998370        1.0000000000000000     
   9.7399999999998368        1.0000000000000000     
   9.7499999999998366        1.0000000000000000     
   9.7599999999998364        1.0000000000000000     
   9.7699999999998361        1.0000000000000000     
   9.7799999999998359        1.0000000000000000     
   9.7899999999998357        1.0000000000000000     
   9.7999999999998355        1.0000000000000000     
   9.8099999999998353        1.0000000000000000     
   9.8199999999998351        1.0000000000000000     
   9.8299999999998349        1.0000000000000000     
   9.8399999999998347        1.0000000000000000     
   9.8499999999998344        1.0000000000000000     
   9.8599999999998342        1.0000000000000000     
   9.8699999999998340        1.0000000000000000     
   9.8799999999998338        1.0000000000000000     
   9.8899999999998336        1.0000000000000000     
   9.8999999999998334        1.0000000000000000     
   9.9099999999998332        1.0000000000000000     
   9.9199999999998330        1.0000000000000000     
   9.9299999999998327        1.0000000000000000     
   9.9399999999998325        1.0000000000000000     
   9.9499999999998323        1.0000000000000000     
   9.9599999999998321        1.0000000000000000     
   9.9699999999998319        1.0000000000000000     
   9.9799999999998317        1.0000000000000000     
   9.9899999999998315        1.0000000000000000     
   9.9999999999998312        1.0000000000000000     
