   0.0000000000000000        2.2937649418614018E-018
   1.0000000000000000E-002   1.0832485249961049E-002
   2.0000000000000000E-002   2.1638325889209029E-002
   2.9999999999999999E-002   3.2391321441441384E-002
   4.0000000000000001E-002   4.3066146249572515E-002
   5.0000000000000003E-002   5.3638753521948475E-002
   6.0000000000000005E-002   6.4086740104063525E-002
   7.0000000000000007E-002   7.4389660238853086E-002
   8.0000000000000002E-002   8.4529277890479065E-002
   8.9999999999999997E-002   9.4489748983741711E-002
   9.9999999999999992E-002  0.10425772718405651     
  0.10999999999999999       0.11382238959418985     
  0.11999999999999998       0.12317538190249776     
  0.12999999999999998       0.13231068595546652     
  0.13999999999999999       0.14122441626718929     
  0.14999999999999999       0.14991455540486434     
  0.16000000000000000       0.15838064127154386     
  0.17000000000000001       0.16662342181693165     
  0.18000000000000002       0.17464449444434385     
  0.19000000000000003       0.18244594818468232     
  0.20000000000000004       0.19003002648028458     
  0.21000000000000005       0.19739882712460091     
  0.22000000000000006       0.20455405358609305     
  0.23000000000000007       0.21149682872309306     
  0.24000000000000007       0.21822757796741177     
  0.25000000000000006       0.22474598468301538     
  0.26000000000000006       0.23105101590292720     
  0.27000000000000007       0.23714101234763493     
  0.28000000000000008       0.24301383287301642     
  0.29000000000000009       0.24866704056388364     
  0.30000000000000010       0.25409811580604363     
  0.31000000000000011       0.25930468094848286     
  0.32000000000000012       0.26428472160677974     
  0.33000000000000013       0.26903679115509349     
  0.34000000000000014       0.27356018728708276     
  0.35000000000000014       0.27785509243649048     
  0.36000000000000015       0.28192267301838358     
  0.37000000000000016       0.28576513559407718     
  0.38000000000000017       0.28938574091998320     
  0.39000000000000018       0.29278877921889829     
  0.40000000000000019       0.29597951179869914     
  0.41000000000000020       0.29896408529946672     
  0.42000000000000021       0.30174942539180977     
  0.43000000000000022       0.30434311676585324     
  0.44000000000000022       0.30675327582989059     
  0.45000000000000023       0.30898842181765857     
  0.46000000000000024       0.31105735108863192     
  0.47000000000000025       0.31296901840574287     
  0.48000000000000026       0.31473242797906309     
  0.49000000000000027       0.31635653613284126     
  0.50000000000000022       0.31785016662989168     
  0.51000000000000023       0.31922193899890433     
  0.52000000000000024       0.32048020965503671     
  0.53000000000000025       0.32163302519393377     
  0.54000000000000026       0.32268808694491680     
  0.55000000000000027       0.32365272568407566     
  0.56000000000000028       0.32453388531684152     
  0.57000000000000028       0.32533811430880838     
  0.58000000000000029       0.32607156367506607     
  0.59000000000000030       0.32673999040065360     
  0.60000000000000031       0.32734876525670931     
  0.61000000000000032       0.32790288407609014     
  0.62000000000000033       0.32840698166914739     
  0.63000000000000034       0.32886534766076070     
  0.64000000000000035       0.32928194364339070     
  0.65000000000000036       0.32966042113449284     
  0.66000000000000036       0.33000413991776839     
  0.67000000000000037       0.33031618642615695     
  0.68000000000000038       0.33059939189821336     
  0.69000000000000039       0.33085635009361397     
  0.70000000000000040       0.33108943441373540     
  0.71000000000000041       0.33130081430820618     
  0.72000000000000042       0.33149247089026640     
  0.73000000000000043       0.33166621171059307     
  0.74000000000000044       0.33182368466424078     
  0.75000000000000044       0.33196639102255970     
  0.76000000000000045       0.33209569760023350     
  0.77000000000000046       0.33221284807446710     
  0.78000000000000047       0.33231897348538880     
  0.79000000000000048       0.33241510195156326     
  0.80000000000000049       0.33250216763776680     
  0.81000000000000050       0.33258101901633413     
  0.82000000000000051       0.33265242646376009     
  0.83000000000000052       0.33271708923409188     
  0.84000000000000052       0.33277564185216091     
  0.85000000000000053       0.33282865996677186     
  0.86000000000000054       0.33287666570296631     
  0.87000000000000055       0.33292013255243902     
  0.88000000000000056       0.33295948983635637     
  0.89000000000000057       0.33299512677658133     
  0.90000000000000058       0.33302739620500493     
  0.91000000000000059       0.33305661794300806     
  0.92000000000000060       0.33308308187734037     
  0.93000000000000060       0.33310705075880065     
  0.94000000000000061       0.33312876274813874     
  0.95000000000000062       0.33314843373090802     
  0.96000000000000063       0.33316625942147116     
  0.97000000000000064       0.33318241727566955     
  0.98000000000000065       0.33319706822877221     
  0.99000000000000066       0.33321035827526224     
   1.0000000000000007       0.33322241990457313     
   1.0100000000000007       0.33323337340601034     
   1.0200000000000007       0.33324332805586304     
   1.0300000000000007       0.33325238319670042     
   1.0400000000000007       0.33326062922046396     
   1.0500000000000007       0.33326814846359171     
   1.0600000000000007       0.33327501602337117     
   1.0700000000000007       0.33328130050325588     
   1.0800000000000007       0.33328706469414932     
   1.0900000000000007       0.33329236619886771     
   1.1000000000000008       0.33329725800488674     
   1.1100000000000008       0.33330178901181357     
   1.1200000000000008       0.33330600451866838     
   1.1300000000000008       0.33330994667483160     
   1.1400000000000008       0.33331365490075615     
   1.1500000000000008       0.33331716628084629     
   1.1600000000000008       0.33332051593351608     
   1.1700000000000008       0.33332373736160031     
   1.1800000000000008       0.33332686278704438     
   1.1900000000000008       0.33332992347224510     
   1.2000000000000008       0.33333295003260238     
   1.2100000000000009       0.33333597274200183     
   1.2200000000000009       0.33333902183511249     
   1.2300000000000009       0.33334212780963263     
   1.2400000000000009       0.33334532173012282     
   1.2500000000000009       0.33334863553874344     
   1.2600000000000009       0.33335210237354002     
   1.2700000000000009       0.33335575689921787     
   1.2800000000000009       0.33335963565270693     
   1.2900000000000009       0.33336377740716661     
   1.3000000000000009       0.33336822355843609     
   1.3100000000000009       0.33337301853679729     
   1.3200000000000010       0.33337821024904440     
   1.3300000000000010       0.33338385055466985     
   1.3400000000000010       0.33338999578079709     
   1.3500000000000010       0.33339670728099224     
   1.3600000000000010       0.33340405204333390     
   1.3700000000000010       0.33341210335337490     
   1.3800000000000010       0.33342094151898666     
   1.3900000000000010       0.33343065466295713     
   1.4000000000000010       0.33344133959166750     
   1.4100000000000010       0.33345310274788187     
   1.4200000000000010       0.33346606125607320     
   1.4300000000000010       0.33348034407059085     
   1.4400000000000011       0.33349609323668172     
   1.4500000000000011       0.33351346527622117     
   1.4600000000000011       0.33353263271017947     
   1.4700000000000011       0.33355378573185324     
   1.4800000000000011       0.33357713404475992     
   1.4900000000000011       0.33360290888192684     
   1.5000000000000011       0.33363136522274206     
   1.5100000000000011       0.33366278422639495     
   1.5200000000000011       0.33369747590111742     
   1.5300000000000011       0.33373578203073845     
   1.5400000000000011       0.33377807938063309     
   1.5500000000000012       0.33382478320676356     
   1.5600000000000012       0.33387635109310276     
   1.5700000000000012       0.33393328714329101     
   1.5800000000000012       0.33399614655338733     
   1.5900000000000012       0.33406554059365778     
   1.6000000000000012       0.33414214202728193     
   1.6100000000000012       0.33422669099325220     
   1.6200000000000012       0.33432000138108525     
   1.6300000000000012       0.33442296772137436     
   1.6400000000000012       0.33453657261529379     
   1.6500000000000012       0.33466189472078667     
   1.6600000000000013       0.33480011730793241     
   1.6700000000000013       0.33495253738756908     
   1.6800000000000013       0.33512057540827439     
   1.6900000000000013       0.33530578550133294     
   1.7000000000000013       0.33550986623911433     
   1.7100000000000013       0.33573467184891576     
   1.7200000000000013       0.33598222379976017     
   1.7300000000000013       0.33625472264745682     
   1.7400000000000013       0.33655455998523193     
   1.7500000000000013       0.33688433030125775     
   1.7600000000000013       0.33724684249152598     
   1.7700000000000014       0.33764513071280611     
   1.7800000000000014       0.33808246418941013     
   1.7900000000000014       0.33856235550528230     
   1.8000000000000014       0.33908856682195371     
   1.8100000000000014       0.33966511336333816     
   1.8200000000000014       0.34029626340161273     
   1.8300000000000014       0.34098653386811678     
   1.8400000000000014       0.34174068060264828     
   1.8500000000000014       0.34256368215099747     
   1.8600000000000014       0.34346071593092403     
   1.8700000000000014       0.34443712552285544     
   1.8800000000000014       0.34549837781541687     
   1.8900000000000015       0.34665000876368829     
   1.9000000000000015       0.34789755661772354     
   1.9100000000000015       0.34924648166910272     
   1.9200000000000015       0.35070207186452113     
   1.9300000000000015       0.35226933406561806     
   1.9400000000000015       0.35395287130664560     
   1.9500000000000015       0.35575674712484212     
   1.9600000000000015       0.35768433890562989     
   1.9700000000000015       0.35973818317921002     
   1.9800000000000015       0.36191981688669356     
   1.9900000000000015       0.36422961974354179     
   2.0000000000000013       0.36666666388411506     
   2.0100000000000011       0.36922857787035379     
   2.0200000000000009       0.37191143277386390     
   2.0300000000000007       0.37470965827226288     
   2.0400000000000005       0.37761599642734184     
   2.0500000000000003       0.38062149994736616     
   2.0600000000000001       0.38371558024255498     
   2.0699999999999998       0.38688610847876936     
   2.0799999999999996       0.39011957021561555     
   2.0899999999999994       0.39340127124381424     
   2.0999999999999992       0.39671558914292698     
   2.1099999999999990       0.40004626213268152     
   2.1199999999999988       0.40337670427031569     
   2.1299999999999986       0.40669033420667805     
   2.1399999999999983       0.40997090374932105     
   2.1499999999999981       0.41320281249450397     
   2.1599999999999979       0.41637139578082139     
   2.1699999999999977       0.41946317507890762     
   2.1799999999999975       0.42246606246749852     
   2.1899999999999973       0.42536951380225535     
   2.1999999999999971       0.42816462827778246     
   2.2099999999999969       0.43084419504667021     
   2.2199999999999966       0.43340269016757266     
   2.2299999999999964       0.43583622924019083     
   2.2399999999999962       0.43814248256296318     
   2.2499999999999960       0.44032056049531548     
   2.2599999999999958       0.44237087696607719     
   2.2699999999999956       0.44429499882404877     
   2.2799999999999954       0.44609548809258609     
   2.2899999999999952       0.44777574328354508     
   2.2999999999999949       0.44933984486852624     
   2.3099999999999947       0.45079240889440525     
   2.3199999999999945       0.45213845165089472     
   2.3299999999999943       0.45338326730643475     
   2.3399999999999941       0.45453231956495005     
   2.3499999999999939       0.45559114767739434     
   2.3599999999999937       0.45656528657343920     
   2.3699999999999934       0.45746020045218838     
   2.3799999999999932       0.45828122887307221     
   2.3899999999999930       0.45903354420072662     
   2.3999999999999928       0.45972211915967048     
   2.4099999999999926       0.46035170322951474     
   2.4199999999999924       0.46092680663796010     
   2.4299999999999922       0.46145169077405929     
   2.4399999999999920       0.46193036393433129     
   2.4499999999999917       0.46236658141835030     
   2.4599999999999915       0.46276384910029289     
   2.4699999999999913       0.46312542971443066     
   2.4799999999999911       0.46345435119782613     
   2.4899999999999909       0.46375341653375024     
   2.4999999999999907       0.46402521462979895     
   2.5099999999999905       0.46427213184620653     
   2.5199999999999902       0.46449636386152998     
   2.5299999999999900       0.46469992762520579     
   2.5399999999999898       0.46488467320029586     
   2.5499999999999896       0.46505229534422748     
   2.5599999999999894       0.46520434471468947     
   2.5699999999999892       0.46534223861780022     
   2.5799999999999890       0.46546727124299403     
   2.5899999999999888       0.46558062334856681     
   2.5999999999999885       0.46568337137982518     
   2.6099999999999883       0.46577649601419741     
   2.6199999999999881       0.46586089013788456     
   2.6299999999999879       0.46593736626713295     
   2.6399999999999877       0.46600666343195152     
   2.6499999999999875       0.46606945354503193     
   2.6599999999999873       0.46612634728088270     
   2.6699999999999871       0.46617789949237487     
   2.6799999999999868       0.46622461419201172     
   2.6899999999999866       0.46626694912663474     
   2.6999999999999864       0.46630531997261682     
   2.7099999999999862       0.46634010417922889     
   2.7199999999999860       0.46637164448604557     
   2.7299999999999858       0.46640025213956549     
   2.7399999999999856       0.46642620983303862     
   2.7499999999999853       0.46644977439205049     
   2.7599999999999851       0.46647117922682013     
   2.7699999999999849       0.46649063657162898     
   2.7799999999999847       0.46650833952954579     
   2.7899999999999845       0.46652446394003094     
   2.7999999999999843       0.46653917008549889     
   2.8099999999999841       0.46655260425168293     
   2.8199999999999839       0.46656490015586166     
   2.8299999999999836       0.46657618025581621     
   2.8399999999999834       0.46658655695117451     
   2.8499999999999832       0.46659613368870229     
   2.8599999999999830       0.46660500598119536     
   2.8699999999999828       0.46661326235014450     
   2.8799999999999826       0.46662098520062706     
   2.8899999999999824       0.46662825163697613     
   2.8999999999999821       0.46663513422681202     
   2.9099999999999819       0.46664170172118768     
   2.9199999999999817       0.46664801973720926     
   2.9299999999999815       0.46665415141037331     
   2.9399999999999813       0.46666015802246097     
   2.9499999999999811       0.46666609961147265     
   2.9599999999999809       0.46667203556932674     
   2.9699999999999807       0.46667802523338353     
   2.9799999999999804       0.46668412847736429     
   2.9899999999999802       0.46669040630775310     
   2.9999999999999800       0.46669692147122799     
   3.0099999999999798       0.46670373907929957     
   3.0199999999999796       0.46671092725621072     
   3.0299999999999794       0.46671855781635146     
   3.0399999999999792       0.46672670697790719     
   3.0499999999999790       0.46673545611967487     
   3.0599999999999787       0.46674489258823754     
   3.0699999999999785       0.46675511056347602     
   3.0799999999999783       0.46676621199058344     
   3.0899999999999781       0.46677830758758160     
   3.0999999999999779       0.46679151793785734     
   3.1099999999999777       0.46680597467816531     
   3.1199999999999775       0.46682182179287679     
   3.1299999999999772       0.46683921702706060     
   3.1399999999999770       0.46685833343091515     
   3.1499999999999768       0.46687936104998923     
   3.1599999999999766       0.46690250877616907     
   3.1699999999999764       0.46692800637626292     
   3.1799999999999762       0.46695610671571242     
   3.1899999999999760       0.46698708819700818     
   3.1999999999999758       0.46702125743323614     
   3.2099999999999755       0.46705895217938231     
   3.2199999999999753       0.46710054454520211     
   3.2299999999999751       0.46714644451522153     
   3.2399999999999749       0.46719710380336343     
   3.2499999999999747       0.46725302007075420     
   3.2599999999999745       0.46731474153753449     
   3.2699999999999743       0.46738287202043322     
   3.2799999999999740       0.46745807642917464     
   3.2899999999999738       0.46754108675608819     
   3.2999999999999736       0.46763270859328449     
   3.3099999999999734       0.46773382821209891     
   3.3199999999999732       0.46784542023895381     
   3.3299999999999730       0.46796855595952808     
   3.3399999999999728       0.46810441228075284     
   3.3499999999999726       0.46825428137596820     
   3.3599999999999723       0.46841958103182468     
   3.3699999999999721       0.46860186570787421     
   3.3799999999999719       0.46880283830799202     
   3.3899999999999717       0.46902436264897085     
   3.3999999999999715       0.46926847659291249     
   3.4099999999999713       0.46953740578755260     
   3.4199999999999711       0.46983357792985314     
   3.4299999999999708       0.47015963743466055     
   3.4399999999999706       0.47051846034789535     
   3.4499999999999704       0.47091316929523980     
   3.4599999999999702       0.47134714819912110     
   3.4699999999999700       0.47182405642998226     
   3.4799999999999698       0.47234784198123292     
   3.4899999999999696       0.47292275317124771     
   3.4999999999999694       0.47355334828102635     
   3.5099999999999691       0.47424450243335203     
   3.5199999999999689       0.47500141091229281     
   3.5299999999999687       0.47582958801249442     
   3.5399999999999685       0.47673486040348312     
   3.5499999999999683       0.47772335390081827     
   3.5599999999999681       0.47880147246394017     
   3.5699999999999679       0.47997586820211602     
   3.5799999999999677       0.48125340117883003     
   3.5899999999999674       0.48264108787988719     
   3.5999999999999672       0.48414603736777345     
   3.6099999999999670       0.48577537440611657     
   3.6199999999999668       0.48753614922008615     
   3.6299999999999666       0.48943523407724865     
   3.6399999999999664       0.49147920753657909     
   3.6499999999999662       0.49367422802076105     
   3.6599999999999659       0.49602589930189239     
   3.6699999999999657       0.49853913152109103     
   3.6799999999999655       0.50121800243322856     
   3.6899999999999653       0.50406562460308957     
   3.6999999999999651       0.50708402517992246     
   3.7099999999999649       0.51027404552962841     
   3.7199999999999647       0.51363526828528638     
   3.7299999999999645       0.51716597916983909     
   3.7399999999999642       0.52086317015553940     
   3.7499999999999640       0.52472258909682634     
   3.7599999999999638       0.52873883891036921     
   3.7699999999999636       0.53290552674883318     
   3.7799999999999634       0.53721546057142666     
   3.7899999999999632       0.54166088726881767     
   3.7999999999999630       0.54623376331983053     
   3.8099999999999627       0.55092604613119056     
   3.8199999999999625       0.55572999201748596     
   3.8299999999999623       0.56063844544483532     
   3.8399999999999621       0.56564510383907984     
   3.8499999999999619       0.57074474299754407     
   3.8599999999999617       0.57593338988837084     
   3.8699999999999615       0.58120843222516150     
   3.8799999999999613       0.58656865744748143     
   3.8899999999999610       0.59201421736246929     
   3.8999999999999608       0.59754651844618834     
   3.9099999999999606       0.60316804142587233     
   3.9199999999999604       0.60888209707174146     
   3.9299999999999602       0.61469252797745766     
   3.9399999999999600       0.62060336841263075     
   3.9499999999999598       0.62661847604230658     
   3.9599999999999596       0.63274115041115875     
   3.9699999999999593       0.63897375358445629     
   3.9799999999999591       0.64531734823327447     
   3.9899999999999589       0.65177136776270417     
   3.9999999999999587       0.65833333182965548     
   4.0099999999999589       0.66499861882013012     
   4.0199999999999587       0.67176030461138836     
   4.0299999999999585       0.67860907432294071     
   4.0399999999999583       0.68553321087664931     
   4.0499999999999581       0.69251866118473593     
   4.0599999999999579       0.69954917781542925     
   4.0699999999999577       0.70660653119800221     
   4.0799999999999574       0.71367078494912917     
   4.0899999999999572       0.72072062481958643     
   4.0999999999999570       0.72773373013027198     
   4.1099999999999568       0.73468717540220574     
   4.1199999999999566       0.74155784918103484     
   4.1299999999999564       0.74832287679081055     
   4.1399999999999562       0.75496003391057231     
   4.1499999999999559       0.76144813843903625     
   4.1599999999999557       0.76776740910158192     
   4.1699999999999555       0.77389978065486953     
   4.1799999999999553       0.77982916734220042     
   4.1899999999999551       0.78554166839999151     
   4.1999999999999549       0.79102571182998360     
   4.2099999999999547       0.79627213520769258     
   4.2199999999999545       0.80127420485116863     
   4.2299999999999542       0.80602757705705652     
   4.2399999999999540       0.81053020718025826     
   4.2499999999999538       0.81478221395737005     
   4.2599999999999536       0.81878570758119495     
   4.2699999999999534       0.82254459058828822     
   4.2799999999999532       0.82606434064908230     
   4.2899999999999530       0.82935178391086073     
   4.2999999999999527       0.83241486673016318     
   4.3099999999999525       0.83526243255336041     
   4.3199999999999523       0.83790400947130095     
   4.3299999999999521       0.84034961268869612     
   4.3399999999999519       0.84260956489779593     
   4.3499999999999517       0.84469433639439861     
   4.3599999999999515       0.84661440576563540     
   4.3699999999999513       0.84838014113937954     
   4.3799999999999510       0.85000170131842545     
   4.3899999999999508       0.85148895562892002     
   4.3999999999999506       0.85285142096911293     
   4.4099999999999504       0.85409821433928734     
   4.4199999999999502       0.85523801903636409     
   4.4299999999999500       0.85627906269034115     
   4.4399999999999498       0.85722910537682295     
   4.4499999999999496       0.85809543614669270     
   4.4599999999999493       0.85888487644869416     
   4.4699999999999491       0.85960378907504720     
   4.4799999999999489       0.86025809141869469     
   4.4899999999999487       0.86085327199081296     
   4.4999999999999485       0.86139440929714073     
   4.5099999999999483       0.86188619231496089     
   4.5199999999999481       0.86233294193990984     
   4.5299999999999478       0.86273863288678276     
   4.5399999999999476       0.86310691563083353     
   4.5499999999999474       0.86344113806183309     
   4.5599999999999472       0.86374436659965215     
   4.5699999999999470       0.86401940658215171     
   4.5799999999999468       0.86426882179005904     
   4.5899999999999466       0.86449495301563528     
   4.5999999999999464       0.86469993561877345     
   4.6099999999999461       0.86488571604173925     
   4.6199999999999459       0.86505406727605072     
   4.6299999999999457       0.86520660329342280     
   4.6399999999999455       0.86534479246503904     
   4.6499999999999453       0.86546997000357762     
   4.6599999999999451       0.86558334946955007     
   4.6699999999999449       0.86568603338829364     
   4.6799999999999446       0.86577902302604359     
   4.6899999999999444       0.86586322737622745     
   4.6999999999999442       0.86593947140593486     
   4.7099999999999440       0.86600850361338999     
   4.7199999999999438       0.86607100294447648     
   4.7299999999999436       0.86612758511631538     
   4.7399999999999434       0.86617880839187256     
   4.7499999999999432       0.86622517884958017     
   4.7599999999999429       0.86626715518716302     
   4.7699999999999427       0.86630515309857403     
   4.7799999999999425       0.86633954925864709     
   4.7899999999999423       0.86637068494910485     
   4.7999999999999421       0.86639886935598354     
   4.8099999999999419       0.86642438256737064     
   4.8199999999999417       0.86644747829713564     
   4.8299999999999415       0.86646838635928070     
   4.8399999999999412       0.86648731491453790     
   4.8499999999999410       0.86650445251008257     
   4.8599999999999408       0.86651996993076907     
   4.8699999999999406       0.86653402187904260     
   4.8799999999999404       0.86654674849922908     
   4.8899999999999402       0.86655827676047292     
   4.8999999999999400       0.86656872171132271     
   4.9099999999999397       0.86657818761798167     
   4.9199999999999395       0.86658676899700293     
   4.9299999999999393       0.86659455155241316     
   4.9399999999999391       0.86660161302613092     
   4.9499999999999389       0.86660802397016379     
   4.9599999999999387       0.86661384844779543     
   4.9699999999999385       0.86661914467078460     
   4.9799999999999383       0.86662396557867905     
   4.9899999999999380       0.86662835936599325     
   4.9999999999999378       0.86663236996235504     
   5.0099999999999376       0.86663603747035700     
   5.0199999999999374       0.86663939856545680     
   5.0299999999999372       0.86664248686181067     
   5.0399999999999370       0.86664533324771853     
   5.0499999999999368       0.86664796619392459     
   5.0599999999999365       0.86665041203791482     
   5.0699999999999363       0.86665269524691424     
   5.0799999999999361       0.86665483866234927     
   5.0899999999999359       0.86665686372800477     
   5.0999999999999357       0.86665879070435914     
   5.1099999999999355       0.86666063887104849     
   5.1199999999999353       0.86666242671957194     
   5.1299999999999351       0.86666417213816038     
   5.1399999999999348       0.86666589259057858     
   5.1499999999999346       0.86666760529072906     
   5.1599999999999344       0.86666932737470781     
   5.1699999999999342       0.86667107607214533     
   5.1799999999999340       0.86667286887835593     
   5.1899999999999338       0.86667472372925214     
   5.1999999999999336       0.86667665918053804     
   5.2099999999999334       0.86667869459307723     
   5.2199999999999331       0.86668085032631303     
   5.2299999999999329       0.86668314794151335     
   5.2399999999999327       0.86668561041703562     
   5.2499999999999325       0.86668826237761831     
   5.2599999999999323       0.86669113033998935     
   5.2699999999999321       0.86669424297728681     
   5.2799999999999319       0.86669763140476364     
   5.2899999999999316       0.86670132948976142     
   5.2999999999999314       0.86670537418883387     
   5.3099999999999312       0.86670980591540459     
   5.3199999999999310       0.86671466894153082     
   5.3299999999999308       0.86672001183775882     
   5.3399999999999306       0.86672588795515637     
   5.3499999999999304       0.86673235595437137     
   5.3599999999999302       0.86673948038677551     
   5.3699999999999299       0.86674733233319257     
   5.3799999999999297       0.86675599010633908     
   5.3899999999999295       0.86676554002379014     
   5.3999999999999293       0.86677607725849515     
   5.4099999999999291       0.86678770677513617     
   5.4199999999999289       0.86680054436081078     
   5.4299999999999287       0.86681471775970576     
   5.4399999999999284       0.86683036792208557     
   5.4499999999999282       0.86684765037899980     
   5.4599999999999280       0.86686673675492376     
   5.4699999999999278       0.86688781643187940     
   5.4799999999999276       0.86691109837943503     
   5.4899999999999274       0.86693681316640059     
   5.4999999999999272       0.86696521517121039     
   5.5099999999999270       0.86699658500920607     
   5.5199999999999267       0.86703123219661360     
   5.5299999999999265       0.86706949807202227     
   5.5399999999999263       0.86711175899790160     
   5.5499999999999261       0.86715842986571456     
   5.5599999999999259       0.86720996792960370     
   5.5699999999999257       0.86726687699469240     
   5.5799999999999255       0.86732971198698317     
   5.5899999999999253       0.86739908393239284     
   5.5999999999999250       0.86747566537291332     
   5.6099999999999248       0.86756019624753644     
   5.6199999999999246       0.86765349026462679     
   5.6299999999999244       0.86775644179094924     
   5.6399999999999242       0.86787003327943957     
   5.6499999999999240       0.86799534325390515     
   5.6599999999999238       0.86813355486294264     
   5.6699999999999235       0.86828596500761712     
   5.6799999999999233       0.86845399403696411     
   5.6899999999999231       0.86863919599236161     
   5.6999999999999229       0.86884326936472123     
   5.7099999999999227       0.86906806830762262     
   5.7199999999999225       0.86931561422334913     
   5.7299999999999223       0.86958810760734540     
   5.7399999999999221       0.86988793999811287     
   5.7499999999999218       0.87021770583437996     
   5.7599999999999216       0.87058021396727270     
   5.7699999999999214       0.87097849851296993     
   5.7799999999999212       0.87141582865901046     
   5.7899999999999210       0.87189571695601764     
   5.7999999999999208       0.87242192553532527     
   5.8099999999999206       0.87299846959346783     
   5.8199999999999203       0.87362961737779732     
   5.8299999999999201       0.87431988579710773     
   5.8399999999999199       0.87507403067074918     
   5.8499999999999197       0.87589703052591716     
   5.8599999999999195       0.87679406276346872     
   5.8699999999999193       0.87777047094845118     
   5.8799999999999191       0.87883172195545534     
   5.8899999999999189       0.87998335172677067     
   5.8999999999999186       0.88123089850075031     
   5.9099999999999184       0.88257982255824385     
   5.9199999999999182       0.88403541183611956     
   5.9299999999999180       0.88560267318692254     
   5.9399999999999178       0.88728620963654992     
   5.9499999999999176       0.88909008471444684     
   5.9599999999999174       0.89101767579878755     
   5.9699999999999172       0.89307151941299046     
   5.9799999999999169       0.89525315249174342     
   5.9899999999999167       0.89756295474440817     
   5.9999999999999165       0.89999999829952604     
   6.0099999999999163       0.90256191171341171     
   6.0199999999999161       0.90524476605213455     
   6.0299999999999159       0.90804299098792318     
   6.0399999999999157       0.91094932857713340     
   6.0499999999999154       0.91395483152261214     
   6.0599999999999152       0.91704891122901644     
   6.0699999999999150       0.92021943885651103     
   6.0799999999999148       0.92345289995875512     
   6.0899999999999146       0.92673460032025112     
   6.0999999999999144       0.93004891751398511     
   6.1099999999999142       0.93337958975269286     
   6.1199999999999140       0.93671003108610773     
   6.1299999999999137       0.94002366015700922     
   6.1399999999999135       0.94330422876422537     
   6.1499999999999133       0.94653613649454849     
   6.1599999999999131       0.94970471867631368     
   6.1699999999999129       0.95279649676891498     
   6.1799999999999127       0.95579938283883858     
   6.1899999999999125       0.95870283272837276     
   6.1999999999999122       0.96149794561738844     
   6.2099999999999120       0.96417751064242097     
   6.2199999999999118       0.96673600384440905     
   6.2299999999999116       0.96916954080366713     
   6.2399999999999114       0.97147579179719812     
   6.2499999999999112       0.97365386716094449     
   6.2599999999999110       0.97570418079779697     
   6.2699999999999108       0.97762829952804198     
   6.2799999999999105       0.97942878534353861     
   6.2899999999999103       0.98110903672143757     
   6.2999999999999101       0.98267313409500834     
   6.3099999999999099       0.98412569346885792     
   6.3199999999999097       0.98547173108603159     
   6.3299999999999095       0.98671654106343964     
   6.3399999999999093       0.98786558704807181     
   6.3499999999999091       0.98892440822802885     
   6.3599999999999088       0.98989853946353967     
   6.3699999999999086       0.99079344487694621     
   6.3799999999999084       0.99161446394295383     
   6.3899999999999082       0.99236676893247888     
   6.3999999999999080       0.99305533246656064     
   6.4099999999999078       0.99368490391045394     
   6.4199999999999076       0.99425999336545068     
   6.4299999999999073       0.99478486208091621     
   6.4399999999999071       0.99526351819906034     
   6.4499999999999069       0.99569971684882597     
   6.4599999999999067       0.99609696371592271     
   6.4699999999999065       0.99645852132627322     
   6.4799999999999063       0.99678741738670351     
   6.4899999999999061       0.99708645462604184     
   6.4999999999999059       0.99735822167068267     
   6.5099999999999056       0.99760510457007912     
   6.5199999999999054       0.99782929865932601     
   6.5299999999999052       0.99803282050831965     
   6.5399999999999050       0.99821751976057072     
   6.5499999999999048       0.99838509070994985     
   6.5599999999999046       0.99853708350174197     
   6.5699999999999044       0.99867491487586713     
   6.5799999999999041       0.99879987839590900     
   6.5899999999999039       0.99891315412857007     
   6.5999999999999037       0.99901581775483372     
   6.6099999999999035       0.99910884910735343     
   6.6199999999999033       0.99919314013881799     
   6.6299999999999031       0.99926950233370015     
   6.6399999999999029       0.99933867358177053     
   6.6499999999999027       0.99940132453555519     
   6.6599999999999024       0.99945806447690422     
   6.6699999999999022       0.99950944671949660     
   6.6799999999999020       0.99955597357489334     
   6.6899999999999018       0.99959810091002710     
   6.6999999999999016       0.99963624232371395     
   6.7099999999999014       0.99967077296918527     
   6.7199999999999012       0.99970203304849414     
   6.7299999999999010       0.99973033100384157     
   6.7399999999999007       0.99975594642929400     
   6.7499999999999005       0.99977913272528396     
   6.7599999999999003       0.99980011951681047     
   6.7699999999999001       0.99981911485485864     
   6.7799999999998999       0.99983630721936734     
   6.7899999999998997       0.99985186734058107     
   6.7999999999998995       0.99986594985445032     
   6.8099999999998992       0.99987869480663738     
   6.8199999999998990       0.99989022901830538     
   6.8299999999998988       0.99990066732606364     
   6.8399999999998986       0.99991011370724581     
   6.8499999999998984       0.99991866230084103     
   6.8599999999998982       0.99992639833355712     
   6.8699999999998980       0.99993339895955879     
   6.8799999999998978       0.99993973402181857     
   6.8899999999998975       0.99994546674226747     
   6.8999999999998973       0.99995065434727182     
   6.9099999999998971       0.99995534863441871     
   6.9199999999998969       0.99995959648605559     
   6.9299999999998967       0.99996344033449980     
   6.9399999999998965       0.99996691858346054     
   6.9499999999998963       0.99997006598970550     
   6.9599999999998960       0.99997291400873556     
   6.9699999999998958       0.99997549110779826     
   6.9799999999998956       0.99997782304933125     
   6.9899999999998954       0.99997993314759670     
   6.9999999999998952       0.99998184250103139     
   7.0099999999998950       0.99998357020259598     
   7.0199999999998948       0.99998513353020935     
   7.0299999999998946       0.99998654811912757     
   7.0399999999998943       0.99998782811798381     
   7.0499999999998941       0.99998898633002276     
   7.0599999999998939       0.99999003434096034     
   7.0699999999998937       0.99999098263466735     
   7.0799999999998935       0.99999184069792335     
   7.0899999999998933       0.99999261711518139     
   7.0999999999998931       0.99999331965436233     
   7.1099999999998929       0.99999395534448143     
   7.1199999999998926       0.99999453054591048     
   7.1299999999998924       0.99999505101396491     
   7.1399999999998922       0.99999552195643715     
   7.1499999999998920       0.99999594808567471     
   7.1599999999998918       0.99999633366570073     
   7.1699999999998916       0.99999668255485785     
   7.1799999999998914       0.99999699824439514     
   7.1899999999998911       0.99999728389339038     
   7.1999999999998909       0.99999754236034488     
   7.2099999999998907       0.99999777623177855     
   7.2199999999998905       0.99999798784811000     
   7.2299999999998903       0.99999817932706592     
   7.2399999999998901       0.99999835258486203     
   7.2499999999998899       0.99999850935538626     
   7.2599999999998897       0.99999865120754317     
   7.2699999999998894       0.99999877956094119     
   7.2799999999998892       0.99999889570011002     
   7.2899999999998890       0.99999900078735238     
   7.2999999999998888       0.99999909587436231     
   7.3099999999998886       0.99999918191276460     
   7.3199999999998884       0.99999925976362647     
   7.3299999999998882       0.99999933020607545     
   7.3399999999998879       0.99999939394510640     
   7.3499999999998877       0.99999945161861714     
   7.3599999999998875       0.99999950380381064     
   7.3699999999998873       0.99999955102296390     
   7.3799999999998871       0.99999959374864777     
   7.3899999999998869       0.99999963240846712     
   7.3999999999998867       0.99999966738933954     
   7.4099999999998865       0.99999969904135722     
   7.4199999999998862       0.99999972768130141     
   7.4299999999998860       0.99999975359580240     
   7.4399999999998858       0.99999977704422360     
   7.4499999999998856       0.99999979826123886     
   7.4599999999998854       0.99999981745919453     
   7.4699999999998852       0.99999983483022636     
   7.4799999999998850       0.99999985054819229     
   7.4899999999998847       0.99999986477039748     
   7.4999999999998845       0.99999987763918319     
   7.5099999999998843       0.99999988928334393     
   7.5199999999998841       0.99999989981942083     
   7.5299999999998839       0.99999990935285576     
   7.5399999999998837       0.99999991797906707     
   7.5499999999998835       0.99999992578438623     
   7.5599999999998833       0.99999993284693178     
   7.5699999999998830       0.99999993923738872     
   7.5799999999998828       0.99999994501971379     
   7.5899999999998826       0.99999995025177790     
   7.5999999999998824       0.99999995498594552     
   7.6099999999998822       0.99999995926959795     
   7.6199999999998820       0.99999996314560591     
   7.6299999999998818       0.99999996665276403     
   7.6399999999998816       0.99999996982617234     
   7.6499999999998813       0.99999997269759122     
   7.6599999999998811       0.99999997529575835     
   7.6699999999998809       0.99999997764667725     
   7.6799999999998807       0.99999997977387856     
   7.6899999999998805       0.99999998169864834     
   7.6999999999998803       0.99999998344025209     
   7.7099999999998801       0.99999998501612075     
   7.7199999999998798       0.99999998644202492     
   7.7299999999998796       0.99999998773223586     
   7.7399999999998794       0.99999998889966768     
   7.7499999999998792       0.99999998995600403     
   7.7599999999998790       0.99999999091181657     
   7.7699999999998788       0.99999999177667154     
   7.7799999999998786       0.99999999255922456     
   7.7899999999998784       0.99999999326730804     
   7.7999999999998781       0.99999999390800853     
   7.8099999999998779       0.99999999448773802     
   7.8199999999998777       0.99999999501229941     
   7.8299999999998775       0.99999999548694118     
   7.8399999999998773       0.99999999591641575     
   7.8499999999998771       0.99999999630502012     
   7.8599999999998769       0.99999999665664374     
   7.8699999999998766       0.99999999697480668     
   7.8799999999998764       0.99999999726269140     
   7.8899999999998762       0.99999999752318058     
   7.8999999999998760       0.99999999775888149     
   7.9099999999998758       0.99999999797215200     
   7.9199999999998756       0.99999999816512752     
   7.9299999999998754       0.99999999833973885     
   7.9399999999998752       0.99999999849773369     
   7.9499999999998749       0.99999999864069256     
   7.9599999999998747       0.99999999877004797     
   7.9699999999998745       0.99999999888709323     
   7.9799999999998743       0.99999999899300074     
   7.9899999999998741       0.99999999908882942     
   7.9999999999998739       0.99999999917553817     
   8.0099999999998737       0.99999999925399685     
   8.0199999999998735       0.99999999932498784     
   8.0299999999998732       0.99999999938922413     
   8.0399999999998730       0.99999999944734697     
   8.0499999999998728       0.99999999949993856     
   8.0599999999998726       0.99999999954752594     
   8.0699999999998724       0.99999999959058461     
   8.0799999999998722       0.99999999962954556     
   8.0899999999998720       0.99999999966479869     
   8.0999999999998717       0.99999999969669751     
   8.1099999999998715       0.99999999972556031     
   8.1199999999998713       0.99999999975167653     
   8.1299999999998711       0.99999999977530796     
   8.1399999999998709       0.99999999979668996     
   8.1499999999998707       0.99999999981603793     
   8.1599999999998705       0.99999999983354404     
   8.1699999999998703       0.99999999984938459     
   8.1799999999998700       0.99999999986371746     
   8.1899999999998698       0.99999999987668653     
   8.1999999999998696       0.99999999988842103     
   8.2099999999998694       0.99999999989903943     
   8.2199999999998692       0.99999999990864696     
   8.2299999999998690       0.99999999991734045     
   8.2399999999998688       0.99999999992520694     
   8.2499999999998685       0.99999999993232414     
   8.2599999999998683       0.99999999993876421     
   8.2699999999998681       0.99999999994459132     
   8.2799999999998679       0.99999999994986455     
   8.2899999999998677       0.99999999995463573     
   8.2999999999998675       0.99999999995895239     
   8.3099999999998673       0.99999999996285871     
   8.3199999999998671       0.99999999996639288     
   8.3299999999998668       0.99999999996959132     
   8.3399999999998666       0.99999999997248490     
   8.3499999999998664       0.99999999997510325     
   8.3599999999998662       0.99999999997747302     
   8.3699999999998660       0.99999999997961642     
   8.3799999999998658       0.99999999998155620     
   8.3899999999998656       0.99999999998331124     
   8.3999999999998654       0.99999999998489952     
   8.4099999999998651       0.99999999998633615     
   8.4199999999998649       0.99999999998763678     
   8.4299999999998647       0.99999999998881284     
   8.4399999999998645       0.99999999998987754     
   8.4499999999998643       0.99999999999084144     
   8.4599999999998641       0.99999999999171274     
   8.4699999999998639       0.99999999999250100     
   8.4799999999998636       0.99999999999321443     
   8.4899999999998634       0.99999999999386036     
   8.4999999999998632       0.99999999999444478     
   8.5099999999998630       0.99999999999497335     
   8.5199999999998628       0.99999999999545186     
   8.5299999999998626       0.99999999999588451     
   8.5399999999998624       0.99999999999627598     
   8.5499999999998622       0.99999999999663058     
   8.5599999999998619       0.99999999999695099     
   8.5699999999998617       0.99999999999724143     
   8.5799999999998615       0.99999999999750355     
   8.5899999999998613       0.99999999999774147     
   8.5999999999998611       0.99999999999795652     
   8.6099999999998609       0.99999999999815059     
   8.6199999999998607       0.99999999999832689     
   8.6299999999998604       0.99999999999848577     
   8.6399999999998602       0.99999999999862976     
   8.6499999999998600       0.99999999999876021     
   8.6599999999998598       0.99999999999887812     
   8.6699999999998596       0.99999999999898515     
   8.6799999999998594       0.99999999999908140     
   8.6899999999998592       0.99999999999916911     
   8.6999999999998590       0.99999999999924793     
   8.7099999999998587       0.99999999999931977     
   8.7199999999998585       0.99999999999938483     
   8.7299999999998583       0.99999999999944289     
   8.7399999999998581       0.99999999999949596     
   8.7499999999998579       0.99999999999954403     
   8.7599999999998577       0.99999999999958777     
   8.7699999999998575       0.99999999999962708     
   8.7799999999998573       0.99999999999966260     
   8.7899999999998570       0.99999999999969447     
   8.7999999999998568       0.99999999999972333     
   8.8099999999998566       0.99999999999974964     
   8.8199999999998564       0.99999999999977318     
   8.8299999999998562       0.99999999999979516     
   8.8399999999998560       0.99999999999981493     
   8.8499999999998558       0.99999999999983191     
   8.8599999999998555       0.99999999999984823     
   8.8699999999998553       0.99999999999986300     
   8.8799999999998551       0.99999999999987599     
   8.8899999999998549       0.99999999999988753     
   8.8999999999998547       0.99999999999989819     
   8.9099999999998545       0.99999999999990752     
   8.9199999999998543       0.99999999999991662     
   8.9299999999998541       0.99999999999992428     
   8.9399999999998538       0.99999999999993183     
   8.9499999999998536       0.99999999999993816     
   8.9599999999998534       0.99999999999994416     
   8.9699999999998532       0.99999999999994915     
   8.9799999999998530       0.99999999999995393     
   8.9899999999998528       0.99999999999995859     
   8.9999999999998526       0.99999999999996292     
   9.0099999999998523       0.99999999999996647     
   9.0199999999998521       0.99999999999996947     
   9.0299999999998519       0.99999999999997224     
   9.0399999999998517       0.99999999999997524     
   9.0499999999998515       0.99999999999997691     
   9.0599999999998513       0.99999999999997979     
   9.0699999999998511       0.99999999999998157     
   9.0799999999998509       0.99999999999998357     
   9.0899999999998506       0.99999999999998479     
   9.0999999999998504       0.99999999999998623     
   9.1099999999998502       0.99999999999998768     
   9.1199999999998500       0.99999999999998868     
   9.1299999999998498       0.99999999999998979     
   9.1399999999998496       0.99999999999999079     
   9.1499999999998494       0.99999999999999167     
   9.1599999999998492       0.99999999999999245     
   9.1699999999998489       0.99999999999999312     
   9.1799999999998487       0.99999999999999345     
   9.1899999999998485       0.99999999999999434     
   9.1999999999998483       0.99999999999999500     
   9.2099999999998481       0.99999999999999512     
   9.2199999999998479       0.99999999999999578     
   9.2299999999998477       0.99999999999999656     
   9.2399999999998474       0.99999999999999667     
   9.2499999999998472       0.99999999999999656     
   9.2599999999998470       0.99999999999999756     
   9.2699999999998468       0.99999999999999767     
   9.2799999999998466       0.99999999999999767     
   9.2899999999998464       0.99999999999999822     
   9.2999999999998462       0.99999999999999811     
   9.3099999999998460       0.99999999999999833     
   9.3199999999998457       0.99999999999999856     
   9.3299999999998455       0.99999999999999822     
   9.3399999999998453       0.99999999999999878     
   9.3499999999998451       0.99999999999999878     
   9.3599999999998449       0.99999999999999867     
   9.3699999999998447       0.99999999999999944     
   9.3799999999998445       0.99999999999999933     
   9.3899999999998442       0.99999999999999889     
   9.3999999999998440       0.99999999999999933     
   9.4099999999998438       0.99999999999999933     
   9.4199999999998436       0.99999999999999956     
   9.4299999999998434       0.99999999999999922     
   9.4399999999998432       0.99999999999999956     
   9.4499999999998430       0.99999999999999956     
   9.4599999999998428       0.99999999999999978     
   9.4699999999998425       0.99999999999999944     
   9.4799999999998423        1.0000000000000002     
   9.4899999999998421       0.99999999999999978     
   9.4999999999998419       0.99999999999999978     
   9.5099999999998417       0.99999999999999944     
   9.5199999999998415        1.0000000000000002     
   9.5299999999998413       0.99999999999999978     
   9.5399999999998411       0.99999999999999978     
   9.5499999999998408       0.99999999999999978     
   9.5599999999998406       0.99999999999999978     
   9.5699999999998404        1.0000000000000000     
   9.5799999999998402        1.0000000000000000     
   9.5899999999998400        1.0000000000000000     
   9.5999999999998398        1.0000000000000000     
   9.6099999999998396        1.0000000000000000     
   9.6199999999998393       0.99999999999999967     
   9.6299999999998391       0.99999999999999967     
   9.6399999999998389       0.99999999999999967     
   9.6499999999998387       0.99999999999999967     
   9.6599999999998385       0.99999999999999967     
   9.6699999999998383       0.99999999999999967     
   9.6799999999998381        1.0000000000000004     
   9.6899999999998379        1.0000000000000004     
   9.6999999999998376        1.0000000000000004     
   9.7099999999998374        1.0000000000000004     
   9.7199999999998372        1.0000000000000004     
   9.7299999999998370        1.0000000000000000     
   9.7399999999998368        1.0000000000000000     
   9.7499999999998366        1.0000000000000000     
   9.7599999999998364        1.0000000000000000     
   9.7699999999998361        1.0000000000000000     
   9.7799999999998359        1.0000000000000000     
   9.7899999999998357        1.0000000000000000     
   9.7999999999998355        1.0000000000000000     
   9.8099999999998353        1.0000000000000000     
   9.8199999999998351        1.0000000000000000     
   9.8299999999998349        1.0000000000000000     
   9.8399999999998347        1.0000000000000000     
   9.8499999999998344        1.0000000000000000     
   9.8599999999998342        1.0000000000000000     
   9.8699999999998340        1.0000000000000000     
   9.8799999999998338        1.0000000000000000     
   9.8899999999998336        1.0000000000000000     
   9.8999999999998334        1.0000000000000000     
   9.9099999999998332        1.0000000000000000     
   9.9199999999998330        1.0000000000000000     
   9.9299999999998327        1.0000000000000000     
   9.9399999999998325        1.0000000000000000     
   9.9499999999998323        1.0000000000000000     
   9.9599999999998321        1.0000000000000000     
   9.9699999999998319        1.0000000000000000     
   9.9799999999998317        1.0000000000000000     
   9.9899999999998315        1.0000000000000000     
   9.9999999999998312        1.0000000000000000     
