   0.0000000000000000        1.1016303042549983E-018
   1.0000000000000000E-002   7.2233496000008680E-003
   2.0000000000000000E-002   1.4438786185954341E-002
   2.9999999999999999E-002   2.1638455559558827E-002
   4.0000000000000001E-002   2.8814620363386240E-002
   5.0000000000000003E-002   3.5959716531385841E-002
   6.0000000000000005E-002   4.3066407393983826E-002
   7.0000000000000007E-002   5.0127634688632239E-002
   8.0000000000000002E-002   5.7136665755849060E-002
   8.9999999999999997E-002   6.4087136241222795E-002
   9.9999999999999992E-002   7.0973087673863192E-002
  0.10999999999999999        7.7788999354964888E-002
  0.11999999999999998        8.4529814066112832E-002
  0.12999999999999998        9.1190957194781833E-002
  0.13999999999999999        9.7768348977063754E-002
  0.14999999999999999       0.10425840967121197     
  0.16000000000000000       0.11065805759931353     
  0.17000000000000001       0.11696470012710918     
  0.18000000000000002       0.12317621778996292     
  0.19000000000000003       0.12929094191266460     
  0.20000000000000004       0.13530762620701761     
  0.21000000000000005       0.14122541296661983     
  0.22000000000000006       0.14704379459565103     
  0.23000000000000007       0.15276257132061730     
  0.24000000000000007       0.15838180602121180     
  0.25000000000000006       0.16390177718564605     
  0.26000000000000006       0.16932293104332899     
  0.27000000000000007       0.17464583394288530     
  0.28000000000000008       0.17987112603676542     
  0.29000000000000009       0.18499947729853794     
  0.30000000000000010       0.19003154682909279     
  0.31000000000000011       0.19496794632332654     
  0.32000000000000012       0.19980920844682853     
  0.33000000000000013       0.20455576073942383     
  0.34000000000000014       0.20920790550396312     
  0.35000000000000014       0.21376580597117542     
  0.36000000000000015       0.21822947885741192     
  0.37000000000000016       0.22259879325125706     
  0.38000000000000017       0.22687347559035639     
  0.39000000000000018       0.23105312032989675     
  0.40000000000000019       0.23513720574806324     
  0.41000000000000020       0.23912511421376514     
  0.42000000000000021       0.24301615613248975     
  0.43000000000000022       0.24680959671504002     
  0.44000000000000022       0.25050468467073050     
  0.45000000000000023       0.25410068191223262     
  0.46000000000000024       0.25759689337691227     
  0.47000000000000025       0.26099269611893916     
  0.48000000000000026       0.26428756689650995     
  0.49000000000000027       0.26748110757100468     
  0.50000000000000022       0.27057306774658402     
  0.51000000000000023       0.27356336419726052     
  0.52000000000000024       0.27645209675637422     
  0.53000000000000025       0.27923956046679088     
  0.54000000000000026       0.28192625391528930     
  0.55000000000000027       0.28451288378438433     
  0.56000000000000028       0.28700036575689492     
  0.57000000000000028       0.28938982199498847     
  0.58000000000000029       0.29168257548465920     
  0.59000000000000030       0.29388014158972958     
  0.60000000000000031       0.29598421719765577     
  0.61000000000000032       0.29799666785699402     
  0.62000000000000033       0.29991951331648453     
  0.63000000000000034       0.30175491186555231     
  0.64000000000000035       0.30350514386169547     
  0.65000000000000036       0.30517259480384301     
  0.66000000000000036       0.30675973827716002     
  0.67000000000000037       0.30826911906103999     
  0.68000000000000038       0.30970333665059335     
  0.69000000000000039       0.31106502940401032     
  0.70000000000000040       0.31235685948750153     
  0.71000000000000041       0.31358149875183877     
  0.72000000000000042       0.31474161564106207     
  0.73000000000000043       0.31583986319815938     
  0.74000000000000044       0.31687886820729061     
  0.75000000000000044       0.31786122148524620     
  0.76000000000000045       0.31878946931254826     
  0.77000000000000046       0.31966610597838080     
  0.78000000000000047       0.32049356740012613     
  0.79000000000000048       0.32127422576171172     
  0.80000000000000049       0.32201038511387142     
  0.81000000000000050       0.32270427786882888     
  0.82000000000000051       0.32335806211810353     
  0.83000000000000052       0.32397381970519706     
  0.84000000000000052       0.32455355497773469     
  0.85000000000000053       0.32509919415133243     
  0.86000000000000054       0.32561258521645453     
  0.87000000000000055       0.32609549832221657     
  0.88000000000000056       0.32654962657516390     
  0.89000000000000057       0.32697658719811634     
  0.90000000000000058       0.32737792299114010     
  0.91000000000000059       0.32775510404995345     
  0.92000000000000060       0.32810952969351959     
  0.93000000000000060       0.32844253056281530     
  0.94000000000000061       0.32875537085261475     
  0.95000000000000062       0.32904925064420620     
  0.96000000000000063       0.32932530831196305     
  0.97000000000000064       0.32958462297583524     
  0.98000000000000065       0.32982821698043630     
  0.99000000000000066       0.33005705838052013     
   1.0000000000000007       0.33027206341582177     
   1.0100000000000007       0.33047409896489149     
   1.0200000000000007       0.33066398496189797     
   1.0300000000000007       0.33084249677092703     
   1.0400000000000007       0.33101036750911894     
   1.0500000000000007       0.33116829030989503     
   1.0600000000000007       0.33131692052738565     
   1.0700000000000007       0.33145687787358408     
   1.0800000000000007       0.33158874848785402     
   1.0900000000000007       0.33171308693856183     
   1.1000000000000008       0.33183041815600789     
   1.1100000000000008       0.33194123929438163     
   1.1200000000000008       0.33204602152860374     
   1.1300000000000008       0.33214521178181111     
   1.1400000000000008       0.33223923439083192     
   1.1500000000000008       0.33232849270697773     
   1.1600000000000008       0.33241337063801912     
   1.1700000000000008       0.33249423413282669     
   1.1800000000000008       0.33257143261155508     
   1.1900000000000008       0.33264530034449075     
   1.2000000000000008       0.33271615778324620     
   1.2100000000000009       0.33278431284739679     
   1.2200000000000009       0.33285006217006186     
   1.2300000000000009       0.33291369230481255     
   1.2400000000000009       0.33297548089997242     
   1.2500000000000009       0.33303569784039749     
   1.2600000000000009       0.33309460636365279     
   1.2700000000000009       0.33315246415089228     
   1.2800000000000009       0.33320952439928708     
   1.2900000000000009       0.33326603687609352     
   1.3000000000000009       0.33332224896067647     
   1.3100000000000009       0.33337840667571578     
   1.3200000000000010       0.33343475571348641     
   1.3300000000000010       0.33349154245742796     
   1.3400000000000010       0.33354901500486478     
   1.3500000000000010       0.33360742419404615     
   1.3600000000000010       0.33366702463680270     
   1.3700000000000010       0.33372807576168118     
   1.3800000000000010       0.33379084287100691     
   1.3900000000000010       0.33385559821330180     
   1.4000000000000010       0.33392262207511708     
   1.4100000000000010       0.33399220389518008     
   1.4200000000000010       0.33406464340340147     
   1.4300000000000010       0.33414025178684703     
   1.4400000000000011       0.33421935288612015     
   1.4500000000000011       0.33430228442305121     
   1.4600000000000011       0.33438939926325634     
   1.4700000000000011       0.33448106671388411     
   1.4800000000000011       0.33457767385887771     
   1.4900000000000011       0.33467962693193681     
   1.5000000000000011       0.33478735272865678     
   1.5100000000000011       0.33490130005724811     
   1.5200000000000011       0.33502194122732620     
   1.5300000000000011       0.33514977357536690     
   1.5400000000000011       0.33528532102604452     
   1.5500000000000012       0.33542913568458776     
   1.5600000000000012       0.33558179945711902     
   1.5700000000000012       0.33574392569440914     
   1.5800000000000012       0.33591616085090553     
   1.5900000000000012       0.33609918615301815     
   1.6000000000000012       0.33629371926483942     
   1.6100000000000012       0.33650051594118996     
   1.6200000000000012       0.33672037165399771     
   1.6300000000000012       0.33695412317505086     
   1.6400000000000012       0.33720265009722872     
   1.6500000000000012       0.33746687627292687     
   1.6600000000000013       0.33774777114410981     
   1.6700000000000013       0.33804635093698360     
   1.6800000000000013       0.33836367968966830     
   1.6900000000000013       0.33870087007668787     
   1.7000000000000013       0.33905908399278889     
   1.7100000000000013       0.33943953285034939     
   1.7200000000000013       0.33984347754442079     
   1.7300000000000013       0.34027222803190266     
   1.7400000000000013       0.34072714246956254     
   1.7500000000000013       0.34120962584855336     
   1.7600000000000013       0.34172112806230504     
   1.7700000000000014       0.34226314133825336     
   1.7800000000000014       0.34283719696240350     
   1.7900000000000014       0.34344486122379603     
   1.8000000000000014       0.34408773050334379     
   1.8100000000000014       0.34476742543343458     
   1.8200000000000014       0.34548558405478796     
   1.8300000000000014       0.34624385390283907     
   1.8400000000000014       0.34704388295922678     
   1.8500000000000014       0.34788730941544410     
   1.8600000000000014       0.34877575020529056     
   1.8700000000000014       0.34971078827879581     
   1.8800000000000014       0.35069395860759894     
   1.8900000000000015       0.35172673293587514     
   1.9000000000000015       0.35281050331525365     
   1.9100000000000015       0.35394656449364414     
   1.9200000000000015       0.35513609526113249     
   1.9300000000000015       0.35638013889400100     
   1.9400000000000015       0.35767958287855939     
   1.9500000000000015       0.35903513813818272     
   1.9600000000000015       0.36044731803194074     
   1.9700000000000015       0.36191641743618952     
   1.9800000000000015       0.36344249226212916     
   1.9900000000000015       0.36502533980180352     
   2.0000000000000013       0.36666448032651749     
   2.0100000000000011       0.36835914038908651     
   2.0200000000000009       0.37010823829358752     
   2.0300000000000007       0.37191037220424777     
   2.0400000000000005       0.37376381135083064     
   2.0500000000000003       0.37566649076561204     
   2.0600000000000001       0.37761600994381800     
   2.0699999999999998       0.37960963576188672     
   2.0799999999999996       0.38164430991080783     
   2.0899999999999994       0.38371666101601082     
   2.0999999999999992       0.38582302150683057     
   2.1099999999999990       0.38795944918796599     
   2.1199999999999988       0.39012175334482857     
   2.1299999999999986       0.39230552508970901     
   2.1399999999999983       0.39450617153841017     
   2.1499999999999981       0.39671895329245949     
   2.1599999999999979       0.39893902460138247     
   2.1699999999999977       0.40116147549859699     
   2.1799999999999975       0.40338137513927852     
   2.1899999999999973       0.40559381553264268     
   2.1999999999999971       0.40779395484586722     
   2.2099999999999969       0.40997705947423685     
   2.2199999999999966       0.41213854410755618     
   2.2299999999999964       0.41427400908803591     
   2.2399999999999962       0.41637927444090284     
   2.2499999999999960       0.41845041005446909     
   2.2599999999999958       0.42048376160624407     
   2.2699999999999956       0.42247597194609182     
   2.2799999999999954       0.42442399777401740     
   2.2899999999999952       0.42632512156903990     
   2.2999999999999949       0.42817695883868129     
   2.3099999999999947       0.42997746086182553     
   2.3199999999999945       0.43172491318864326     
   2.3299999999999943       0.43341793023232977     
   2.3399999999999941       0.43505544634838661     
   2.3499999999999939       0.43663670383622294     
   2.3599999999999937       0.43816123832416481     
   2.3699999999999934       0.43962886200538370     
   2.3799999999999932       0.44103964519233230     
   2.3899999999999930       0.44239389663706868     
   2.3999999999999928       0.44369214304294641     
   2.4099999999999926       0.44493510815575393     
   2.4199999999999924       0.44612369178895395     
   2.4299999999999922       0.44725894908996622     
   2.4399999999999920       0.44834207031551887     
   2.4499999999999917       0.44937436133785919     
   2.4599999999999915       0.45035722506104386     
   2.4699999999999913       0.45129214388753808     
   2.4799999999999911       0.45218066333678192     
   2.4899999999999909       0.45302437688436969     
   2.4999999999999907       0.45382491205925657     
   2.5099999999999905       0.45458391781226659     
   2.5199999999999902       0.45530305314547126     
   2.5299999999999900       0.45598397697365456     
   2.5399999999999898       0.45662833917614681     
   2.5499999999999896       0.45723777278300420     
   2.5599999999999894       0.45781388723465632     
   2.5699999999999892       0.45835826264284912     
   2.5799999999999890       0.45887244498440255     
   2.5899999999999888       0.45935794215064085     
   2.5999999999999885       0.45981622077876749     
   2.6099999999999883       0.46024870379330801     
   2.6199999999999881       0.46065676858534543     
   2.6299999999999879       0.46104174576243218     
   2.6399999999999877       0.46140491840468295     
   2.6499999999999875       0.46174752176680772     
   2.6599999999999873       0.46207074337089343     
   2.6699999999999871       0.46237572343697519     
   2.6799999999999868       0.46266355560545858     
   2.6899999999999866       0.46293528790794614     
   2.6999999999999864       0.46319192394846509     
   2.7099999999999862       0.46343442425968656     
   2.7199999999999860       0.46366370780374350     
   2.7299999999999858       0.46388065359137093     
   2.7399999999999856       0.46408610239403242     
   2.7499999999999853       0.46428085852975642     
   2.7599999999999851       0.46446569170390523     
   2.7699999999999849       0.46464133889026532     
   2.7799999999999847       0.46480850623935549     
   2.7899999999999845       0.46496787100343889     
   2.7999999999999843       0.46512008346878259     
   2.8099999999999841       0.46526576888964283     
   2.8199999999999839       0.46540552941653546     
   2.8299999999999836       0.46553994601622761     
   2.8399999999999834       0.46566958037978046     
   2.8499999999999832       0.46579497681709553     
   2.8599999999999830       0.46591666413644933     
   2.8699999999999828       0.46603515751015229     
   2.8799999999999826       0.46615096032552439     
   2.8899999999999824       0.46626456602339506     
   2.8999999999999821       0.46637645992532789     
   2.9099999999999819       0.46648712105232948     
   2.9199999999999817       0.46659702393668179     
   2.9299999999999815       0.46670664043076243     
   2.9399999999999813       0.46681644151513485     
   2.9499999999999811       0.46692689910933666     
   2.9599999999999809       0.46703848788905578     
   2.9699999999999807       0.46715168711300847     
   2.9799999999999804       0.46726698246189774     
   2.9899999999999802       0.46738486789489148     
   2.9999999999999800       0.46750584752450419     
   3.0099999999999798       0.46763043751489952     
   3.0199999999999796       0.46775916800515471     
   3.0299999999999794       0.46789258506071374     
   3.0399999999999792       0.46803125265461809     
   3.0499999999999790       0.46817575468114403     
   3.0599999999999787       0.46832669700165896     
   3.0699999999999785       0.46848470952430332     
   3.0799999999999783       0.46865044831684016     
   3.0899999999999781       0.46882459775117113     
   3.0999999999999779       0.46900787267828764     
   3.1099999999999777       0.46920102062939767     
   3.1199999999999775       0.46940482403913858     
   3.1299999999999772       0.46962010248464831     
   3.1399999999999770       0.46984771493320932     
   3.1499999999999768       0.47008856198801924     
   3.1599999999999766       0.47034358812124516     
   3.1699999999999764       0.47061378387994840     
   3.1799999999999762       0.47090018804814643     
   3.1899999999999760       0.47120388974691818     
   3.1999999999999758       0.47152603044833052     
   3.2099999999999755       0.47186780587936994     
   3.2199999999999753       0.47223046778569483     
   3.2299999999999751       0.47261532552269453     
   3.2399999999999749       0.47302374743709596     
   3.2499999999999747       0.47345716199783688     
   3.2599999999999745       0.47391705863121331     
   3.2699999999999743       0.47440498821091720     
   3.2799999999999740       0.47492256314856218     
   3.2899999999999738       0.47547145702737642     
   3.2999999999999736       0.47605340371655508     
   3.3099999999999734       0.47667019590115134     
   3.3199999999999732       0.47732368295915051     
   3.3299999999999730       0.47801576811517238     
   3.3399999999999728       0.47874840479903652     
   3.3499999999999726       0.47952359213842699     
   3.3599999999999723       0.48034336951525264     
   3.3699999999999721       0.48120981012078629     
   3.3799999999999719       0.48212501344923886     
   3.3899999999999717       0.48309109667874456     
   3.3999999999999715       0.48411018490023650     
   3.4099999999999713       0.48518440016905673     
   3.4199999999999711       0.48631584937284927     
   3.4299999999999708       0.48750661093155323     
   3.4399999999999706       0.48875872037012813     
   3.4499999999999704       0.49007415483564060     
   3.4599999999999702       0.49145481666308871     
   3.4699999999999700       0.49290251613064878     
   3.4799999999999698       0.49441895358580068     
   3.4899999999999696       0.49600570116354614     
   3.4999999999999694       0.49766418436179560     
   3.5099999999999691       0.49939566377983413     
   3.5199999999999689       0.50120121736620205     
   3.5299999999999687       0.50308172355796266     
   3.5399999999999685       0.50503784572384902     
   3.5499999999999683       0.50707001834531007     
   3.5599999999999681       0.50917843538170349     
   3.5699999999999679       0.51136304126538812     
   3.5799999999999677       0.51362352495747332     
   3.5899999999999674       0.51595931746533341     
   3.5999999999999672       0.51836959317453224     
   3.6099999999999670       0.52085327528556691     
   3.6199999999999668       0.52340904556250778     
   3.6299999999999666       0.52603535850598748     
   3.6399999999999664       0.52873045995188128     
   3.6499999999999662       0.53149240997726221     
   3.6599999999999659       0.53431910986806475     
   3.6699999999999657       0.53720833277370850     
   3.6799999999999655       0.54015775754814777     
   3.6899999999999653       0.54316500515796429     
   3.6999999999999651       0.54622767693338925     
   3.7099999999999649       0.54934339385066744     
   3.7199999999999647       0.55250983596882441     
   3.7299999999999645       0.55572478110349210     
   3.7399999999999642       0.55898614180769579     
   3.7499999999999640       0.56229199974456112     
   3.7599999999999638       0.56564063657981734     
   3.7699999999999636       0.56903056059127433     
   3.7799999999999634       0.57246052828502003     
   3.7899999999999632       0.57592956042103738     
   3.7999999999999630       0.57943695197903688     
   3.8099999999999627       0.58298227573520500     
   3.8199999999999625       0.58656537926624053     
   3.8299999999999623       0.59018637534519813     
   3.8399999999999621       0.59384562583868827     
   3.8499999999999619       0.59754371935480433     
   3.8599999999999617       0.60128144302056052     
   3.8699999999999615       0.60505974888660807     
   3.8799999999999613       0.60887971556140097     
   3.8899999999999610       0.61274250576824030     
   3.8999999999999608       0.61664932059159128     
   3.9099999999999606       0.62060135124020244     
   3.9199999999999604       0.62459972919563722     
   3.9299999999999602       0.62864547564346462     
   3.9399999999999600       0.63273945109443674     
   3.9499999999999598       0.63688230610003904     
   3.9599999999999596       0.64107443394609998     
   3.9699999999999593       0.64531592617496569     
   3.9799999999999591       0.64960653173598704     
   3.9899999999999589       0.65394562050312888     
   3.9999999999999587       0.65833215182000948     
   4.0099999999999589       0.66276464864632534     
   4.0199999999999587       0.66724117778009773     
   4.0299999999999585       0.67175933652267417     
   4.0399999999999583       0.67631624604128915     
   4.0499999999999581       0.68090855156474817     
   4.0599999999999579       0.68553242943083792     
   4.0699999999999577       0.69018360088622011     
   4.0799999999999574       0.69485735242779900     
   4.0899999999999572       0.69954856236652307     
   4.0999999999999570       0.70425173319995726     
   4.1099999999999568       0.70896102929018989     
   4.1199999999999566       0.71367031926873148     
   4.1299999999999564       0.71837322252770119     
   4.1399999999999562       0.72306315910232510     
   4.1499999999999559       0.72773340221301386     
   4.1599999999999557       0.73237713270711025     
   4.1699999999999555       0.73698749462365742     
   4.1799999999999553       0.74155765110187999     
   4.1899999999999551       0.74608083985795315     
   4.1999999999999549       0.75055042747359046     
   4.2099999999999547       0.75495996176631242     
   4.2199999999999545       0.75930322155062091     
   4.2299999999999542       0.76357426314822030     
   4.2399999999999540       0.76776746306642174     
   4.2499999999999538       0.77187755633201705     
   4.2599999999999536       0.77589967005225302     
   4.2699999999999534       0.77982935185736291     
   4.2799999999999532       0.78366259297913454     
   4.2899999999999530       0.78739584581695465     
   4.2999999999999527       0.79102603594448151     
   4.3099999999999525       0.79455056861182205     
   4.3199999999999523       0.79796732989398067     
   4.3299999999999521       0.80127468272855584     
   4.3399999999999519       0.80447145816470145     
   4.3499999999999517       0.80755694221926944     
   4.3599999999999515       0.81053085878965503     
   4.3699999999999513       0.81339334911814831     
   4.3799999999999510       0.81614494833276496     
   4.3899999999999508       0.81878655960016100     
   4.3999999999999506       0.82131942643048983     
   4.4099999999999504       0.82374510365982612     
   4.4199999999999502       0.82606542761349389     
   4.4299999999999500       0.82828248592067433     
   4.4399999999999498       0.83039858741129891     
   4.4499999999999496       0.83241623247968244     
   4.4599999999999493       0.83433808425276978     
   4.4699999999999491       0.83616694084718723     
   4.4799999999999489       0.83790570895150418     
   4.4899999999999487       0.83955737891967042     
   4.4999999999999485       0.84112500151403358     
   4.5099999999999483       0.84261166639431340     
   4.5199999999999481       0.84402048240824967     
   4.5299999999999478       0.84535455970543927     
   4.5399999999999476       0.84661699366412135     
   4.5499999999999474       0.84781085059637706     
   4.5599999999999472       0.84893915517427410     
   4.5699999999999470       0.85000487950324244     
   4.5799999999999468       0.85101093375574721     
   4.5899999999999466       0.85196015826848237     
   4.5999999999999464       0.85285531699962769     
   4.6099999999999461       0.85369909224077511     
   4.6199999999999459       0.85449408047413766     
   4.6299999999999457       0.85524278926974695     
   4.6399999999999455       0.85594763511654137     
   4.6499999999999453       0.85661094208779809     
   4.6599999999999451       0.85723494124388078     
   4.6699999999999449       0.85782177068225041     
   4.6799999999999446       0.85837347614914050     
   4.6899999999999444       0.85889201213503652     
   4.6999999999999442       0.85937924338070715     
   4.7099999999999440       0.85983694672874300     
   4.7199999999999438       0.86026681325938148     
   4.7299999999999436       0.86067045065782921     
   4.7399999999999434       0.86104938576383561     
   4.7499999999999432       0.86140506726125543     
   4.7599999999999429       0.86173886846906822     
   4.7699999999999427       0.86205209020102147     
   4.7799999999999425       0.86234596366521266     
   4.7899999999999423       0.86262165337768237     
   4.7999999999999421       0.86288026006961405     
   4.8099999999999419       0.86312282356940950     
   4.8199999999999417       0.86335032564483705     
   4.8299999999999415       0.86356369279182765     
   4.8399999999999412       0.86376379896075617     
   4.8499999999999410       0.86395146821094448     
   4.8599999999999408       0.86412747728764927     
   4.8699999999999406       0.86429255811608041     
   4.8799999999999404       0.86444740020961897     
   4.8899999999999402       0.86459265298951238     
   4.8999999999999400       0.86472892801482892     
   4.9099999999999397       0.86485680112266983     
   4.9199999999999395       0.86497681447838248     
   4.9299999999999393       0.86508947853759144     
   4.9399999999999391       0.86519527392074413     
   4.9499999999999389       0.86529465320281240     
   4.9599999999999387       0.86538804261997904     
   4.9699999999999385       0.86547584369632857     
   4.9799999999999383       0.86555843479291350     
   4.9899999999999380       0.86563617258255632     
   4.9999999999999378       0.86570939345338316     
   5.0099999999999376       0.86577841484418738     
   5.0199999999999374       0.86584353651478474     
   5.0299999999999372       0.86590504175531358     
   5.0399999999999370       0.86596319853659043     
   5.0499999999999368       0.86601826060604059     
   5.0599999999999365       0.86607046853149861     
   5.0699999999999363       0.86612005069648434     
   5.0799999999999361       0.86616722425032511     
   5.0899999999999359       0.86621219601574095     
   5.0999999999999357       0.86625516335702790     
   5.1099999999999355       0.86629631501248194     
   5.1199999999999353       0.86633583189293895     
   5.1299999999999351       0.86637388784986735     
   5.1399999999999348       0.86641065041608933     
   5.1499999999999346       0.86644628152096870     
   5.1599999999999344       0.86648093818378757     
   5.1699999999999342       0.86651477318705195     
   5.1799999999999340       0.86654793573267563     
   5.1899999999999338       0.86658057208369277     
   5.1999999999999336       0.86661282619359170     
   5.2099999999999334       0.86664484032606426     
   5.2199999999999331       0.86667675566736835     
   5.2299999999999329       0.86670871293361862     
   5.2399999999999327       0.86674085297563042     
   5.2499999999999325       0.86677331738335972     
   5.2599999999999323       0.86680624909221959     
   5.2699999999999321       0.86683979299397318     
   5.2799999999999319       0.86687409655400305     
   5.2899999999999316       0.86690931043749875     
   5.2999999999999314       0.86694558914673125     
   5.3099999999999312       0.86698309167177001     
   5.3199999999999310       0.86702198215697202     
   5.3299999999999308       0.86706243058507804     
   5.3399999999999306       0.86710461348194212     
   5.3499999999999304       0.86714871464326326     
   5.3599999999999302       0.86719492588649982     
   5.3699999999999299       0.86724344782916496     
   5.3799999999999297       0.86729449069664510     
   5.3899999999999295       0.86734827516108615     
   5.3999999999999293       0.86740503321390972     
   5.4099999999999291       0.86746500907344104     
   5.4199999999999289       0.86752846013022200     
   5.4299999999999287       0.86759565793165205     
   5.4399999999999284       0.86766688920734214     
   5.4499999999999282       0.86774245693749885     
   5.4599999999999280       0.86782268146484498     
   5.4699999999999278       0.86790790165188758     
   5.4799999999999276       0.86799847608398162     
   5.4899999999999274       0.86809478431883114     
   5.4999999999999272       0.86819722818238843     
   5.5099999999999270       0.86830623311082955     
   5.5199999999999267       0.86842224953737257     
   5.5299999999999265       0.86854575432271530     
   5.5399999999999263       0.86867725222606451     
   5.5499999999999261       0.86881727741406534     
   5.5599999999999259       0.86896639500268680     
   5.5699999999999257       0.86912520262685111     
   5.5799999999999255       0.86929433203113571     
   5.5899999999999253       0.86947445067288343     
   5.5999999999999250       0.86966626332769392     
   5.6099999999999248       0.86987051368592161     
   5.6199999999999246       0.87008798592550851     
   5.6299999999999244       0.87031950624533772     
   5.6399999999999242       0.87056594433988677     
   5.6499999999999240       0.87082821479379402     
   5.6599999999999238       0.87110727837127810     
   5.6699999999999235       0.87140414317246928     
   5.6799999999999233       0.87171986562508397     
   5.6899999999999231       0.87205555127568846     
   5.6999999999999229       0.87241235534150863     
   5.7099999999999227       0.87279148297881037     
   5.7199999999999225       0.87319418922000502     
   5.7299999999999223       0.87362177852735312     
   5.7399999999999221       0.87407560390619377     
   5.7499999999999218       0.87455706551725310     
   5.7599999999999216       0.87506760872280198     
   5.7699999999999214       0.87560872149850477     
   5.7799999999999212       0.87618193113942255     
   5.7899999999999210       0.87678880018660577     
   5.7999999999999208       0.87743092149961754     
   5.8099999999999206       0.87810991240044445     
   5.8199999999999203       0.87882740781606528     
   5.8299999999999201       0.87958505235070816     
   5.8399999999999199       0.88038449122483386     
   5.8499999999999197       0.88122736002649060     
   5.8599999999999195       0.88211527323237482     
   5.8699999999999193       0.88304981147074846     
   5.8799999999999191       0.88403250751692242     
   5.8899999999999189       0.88506483103434896     
   5.8999999999999186       0.88614817210042318     
   5.9099999999999184       0.88728382358658342     
   5.9199999999999182       0.88847296249592644     
   5.9299999999999180       0.88971663039942839     
   5.9399999999999178       0.89101571315197270     
   5.9499999999999176       0.89237092011232244     
   5.9599999999999174       0.89378276313465155     
   5.9699999999999172       0.89525153564325166     
   5.9799999999999169       0.89677729214362356     
   5.9899999999999167       0.89835982856189989     
   5.9999999999999165       0.89999866383721094     
   6.0099999999999163       0.90169302321717437     
   6.0199999999999161       0.90344182372214876     
   6.0299999999999159       0.90524366224746433     
   6.0399999999999157       0.90709680676303495     
   6.0499999999999154       0.90899919104419036     
   6.0599999999999152       0.91094841332604581     
   6.0699999999999150       0.91294173921515132     
   6.0799999999999148       0.91497610911745852     
   6.0899999999999146       0.91704815035119591     
   6.0999999999999144       0.91915419401017262     
   6.1099999999999142       0.92129029652895489     
   6.1199999999999140       0.92345226578116191     
   6.1299999999999137       0.92563569141931612     
   6.1399999999999135       0.92783597904438575     
   6.1499999999999133       0.93004838768069531     
   6.1599999999999131       0.93226806993137290     
   6.1699999999999129       0.93449011410635652     
   6.1799999999999127       0.93670958755272204     
   6.1899999999999125       0.93892158037863027     
   6.1999999999999122       0.94112124874951297     
   6.2099999999999120       0.94330385694893759     
   6.2199999999999118       0.94546481743588595     
   6.2299999999999116       0.94759972819378169     
   6.2399999999999114       0.94970440675005086     
   6.2499999999999112       0.95177492034657307     
   6.2599999999999110       0.95380761185383067     
   6.2699999999999108       0.95579912114248344     
   6.2799999999999105       0.95774640174855341     
   6.2899999999999103       0.95964673278861545     
   6.2999999999999101       0.96149772619500706     
   6.3099999999999099       0.96329732944369306     
   6.3199999999999097       0.96504382403728362     
   6.3299999999999095       0.96673582007963232     
   6.3399999999999093       0.96837224733638039     
   6.3499999999999091       0.96995234321686741     
   6.3599999999999088       0.97147563813715898     
   6.3699999999999086       0.97294193873377721     
   6.3799999999999084       0.97435130939337344     
   6.3899999999999082       0.97570405254733450     
   6.3999999999999080       0.97700068815504215     
   6.4099999999999078       0.97824193276604043     
   6.4199999999999076       0.97942867851260540     
   6.4299999999999073       0.98056197234262887     
   6.4399999999999071       0.98164299575851044     
   6.4499999999999069       0.98267304528438570     
   6.4599999999999067       0.98365351384126853     
   6.4699999999999065       0.98458587316930324     
   6.4799999999999063       0.98547165739914178     
   6.4899999999999061       0.98631244784049210     
   6.4999999999999059       0.98710985902565573     
   6.5099999999999056       0.98786552602052968     
   6.5199999999999054       0.98858109299225738     
   6.5299999999999052       0.98925820300559841     
   6.5399999999999050       0.98989848900425892     
   6.5499999999999048       0.99050356592280997     
   6.5599999999999046       0.99107502386560775     
   6.5699999999999044       0.99161442228366092     
   6.5799999999999041       0.99212328507652559     
   6.5899999999999039       0.99260309654463164     
   6.5999999999999037       0.99305529811741700     
   6.6099999999999035       0.99348128578352890     
   6.6199999999999033       0.99388240815196116     
   6.6299999999999031       0.99425996507576742     
   6.6399999999999029       0.99461520677343207     
   6.6499999999999027       0.99494933338730918     
   6.6599999999999024       0.99526349492255095     
   6.6699999999999022       0.99555879151427484     
   6.6799999999999020       0.99583627397518970     
   6.6899999999999018       0.99609694458006204     
   6.6999999999999016       0.99634175804791136     
   6.7099999999999014       0.99657162268623656     
   6.7199999999999012       0.99678740166590918     
   6.7299999999999010       0.99698991439867413     
   6.7399999999999007       0.99717993799249105     
   6.7499999999999005       0.99735820876306980     
   6.7599999999999003       0.99752542378269438     
   6.7699999999999001       0.99768224244998527     
   6.7799999999998999       0.99782928806670712     
   6.7899999999998997       0.99796714940952591     
   6.7999999999998995       0.99809638228669617     
   6.8099999999998992       0.99821751107130474     
   6.8199999999998990       0.99833103020411618     
   6.8299999999998988       0.99843740566040562     
   6.8399999999998986       0.99853707637624045     
   6.8499999999998984       0.99863045563081043     
   6.8599999999998982       0.99871793238214934     
   6.8699999999998980       0.99879987255439695     
   6.8799999999998978       0.99887662027541435     
   6.8899999999998975       0.99894849906407168     
   6.8999999999998973       0.99901581296705599     
   6.9099999999998971       0.99907884764538424     
   6.9199999999998969       0.99913787141116350     
   6.9299999999998967       0.99919313621544414     
   6.9399999999998965       0.99924487858816113     
   6.9499999999998963       0.99929332053138509     
   6.9599999999998960       0.99933867036725688     
   6.9699999999998958       0.99938112354204323     
   6.9799999999998956       0.99942086338783021     
   6.9899999999998954       0.99945806184351027     
   6.9999999999998952       0.99949288013655679     
   7.0099999999998950       0.99952546942738774     
   7.0199999999998948       0.99955597141780095     
   7.0299999999998946       0.99958451892519506     
   7.0399999999998943       0.99961123642415184     
   7.0499999999998941       0.99963624055692901     
   7.0599999999998939       0.99965964061443457     
   7.0699999999998937       0.99968153898916368     
   7.0799999999998935       0.99970203160149296     
   7.0899999999998933       0.99972120830083855     
   7.0999999999998931       0.99973915324288065     
   7.1099999999998929       0.99975594524427180     
   7.1199999999998926       0.99977165811599522     
   7.1299999999998924       0.99978636097660034     
   7.1399999999998922       0.99980011854637829     
   7.1499999999998920       0.99981299142367797     
   7.1599999999998918       0.99982503634425213     
   7.1699999999998916       0.99983630642470511     
   7.1799999999998914       0.99984685139095364     
   7.1899999999998911       0.99985671779255547     
   7.1999999999998909       0.99986594920373861     
   7.2099999999998907       0.99987458641197935     
   7.2199999999998905       0.99988266759478472     
   7.2299999999998903       0.99989022848548836     
   7.2399999999998901       0.99989730252859965     
   7.2499999999998899       0.99990392102551562     
   7.2599999999998897       0.99991011327095991     
   7.2699999999998894       0.99991590668093655     
   7.2799999999998892       0.99992132691255819     
   7.2899999999998890       0.99992639797633187     
   7.2999999999998888       0.99993114234135283     
   7.3099999999998886       0.99993558103382008     
   7.3199999999998884       0.99993973372932554     
   7.3299999999998882       0.99994361883928462     
   7.3399999999998879       0.99994725359186687     
   7.3499999999998877       0.99995065410778883     
   7.3599999999998875       0.99995383547128458     
   7.3699999999998873       0.99995681179655216     
   7.3799999999998871       0.99995959628997388     
   7.3899999999998869       0.99996220130834845     
   7.3999999999998867       0.99996463841341643     
   7.4099999999998865       0.99996691842291618     
   7.4199999999998862       0.99996905145834192     
   7.4299999999998860       0.99997104698968964     
   7.4399999999998858       0.99997291387729126     
   7.4499999999998856       0.99997466041102223     
   7.4599999999998854       0.99997629434696067     
   7.4699999999998852       0.99997782294171123     
   7.4799999999998850       0.99997925298450829     
   7.4899999999998847       0.99998059082731627     
   7.4999999999998845       0.99998184241291510     
   7.5099999999998843       0.99998301330126116     
   7.5199999999998841       0.99998410869410648     
   7.5299999999998839       0.99998513345806539     
   7.5399999999998837       0.99998609214616785     
   7.5499999999998835       0.99998698901806449     
   7.5599999999998833       0.99998782805891417     
   7.5699999999998830       0.99998861299705333     
   7.5799999999998828       0.99998934732053124     
   7.5899999999998826       0.99999003429259603     
   7.5999999999998824       0.99999067696617372     
   7.6099999999998822       0.99999127819740652     
   7.6199999999998820       0.99999184065832825     
   7.6299999999998818       0.99999236684874626     
   7.6399999999998816       0.99999285910732039     
   7.6499999999998813       0.99999331962194660     
   7.6599999999998811       0.99999375043946970     
   7.6699999999998809       0.99999415347479770     
   7.6799999999998807       0.99999453051937048     
   7.6899999999998805       0.99999488324913099     
   7.6999999999998803       0.99999521323197194     
   7.7099999999998801       0.99999552193470653     
   7.7199999999998798       0.99999581072956234     
   7.7299999999998796       0.99999608090030156     
   7.7399999999998794       0.99999633364790774     
   7.7499999999998792       0.99999657009592513     
   7.7599999999998790       0.99999679129546082     
   7.7699999999998788       0.99999699822983301     
   7.7799999999998786       0.99999719181896107     
   7.7899999999998784       0.99999737292345414     
   7.7999999999998781       0.99999754234841864     
   7.8099999999998779       0.99999770084704487     
   7.8199999999998777       0.99999784912395839     
   7.8299999999998775       0.99999798783834715     
   7.8399999999998773       0.99999811760688539     
   7.8499999999998771       0.99999823900649054     
   7.8599999999998769       0.99999835257686776     
   7.8699999999998766       0.99999845882292282     
   7.8799999999998764       0.99999855821700601     
   7.8899999999998762       0.99999865120099674     
   7.8999999999998760       0.99999873818828844     
   7.9099999999998758       0.99999881956561054     
   7.9199999999998756       0.99999889569475209     
   7.9299999999998754       0.99999896691417545     
   7.9399999999998752       0.99999903354051234     
   7.9499999999998749       0.99999909586997471     
   7.9599999999998747       0.99999915417967555     
   7.9699999999998745       0.99999920872885550     
   7.9799999999998743       0.99999925976003490     
   7.9899999999998741       0.99999930750009269     
   7.9999999999998739       0.99999935216128422     
   8.0099999999998737       0.99999939394216664     
   8.0199999999998735       0.99999943302849514     
   8.0299999999998732       0.99999946959405206     
   8.0399999999998730       0.99999950380140357     
   8.0499999999998728       0.99999953580263501     
   8.0599999999998726       0.99999956574002524     
   8.0699999999998724       0.99999959374667580     
   8.0799999999998722       0.99999961994710351     
   8.0899999999998720       0.99999964445779455     
   8.0999999999998717       0.99999966738772617     
   8.1099999999998715       0.99999968883884394     
   8.1199999999998713       0.99999970890652168     
   8.1299999999998711       0.99999972767997891     
   8.1399999999998709       0.99999974524268631     
   8.1499999999998707       0.99999976167272231     
   8.1599999999998705       0.99999977704314158     
   8.1699999999998703       0.99999979142228090     
   8.1799999999998700       0.99999980487406626     
   8.1899999999998698       0.99999981745830757     
   8.1999999999998696       0.99999982923095698     
   8.2099999999998694       0.99999984024435495     
   8.2199999999998692       0.99999985054746665     
   8.2299999999998690       0.99999986018609932     
   8.2399999999998688       0.99999986920311179     
   8.2499999999998685       0.99999987763859011     
   8.2599999999998683       0.99999988553003960     
   8.2699999999998681       0.99999989291254510     
   8.2799999999998679       0.99999989981893400     
   8.2899999999998677       0.99999990627990820     
   8.2999999999998675       0.99999991232419494     
   8.3099999999998673       0.99999991797866827     
   8.3199999999998671       0.99999992326846932     
   8.3299999999998668       0.99999992821711359     
   8.3399999999998666       0.99999993284660560     
   8.3499999999998664       0.99999993717752855     
   8.3599999999998662       0.99999994122913682     
   8.3699999999998660       0.99999994501944556     
   8.3799999999998658       0.99999994856530672     
   8.3899999999998656       0.99999995188248458     
   8.3999999999998654       0.99999995498572647     
   8.4099999999998651       0.99999995788883156     
   8.4199999999998649       0.99999996060470742     
   8.4299999999998647       0.99999996314542772     
   8.4399999999998645       0.99999996552228942     
   8.4499999999998643       0.99999996774586097     
   8.4599999999998641       0.99999996982602701     
   8.4699999999998639       0.99999997177203592     
   8.4799999999998636       0.99999997359254278     
   8.4899999999998634       0.99999997529564022     
   8.4999999999998632       0.99999997688889875     
   8.5099999999998630       0.99999997837940291     
   8.5199999999998628       0.99999997977377852     
   8.5299999999998626       0.99999998107822963     
   8.5399999999998624       0.99999998229855136     
   8.5499999999998622       0.99999998344017083     
   8.5599999999998619       0.99999998450816485     
   8.5699999999998617       0.99999998550727898     
   8.5799999999998615       0.99999998644195864     
   8.5899999999998613       0.99999998731635797     
   8.5999999999998611       0.99999998813436441     
   8.6099999999998609       0.99999998889961472     
   8.6199999999998607       0.99999998961551273     
   8.6299999999998604       0.99999999028523867     
   8.6399999999998602       0.99999999091177150     
   8.6499999999998600       0.99999999149789998     
   8.6599999999998598       0.99999999204622592     
   8.6699999999998596       0.99999999255918726     
   8.6799999999998594       0.99999999303906872     
   8.6899999999998592       0.99999999348799951     
   8.6999999999998590       0.99999999390797956     
   8.7099999999998587       0.99999999430087116     
   8.7199999999998585       0.99999999466842582     
   8.7299999999998583       0.99999999501227532     
   8.7399999999998581       0.99999999533394812     
   8.7499999999998579       0.99999999563487474     
   8.7599999999998577       0.99999999591639688     
   8.7699999999998575       0.99999999617975888     
   8.7799999999998573       0.99999999642613935     
   8.7899999999998570       0.99999999665662742     
   8.7999999999998568       0.99999999687225249     
   8.8099999999998566       0.99999999707397125     
   8.8199999999998564       0.99999999726267785     
   8.8299999999998562       0.99999999743921597     
   8.8399999999998560       0.99999999760436853     
   8.8499999999998558       0.99999999775886994     
   8.8599999999998555       0.99999999790340810     
   8.8699999999998553       0.99999999803862294     
   8.8799999999998551       0.99999999816511909     
   8.8899999999998549       0.99999999828345620     
   8.8999999999998547       0.99999999839416132     
   8.9099999999998545       0.99999999849772780     
   8.9199999999998543       0.99999999859461208     
   8.9299999999998541       0.99999999868524947     
   8.9399999999998538       0.99999999877004231     
   8.9499999999998536       0.99999999884936552     
   8.9599999999998534       0.99999999892357272     
   8.9699999999998532       0.99999999899299674     
   8.9799999999998530       0.99999999905794079     
   8.9899999999998528       0.99999999911869641     
   8.9999999999998526       0.99999999917553384     
   9.0099999999998523       0.99999999922870719     
   9.0199999999998521       0.99999999927844962     
   9.0299999999998519       0.99999999932498518     
   9.0399999999998517       0.99999999936851769     
   9.0499999999998515       0.99999999940924489     
   9.0599999999998513       0.99999999944734397     
   9.0699999999998511       0.99999999948298723     
   9.0799999999998509       0.99999999951633012     
   9.0899999999998506       0.99999999954752383     
   9.0999999999998504       0.99999999957670527     
   9.1099999999998502       0.99999999960400576     
   9.1199999999998500       0.99999999962954322     
   9.1299999999998498       0.99999999965343600     
   9.1399999999998496       0.99999999967578646     
   9.1499999999998494       0.99999999969669495     
   9.1599999999998492       0.99999999971625675     
   9.1699999999998489       0.99999999973455667     
   9.1799999999998487       0.99999999975167397     
   9.1899999999998485       0.99999999976769127     
   9.1999999999998483       0.99999999978267240     
   9.2099999999998481       0.99999999979668830     
   9.2199999999998479       0.99999999980980270     
   9.2299999999998477       0.99999999982206833     
   9.2399999999998474       0.99999999983354326     
   9.2499999999998472       0.99999999984427823     
   9.2599999999998470       0.99999999985432042     
   9.2699999999998468       0.99999999986371768     
   9.2799999999998466       0.99999999987250687     
   9.2899999999998464       0.99999999988072930     
   9.2999999999998462       0.99999999988842025     
   9.3099999999998460       0.99999999989561672     
   9.3199999999998457       0.99999999990234867     
   9.3299999999998455       0.99999999990864608     
   9.3399999999998453       0.99999999991453770     
   9.3499999999998451       0.99999999992005051     
   9.3599999999998449       0.99999999992520705     
   9.3699999999998447       0.99999999993003041     
   9.3799999999998445       0.99999999993454280     
   9.3899999999998442       0.99999999993876432     
   9.3999999999998440       0.99999999994271360     
   9.4099999999998438       0.99999999994640809     
   9.4199999999998436       0.99999999994986377     
   9.4299999999998434       0.99999999995309719     
   9.4399999999998432       0.99999999995612188     
   9.4499999999998430       0.99999999995895150     
   9.4599999999998428       0.99999999996159905     
   9.4699999999998425       0.99999999996407507     
   9.4799999999998423       0.99999999996639199     
   9.4899999999998421       0.99999999996855926     
   9.4999999999998419       0.99999999997058708     
   9.5099999999998417       0.99999999997248401     
   9.5199999999998415       0.99999999997426037     
   9.5299999999998413       0.99999999997592037     
   9.5399999999998411       0.99999999997747413     
   9.5499999999998408       0.99999999997892630     
   9.5599999999998406       0.99999999998028566     
   9.5699999999998404       0.99999999998155731     
   9.5799999999998402       0.99999999998274636     
   9.5899999999998400       0.99999999998385836     
   9.5999999999998398       0.99999999998489952     
   9.6099999999998396       0.99999999998587341     
   9.6199999999998393       0.99999999998678468     
   9.6299999999998391       0.99999999998763678     
   9.6399999999998389       0.99999999998843403     
   9.6499999999998387       0.99999999998918043     
   9.6599999999998385       0.99999999998987754     
   9.6699999999998383       0.99999999999053057     
   9.6799999999998381       0.99999999999114109     
   9.6899999999998379       0.99999999999171274     
   9.6999999999998376       0.99999999999224698     
   9.7099999999998374       0.99999999999274725     
   9.7199999999998372       0.99999999999321443     
   9.7299999999998370       0.99999999999365208     
   9.7399999999998368       0.99999999999406175     
   9.7499999999998366       0.99999999999444478     
   9.7599999999998364       0.99999999999480305     
   9.7699999999998361       0.99999999999513856     
   9.7799999999998359       0.99999999999545186     
   9.7899999999998357       0.99999999999574507     
   9.7999999999998355       0.99999999999601952     
   9.8099999999998353       0.99999999999627598     
   9.8199999999998351       0.99999999999651612     
   9.8299999999998349       0.99999999999674116     
   9.8399999999998347       0.99999999999695099     
   9.8499999999998344       0.99999999999714784     
   9.8599999999998342       0.99999999999733191     
   9.8699999999998340       0.99999999999750355     
   9.8799999999998338       0.99999999999766487     
   9.8899999999998336       0.99999999999781519     
   9.8999999999998334       0.99999999999795652     
   9.9099999999998332       0.99999999999808853     
   9.9199999999998330       0.99999999999821154     
   9.9299999999998327       0.99999999999832689     
   9.9399999999998325       0.99999999999843503     
   9.9499999999998323       0.99999999999853562     
   9.9599999999998321       0.99999999999862976     
   9.9699999999998319       0.99999999999871847     
   9.9799999999998317       0.99999999999880140     
   9.9899999999998315       0.99999999999887812     
   9.9999999999998312       0.99999999999895117     
