   0.0000000000000000       -1.3461813119430068E-018
   1.0000000000000000E-002   4.3398560496102322E-003
   2.0000000000000000E-002   8.6780038590364064E-003
   2.9999999999999999E-002   1.3012739769167751E-002
   4.0000000000000001E-002   1.7342369260824417E-002
   5.0000000000000003E-002   2.1665211469265543E-002
   6.0000000000000005E-002   2.5979603632276613E-002
   7.0000000000000007E-002   3.0283905450090957E-002
   8.0000000000000002E-002   3.4576503335566826E-002
   8.9999999999999997E-002   3.8855814533367679E-002
   9.9999999999999992E-002   4.3120291087682158E-002
  0.10999999999999999        4.7368423637761274E-002
  0.11999999999999998        5.1598745022299129E-002
  0.12999999999999998        5.5809833673392449E-002
  0.13999999999999999        6.0000316782381789E-002
  0.14999999999999999        6.4168873220083411E-002
  0.16000000000000000        6.8314236196584846E-002
  0.17000000000000001        7.2435195644396114E-002
  0.18000000000000002        7.6530600313237995E-002
  0.19000000000000003        8.0599359563613318E-002
  0.20000000000000004        8.4640444849276658E-002
  0.21000000000000005        8.8652890880609778E-002
  0.22000000000000006        9.2635796461832731E-002
  0.23000000000000007        9.6588324997958663E-002
  0.24000000000000007       0.10050970466886699     
  0.25000000000000006       0.10439922827039352     
  0.26000000000000006       0.10825625272442102     
  0.27000000000000007       0.11208019826262429     
  0.28000000000000008       0.11587054729021758     
  0.29000000000000009       0.11962684293882123     
  0.30000000000000010       0.12334868732039642     
  0.31000000000000011       0.12703573949576683     
  0.32000000000000012       0.13068771317288308     
  0.33000000000000013       0.13430437415488333     
  0.34000000000000014       0.13788553755650884     
  0.35000000000000014       0.14143106481172132     
  0.36000000000000015       0.14494086049658500     
  0.37000000000000016       0.14841486899275677     
  0.38000000000000017       0.15185307101866460     
  0.39000000000000018       0.15525548005554915     
  0.40000000000000019       0.15862213869933575     
  0.41000000000000020       0.16195311496533504     
  0.42000000000000021       0.16524849857793500     
  0.43000000000000022       0.16850839727415387     
  0.44000000000000022       0.17173293315195745     
  0.45000000000000023       0.17492223909158619     
  0.46000000000000024       0.17807645527964441     
  0.47000000000000025       0.18119572586366914     
  0.48000000000000026       0.18428019576334170     
  0.49000000000000027       0.18733000766183097     
  0.50000000000000022       0.19034529920355550     
  0.51000000000000023       0.19332620041594489     
  0.52000000000000024       0.19627283137553089     
  0.53000000000000025       0.19918530013467345     
  0.54000000000000026       0.20206370092194978     
  0.55000000000000027       0.20490811262609296     
  0.56000000000000028       0.20771859757434599     
  0.57000000000000028       0.21049520060569343     
  0.58000000000000029       0.21323794844534083     
  0.59000000000000030       0.21594684937598341     
  0.60000000000000031       0.21862189320322709     
  0.61000000000000032       0.22126305150762585     
  0.62000000000000033       0.22387027817482325     
  0.63000000000000034       0.22644351018862657     
  0.64000000000000035       0.22898266867459702     
  0.65000000000000036       0.23148766017485600     
  0.66000000000000036       0.23395837813799089     
  0.67000000000000037       0.23639470459708006     
  0.68000000000000038       0.23879651201995084     
  0.69000000000000039       0.24116366530352246     
  0.70000000000000040       0.24349602388767214     
  0.71000000000000041       0.24579344396592936     
  0.72000000000000042       0.24805578076388768     
  0.73000000000000043       0.25028289086373184     
  0.74000000000000044       0.25247463454504027     
  0.75000000000000044       0.25463087812231838     
  0.76000000000000045       0.25675149625071897     
  0.77000000000000046       0.25883637418193656     
  0.78000000000000047       0.26088540994607284     
  0.79000000000000048       0.26289851644161649     
  0.80000000000000049       0.26487562341624871     
  0.81000000000000050       0.26681667931968589     
  0.82000000000000051       0.26872165302123030     
  0.83000000000000052       0.27059053537228472     
  0.84000000000000052       0.27242334061130485     
  0.85000000000000053       0.27422010760066140     
  0.86000000000000054       0.27598090089010352     
  0.87000000000000055       0.27770581160472385     
  0.88000000000000056       0.27939495815629056     
  0.89000000000000057       0.28104848677816424     
  0.90000000000000058       0.28266657188587985     
  0.91000000000000059       0.28424941626918637     
  0.92000000000000060       0.28579725112044801     
  0.93000000000000060       0.28731033590430055     
  0.94000000000000061       0.28878895808052085     
  0.95000000000000062       0.29023343268627949     
  0.96000000000000063       0.29164410178803479     
  0.97000000000000064       0.29302133381570000     
  0.98000000000000065       0.29436552278645123     
  0.99000000000000066       0.29567708743309418     
   1.0000000000000007       0.29695647024573002     
   1.0100000000000007       0.29820413644036597     
   1.0200000000000007       0.29942057286447332     
   1.0300000000000007       0.30060628685100721     
   1.0400000000000007       0.30176180503167277     
   1.0500000000000007       0.30288767212074547     
   1.0600000000000007       0.30398444967854066     
   1.0700000000000007       0.30505271486317947     
   1.0800000000000007       0.30609305918385749     
   1.0900000000000007       0.30710608725641680     
   1.1000000000000008       0.30809241557630701     
   1.1100000000000008       0.30905267131078545     
   1.1200000000000008       0.30998749111951956     
   1.1300000000000008       0.31089752000760457     
   1.1400000000000008       0.31178341021634448     
   1.1500000000000008       0.31264582015559195     
   1.1600000000000008       0.31348541338326630     
   1.1700000000000008       0.31430285763156074     
   1.1800000000000008       0.31509882388577909     
   1.1900000000000008       0.31587398551508733     
   1.2000000000000008       0.31662901745856903     
   1.2100000000000009       0.31736459546528262     
   1.2200000000000009       0.31808139539095970     
   1.2300000000000009       0.31878009255036710     
   1.2400000000000009       0.31946136112387646     
   1.2500000000000009       0.32012587362078965     
   1.2600000000000009       0.32077430039345473     
   1.2700000000000009       0.32140730920778798     
   1.2800000000000009       0.32202556486079192     
   1.2900000000000009       0.32262972884973634     
   1.3000000000000009       0.32322045908911418     
   1.3100000000000009       0.32379840967146745     
   1.3200000000000010       0.32436423067241721     
   1.3300000000000010       0.32491856799740032     
   1.3400000000000010       0.32546206326583060     
   1.3500000000000010       0.32599535373293448     
   1.3600000000000010       0.32651907224385646     
   1.3700000000000010       0.32703384722093715     
   1.3800000000000010       0.32754030267878265     
   1.3900000000000010       0.32803905826512564     
   1.4000000000000010       0.32853072932619354     
   1.4100000000000010       0.32901592699274623     
   1.4200000000000010       0.32949525828482906     
   1.4300000000000010       0.32996932623183001     
   1.4400000000000011       0.33043873000523460     
   1.4500000000000011       0.33090406506429665     
   1.4600000000000011       0.33136592330688097     
   1.4700000000000011       0.33182489322791903     
   1.4800000000000011       0.33228156007871840     
   1.4900000000000011       0.33273650602867588     
   1.5000000000000011       0.33319031032357943     
   1.5100000000000011       0.33364354943731700     
   1.5200000000000011       0.33409679722024965     
   1.5300000000000011       0.33455062503332506     
   1.5400000000000011       0.33500560187127892     
   1.5500000000000012       0.33546229447160508     
   1.5600000000000012       0.33592126740268163     
   1.5700000000000012       0.33638308313507054     
   1.5800000000000012       0.33684830208675998     
   1.5900000000000012       0.33731748264395550     
   1.6000000000000012       0.33779118115405010     
   1.6100000000000012       0.33826995188629833     
   1.6200000000000012       0.33875434696049639     
   1.6300000000000012       0.33924491623804903     
   1.6400000000000012       0.33974220717591080     
   1.6500000000000012       0.34024676463792936     
   1.6600000000000013       0.34075913066430480     
   1.6700000000000013       0.34127984419295632     
   1.6800000000000013       0.34180944073420100     
   1.6900000000000013       0.34234845199483388     
   1.7000000000000013       0.34289740544791925     
   1.7100000000000013       0.34345682384973730     
   1.7200000000000013       0.34402722469957914     
   1.7300000000000013       0.34460911964092211     
   1.7400000000000013       0.34520301380453461     
   1.7500000000000013       0.34580940508919894     
   1.7600000000000013       0.34642878338207306     
   1.7700000000000014       0.34706162971721172     
   1.7800000000000014       0.34770841537050540     
   1.7900000000000014       0.34836960089377417     
   1.8000000000000014       0.34904563508699921     
   1.8100000000000014       0.34973695390999693     
   1.8200000000000014       0.35044397933603666     
   1.8300000000000014       0.35116711814724311     
   1.8400000000000014       0.35190676067819798     
   1.8500000000000014       0.35266327950758825     
   1.8600000000000014       0.35343702810318955     
   1.8700000000000014       0.35422833942591658     
   1.8800000000000014       0.35503752449663145     
   1.8900000000000015       0.35586487093274838     
   1.9000000000000015       0.35671064146148818     
   1.9100000000000015       0.35757507241673997     
   1.9200000000000015       0.35845837222830823     
   1.9300000000000015       0.35936071991419344     
   1.9400000000000015       0.36028226358069376     
   1.9500000000000015       0.36122311894846010     
   1.9600000000000015       0.36218336790759148     
   1.9700000000000015       0.36316305712075897     
   1.9800000000000015       0.36416219667915900     
   1.9900000000000015       0.36518075883189111     
   2.0000000000000013       0.36621867679440279     
   2.0100000000000011       0.36727584365472510     
   2.0200000000000009       0.36835211138761248     
   2.0300000000000007       0.36944728999104764     
   2.0400000000000005       0.37056114675762569     
   2.0500000000000003       0.37169340569470222     
   2.0600000000000001       0.37284374710549223     
   2.0699999999999998       0.37401180734090150     
   2.0799999999999996       0.37519717873510250     
   2.0899999999999994       0.37639940973469432     
   2.0999999999999992       0.37761800522841094     
   2.1099999999999990       0.37885242708623096     
   2.1199999999999988       0.38010209491435459     
   2.1299999999999986       0.38136638702753972     
   2.1399999999999983       0.38264464164558193     
   2.1499999999999981       0.38393615831056277     
   2.1599999999999979       0.38524019952623473     
   2.1699999999999977       0.38655599261538665     
   2.1799999999999975       0.38788273178977034     
   2.1899999999999973       0.38921958042520405     
   2.1999999999999971       0.39056567353254529     
   2.2099999999999969       0.39192012041297325     
   2.2199999999999966       0.39328200748382663     
   2.2299999999999964       0.39465040126009115     
   2.2399999999999962       0.39602435147508408     
   2.2499999999999960       0.39740289431984449     
   2.2599999999999958       0.39878505578357010     
   2.2699999999999956       0.40016985507336106     
   2.2799999999999954       0.40155630809117576     
   2.2899999999999952       0.40294343094388296     
   2.2999999999999949       0.40433024346815077     
   2.3099999999999947       0.40571577274244924     
   2.3199999999999945       0.40709905656339029     
   2.3299999999999943       0.40847914686952774     
   2.3399999999999941       0.40985511308175082     
   2.3499999999999939       0.41122604534869106     
   2.3599999999999937       0.41259105767031473     
   2.3699999999999934       0.41394929088521809     
   2.3799999999999932       0.41529991550345585     
   2.3899999999999930       0.41664213436928410     
   2.3999999999999928       0.41797518514180859     
   2.4099999999999926       0.41929834258206455     
   2.4199999999999924       0.42061092063390965     
   2.4299999999999922       0.42191227429794931     
   2.4399999999999920       0.42320180128713059     
   2.4499999999999917       0.42447894346199966     
   2.4599999999999915       0.42574318804998651     
   2.4699999999999913       0.42699406863945183     
   2.4799999999999911       0.42823116596138788     
   2.4899999999999909       0.42945410845592435     
   2.4999999999999907       0.43066257263205160     
   2.5099999999999905       0.43185628322883374     
   2.5199999999999902       0.43303501318566123     
   2.5299999999999900       0.43419858342944767     
   2.5399999999999898       0.43534686249434545     
   2.5499999999999896       0.43647976597868682     
   2.5599999999999894       0.43759725585853687     
   2.5699999999999892       0.43869933966279029     
   2.5799999999999890       0.43978606952965610     
   2.5899999999999888       0.44085754115127940     
   2.5999999999999885       0.44191389262408731     
   2.6099999999999883       0.44295530321318743     
   2.6199999999999881       0.44398199204694488     
   2.6299999999999879       0.44499421675184953     
   2.6399999999999877       0.44599227203806602     
   2.6499999999999875       0.44697648824905101     
   2.6599999999999873       0.44794722988404190     
   2.6699999999999871       0.44890489410186479     
   2.6799999999999868       0.44984990921730467     
   2.6899999999999866       0.45078273319652451     
   2.6999999999999864       0.45170385215841308     
   2.7099999999999862       0.45261377888924770     
   2.7199999999999860       0.45351305137643361     
   2.7299999999999858       0.45440223136431207     
   2.7399999999999856       0.45528190293756887     
   2.7499999999999853       0.45615267113654784     
   2.7599999999999851       0.45701516060341557     
   2.7699999999999849       0.45787001426477930     
   2.7799999999999847       0.45871789204927660     
   2.7899999999999845       0.45955946964162014     
   2.7999999999999843       0.46039543727331450     
   2.8099999999999841       0.46122649854836500     
   2.8199999999999839       0.46205336930303897     
   2.8299999999999836       0.46287677649975384     
   2.8399999999999834       0.46369745714803212     
   2.8499999999999832       0.46451615725931844     
   2.8599999999999830       0.46533363081960044     
   2.8699999999999828       0.46615063879060070     
   2.8799999999999826       0.46696794812655273     
   2.8899999999999824       0.46778633080666271     
   2.8999999999999821       0.46860656288002656     
   2.9099999999999819       0.46942942351764139     
   2.9199999999999817       0.47025569406894940     
   2.9299999999999815       0.47108615711834184     
   2.9399999999999813       0.47192159553834639     
   2.9499999999999811       0.47276279153553236     
   2.9599999999999809       0.47361052568580941     
   2.9699999999999807       0.47446557595467315     
   2.9799999999999804       0.47532871670100163     
   2.9899999999999802       0.47620071765998867     
   2.9999999999999800       0.47708234290344909     
   3.0099999999999798       0.47797434977385128     
   3.0199999999999796       0.47887748779252653     
   3.0299999999999794       0.47979249753841907     
   3.0399999999999792       0.48072010949793159     
   3.0499999999999790       0.48166104288427208     
   3.0599999999999787       0.48261600442669716     
   3.0699999999999785       0.48358568713215394     
   3.0799999999999783       0.48457076901821844     
   3.0899999999999781       0.48557191181990172     
   3.0999999999999779       0.48658975967614226     
   3.1099999999999777       0.48762493779452387     
   3.1199999999999775       0.48867805110311591     
   3.1299999999999772       0.48974968289155912     
   3.1399999999999770       0.49084039344897351     
   3.1499999999999768       0.49195071870502377     
   3.1599999999999766       0.49308116888009718     
   3.1699999999999764       0.49423222715570686     
   3.1799999999999762       0.49540434837093572     
   3.1899999999999760       0.49659795775691790     
   3.1999999999999758       0.49781344971863351     
   3.2099999999999755       0.49905118667386722     
   3.2199999999999753       0.50031149796286645     
   3.2299999999999751       0.50159467883782638     
   3.2399999999999749       0.50290098954621443     
   3.2499999999999747       0.50423065451895399     
   3.2599999999999745       0.50558386167545022     
   3.2699999999999743       0.50696076185806027     
   3.2799999999999740       0.50836146840699625     
   3.2899999999999738       0.50978605688792478     
   3.2999999999999736       0.51123456498163045     
   3.3099999999999734       0.51270699254739338     
   3.3199999999999732       0.51420330186626895     
   3.3299999999999730       0.51572341807544886     
   3.3399999999999728       0.51726722979705719     
   3.3499999999999726       0.51883458996834320     
   3.3599999999999723       0.52042531687655402     
   3.3699999999999721       0.52203919539786714     
   3.3799999999999719       0.52367597844390956     
   3.3899999999999717       0.52533538861008677     
   3.3999999999999715       0.52701712002299628     
   3.4099999999999713       0.52872084038026013     
   3.4199999999999711       0.53044619317380082     
   3.4299999999999708       0.53219280008561565     
   3.4399999999999706       0.53396026354429993     
   3.4499999999999704       0.53574816942491010     
   3.4599999999999702       0.53755608987703019     
   3.4699999999999700       0.53938358626175331     
   3.4799999999999698       0.54123021217649547     
   3.4899999999999696       0.54309551654531663     
   3.4999999999999694       0.54497904675299902     
   3.5099999999999691       0.54688035179587546     
   3.5199999999999689       0.54879898542661132     
   3.5299999999999687       0.55073450926442835     
   3.5399999999999685       0.55268649584738350     
   3.5499999999999683       0.55465453159912315     
   3.5599999999999681       0.55663821968303584     
   3.5699999999999679       0.55863718272213403     
   3.5799999999999677       0.56065106535656306     
   3.5899999999999674       0.56267953661719361     
   3.5999999999999672       0.56472229209442737     
   3.6099999999999670       0.56677905587945354     
   3.6199999999999668       0.56884958226183280     
   3.6299999999999666       0.57093365716561861     
   3.6399999999999664       0.57303109930985963     
   3.6499999999999662       0.57514176108250370     
   3.6599999999999659       0.57726552911698437     
   3.6699999999999657       0.57940232456372598     
   3.6799999999999655       0.58155210305472282     
   3.6899999999999653       0.58371485435457771     
   3.6999999999999651       0.58589060170371410     
   3.7099999999999649       0.58807940085106203     
   3.7199999999999647       0.59028133878547839     
   3.7299999999999645       0.59249653217121889     
   3.7399999999999642       0.59472512549861045     
   3.7499999999999640       0.59696728896007412     
   3.7599999999999638       0.59922321606664652     
   3.7699999999999636       0.60149312102096864     
   3.7799999999999634       0.60377723586175480     
   3.7899999999999632       0.60607580740199607     
   3.7999999999999630       0.60838909397823793     
   3.8099999999999627       0.61071736203472249     
   3.8199999999999625       0.61306088256291569     
   3.8299999999999623       0.61541992742218576     
   3.8399999999999621       0.61779476556459223     
   3.8499999999999619       0.62018565918751800     
   3.8599999999999617       0.62259285984275725     
   3.8699999999999615       0.62501660452399976     
   3.8799999999999613       0.62745711176076868     
   3.8899999999999610       0.62991457774386683     
   3.8999999999999608       0.63238917250649129     
   3.9099999999999606       0.63488103618711567     
   3.9199999999999604       0.63739027539962756     
   3.9299999999999602       0.63991695973203500     
   3.9399999999999600       0.64246111839882303     
   3.9499999999999598       0.64502273706783508     
   3.9599999999999596       0.64760175488293859     
   3.9699999999999593       0.65019806170255301     
   3.9799999999999591       0.65281149557137275     
   3.9899999999999589       0.65544184044349751     
   3.9999999999999587       0.65808882417002945     
   4.0099999999999589       0.66075211676686785     
   4.0199999999999587       0.66343132897293688     
   4.0299999999999585       0.66612601111012382     
   4.0399999999999583       0.66883565225037134     
   4.0499999999999581       0.67155967969861707     
   4.0599999999999579       0.67429745879357827     
   4.0699999999999577       0.67704829302990810     
   4.0799999999999574       0.67981142449967202     
   4.0899999999999572       0.68258603465306933     
   4.0999999999999570       0.68537124537372596     
   4.1099999999999568       0.68816612036130553     
   4.1199999999999566       0.69096966681643901     
   4.1299999999999564       0.69378083741616281     
   4.1399999999999562       0.69659853256956306     
   4.1499999999999559       0.69942160294124156     
   4.1599999999999557       0.70224885222902167     
   4.1699999999999555       0.70507904017817247     
   4.1799999999999553       0.70791088581872541     
   4.1899999999999551       0.71074307090523126     
   4.1999999999999549       0.71357424354295185     
   4.2099999999999547       0.71640302197887817     
   4.2199999999999545       0.71922799853852903     
   4.2299999999999542       0.72204774368733959     
   4.2399999999999540       0.72486081019581539     
   4.2499999999999538       0.72766573738677398     
   4.2599999999999536       0.73046105544187789     
   4.2699999999999534       0.73324528974778835     
   4.2799999999999532       0.73601696525773597     
   4.2899999999999530       0.73877461084733898     
   4.2999999999999527       0.74151676364451091     
   4.3099999999999525       0.74424197331008801     
   4.3199999999999523       0.74694880624927806     
   4.3299999999999521       0.74963584973449604     
   4.3399999999999519       0.75230171591744821     
   4.3499999999999517       0.75494504571477028     
   4.3599999999999515       0.75756451254723134     
   4.3699999999999513       0.76015882591408945     
   4.3799999999999510       0.76272673479074449     
   4.3899999999999508       0.76526703083139569     
   4.3999999999999506       0.76777855136317641     
   4.4099999999999504       0.77026018216343684     
   4.4199999999999502       0.77271086000337719     
   4.4299999999999500       0.77512957495619916     
   4.4399999999999498       0.77751537245525737     
   4.4499999999999496       0.77986735510092098     
   4.4599999999999493       0.78218468421178922     
   4.4699999999999491       0.78446658111430978     
   4.4799999999999489       0.78671232817445325     
   4.4899999999999487       0.78892126956954745     
   4.4999999999999485       0.79109281180456448     
   4.5099999999999483       0.79322642397536036     
   4.5199999999999481       0.79532163778706666     
   4.5299999999999478       0.79737804733284201     
   4.5399999999999476       0.79939530864328767     
   4.5499999999999474       0.80137313901467944     
   4.5599999999999472       0.80331131612905660     
   4.5699999999999470       0.80520967697785217     
   4.5799999999999468       0.80706811660056388     
   4.5899999999999466       0.80888658665429647     
   4.5999999999999464       0.81066509382634122     
   4.6099999999999461       0.81240369810778601     
   4.6199999999999459       0.81410251093863428     
   4.6299999999999457       0.81576169324444014     
   4.6399999999999455       0.81738145337574974     
   4.6499999999999453       0.81896204496779890     
   4.6599999999999451       0.82050376473374131     
   4.6699999999999449       0.82200695020767356     
   4.6799999999999446       0.82347197745041134     
   4.6899999999999444       0.82489925872971115     
   4.6999999999999442       0.82628924019170613     
   4.7099999999999440       0.82764239953232888     
   4.7199999999999438       0.82895924368066742     
   4.7299999999999436       0.83024030650709790     
   4.7399999999999434       0.83148614656281361     
   4.7499999999999432       0.83269734486121572     
   4.7599999999999429       0.83387450270935581     
   4.7699999999999427       0.83501823959610821     
   4.7799999999999425       0.83612919114380968     
   4.7899999999999423       0.83720800712818688     
   4.7999999999999421       0.83825534957202819     
   4.8099999999999419       0.83927189091626564     
   4.8199999999999417       0.84025831227113557     
   4.8299999999999415       0.84121530175087755     
   4.8399999999999412       0.84214355289262710     
   4.8499999999999410       0.84304376316203666     
   4.8599999999999408       0.84391663254442684     
   4.8699999999999406       0.84476286222359676     
   4.8799999999999404       0.84558315334589340     
   4.8899999999999402       0.84637820587097312     
   4.8999999999999400       0.84714871750515042     
   4.9099999999999397       0.84789538271855247     
   4.9199999999999395       0.84861889184261874     
   4.9299999999999393       0.84931993024602659     
   4.9399999999999391       0.84999917758712840     
   4.9499999999999389       0.85065730714027743     
   4.9599999999999387       0.85129498519238878     
   4.9699999999999385       0.85191287050874254     
   4.9799999999999383       0.85251161386402574     
   4.9899999999999380       0.85309185763462692     
   4.9999999999999378       0.85365423545232366     
   5.0099999999999376       0.85419937191299755     
   5.0199999999999374       0.85472788233908348     
   5.0299999999999372       0.85524037259327435     
   5.0399999999999370       0.85573743893913090     
   5.0499999999999368       0.85621966794662152     
   5.0599999999999365       0.85668763644004076     
   5.0699999999999363       0.85714191148479302     
   5.0799999999999361       0.85758305041083593     
   5.0899999999999359       0.85801160087036543     
   5.0999999999999357       0.85842810092729172     
   5.1099999999999355       0.85883307917514429     
   5.1199999999999353       0.85922705488313478     
   5.1299999999999351       0.85961053816623034     
   5.1399999999999348       0.85998403017829128     
   5.1499999999999346       0.86034802332579752     
   5.1599999999999344       0.86070300150084122     
   5.1699999999999342       0.86104944033111552     
   5.1799999999999340       0.86138780744492860     
   5.1899999999999338       0.86171856275133119     
   5.1999999999999336       0.86204215873085066     
   5.2099999999999334       0.86235904073886671     
   5.2199999999999331       0.86266964731747819     
   5.2299999999999329       0.86297441051599066     
   5.2399999999999327       0.86327375621918456     
   5.2499999999999325       0.86356810448002186     
   5.2599999999999323       0.86385786985913049     
   5.2699999999999321       0.86414346176641488     
   5.2799999999999319       0.86442528480678760     
   5.2899999999999316       0.86470373912712806     
   5.2999999999999314       0.86497922076450429     
   5.3099999999999312       0.86525212199445045     
   5.3199999999999310       0.86552283167829358     
   5.3299999999999308       0.86579173560924816     
   5.3399999999999306       0.86605921685636322     
   5.3499999999999304       0.86632565610389578     
   5.3599999999999302       0.86659143198855193     
   5.3699999999999299       0.86685692143068138     
   5.3799999999999297       0.86712249995963109     
   5.3899999999999295       0.86738854203365057     
   5.3999999999999293       0.86765542135156370     
   5.4099999999999291       0.86792351115635413     
   5.4199999999999289       0.86819318452996730     
   5.4299999999999287       0.86846481467787429     
   5.4399999999999284       0.86873877520214082     
   5.4499999999999282       0.86901544036340939     
   5.4599999999999280       0.86929518532871242     
   5.4699999999999278       0.86957838640562513     
   5.4799999999999276       0.86986542126157040     
   5.4899999999999274       0.87015666912494938     
   5.4999999999999272       0.87045251097000254     
   5.5099999999999270       0.87075332968179131     
   5.5199999999999267       0.87105951020043271     
   5.5299999999999265       0.87137143964352792     
   5.5399999999999263       0.87168950740486972     
   5.5499999999999261       0.87201410522789458     
   5.5599999999999259       0.87234562725267617     
   5.5699999999999257       0.87268447003379768     
   5.5799999999999255       0.87303103252835235     
   5.5899999999999253       0.87338571605121584     
   5.5999999999999250       0.87374892419708960     
   5.6099999999999248       0.87412106272557644     
   5.6199999999999246       0.87450253940926970     
   5.6299999999999244       0.87489376384095685     
   5.6399999999999242       0.87529514719948520     
   5.6499999999999240       0.87570710197142054     
   5.6599999999999238       0.87613004162671593     
   5.6699999999999235       0.87656438024629957     
   5.6799999999999233       0.87701053210000324     
   5.6899999999999231       0.87746891117203485     
   5.6999999999999229       0.87793993063365094     
   5.7099999999999227       0.87842400225983941     
   5.7199999999999225       0.87892153578949961     
   5.7299999999999223       0.87943293822704094     
   5.7399999999999221       0.87995861308460099     
   5.7499999999999218       0.88049895956399171     
   5.7599999999999216       0.88105437167707579     
   5.7699999999999214       0.88162523730481124     
   5.7799999999999212       0.88221193719449476     
   5.7899999999999210       0.88281484389538845     
   5.7999999999999208       0.88343432063394256     
   5.8099999999999206       0.88407072012917476     
   5.8199999999999203       0.88472438335020243     
   5.8299999999999201       0.88539563821779521     
   5.8399999999999199       0.88608479825321529     
   5.8499999999999197       0.88679216117708082     
   5.8599999999999195       0.88751800746256981     
   5.8699999999999193       0.88826259884747283     
   5.8799999999999191       0.88902617681100560     
   5.8899999999999189       0.88980896102010365     
   5.8999999999999186       0.89061114775394723     
   5.9099999999999184       0.89143290831240529     
   5.9199999999999182       0.89227438741774578     
   5.9299999999999180       0.89313570161845457     
   5.9399999999999178       0.89401693770481150     
   5.9499999999999176       0.89491815114635087     
   5.9599999999999174       0.89583936456283941     
   5.9699999999999172       0.89678056623988900     
   5.9799999999999169       0.89774170870148340     
   5.9899999999999167       0.89872270735209381     
   5.9999999999999165       0.89972343920137243     
   6.0099999999999163       0.90074374168390903     
   6.0199999999999161       0.90178341158834974     
   6.0299999999999159       0.90284220410816551     
   6.0399999999999157       0.90391983202771642     
   6.0499999999999154       0.90501596505597093     
   6.0599999999999152       0.90613022932059206     
   6.0699999999999150       0.90726220703347016     
   6.0799999999999148       0.90841143633906163     
   6.0899999999999146       0.90957741135499870     
   6.0999999999999144       0.91075958241378852     
   6.1099999999999142       0.91195735651301157     
   6.1199999999999140       0.91317009797992954     
   6.1299999999999137       0.91439712935442652     
   6.1399999999999135       0.91563773249360847     
   6.1499999999999133       0.91689114989771703     
   6.1599999999999131       0.91815658625711560     
   6.1699999999999129       0.91943321021601809     
   6.1799999999999127       0.92072015634855542     
   6.1899999999999125       0.92201652733896866     
   6.1999999999999122       0.92332139635693367     
   6.2099999999999120       0.92463380961641384     
   6.2199999999999118       0.92595278910392920     
   6.2299999999999116       0.92727733546211333     
   6.2399999999999114       0.92860643101040041     
   6.2499999999999112       0.92993904288505247     
   6.2599999999999110       0.93127412627809492     
   6.2699999999999108       0.93261062775457615     
   6.2799999999999105       0.93394748862596721     
   6.2899999999999103       0.93528364835706024     
   6.2999999999999101       0.93661804798355175     
   6.3099999999999099       0.93794963351693761     
   6.3199999999999097       0.93927735931416712     
   6.3299999999999095       0.94060019138902784     
   6.3399999999999093       0.94191711064369066     
   6.3499999999999091       0.94322711599905973     
   6.3599999999999088       0.94452922740471601     
   6.3699999999999086       0.94582248870905983     
   6.3799999999999084       0.94710597037379085     
   6.3899999999999082       0.94837877201647236     
   6.3999999999999080       0.94964002476864806     
   6.4099999999999078       0.95088889343720095     
   6.4199999999999076       0.95212457846068810     
   6.4299999999999073       0.95334631765209321     
   6.4399999999999071       0.95455338772343101     
   6.4499999999999069       0.95574510558905734     
   6.4599999999999067       0.95692082944596635     
   6.4699999999999065       0.95807995963237624     
   6.4799999999999063       0.95922193926683441     
   6.4899999999999061       0.96034625467253287     
   6.4999999999999059       0.96145243559228599     
   6.5099999999999056       0.96254005520216279     
   6.5199999999999054       0.96360872993227531     
   6.5299999999999052       0.96465811910428190     
   6.5399999999999050       0.96568792439689766     
   6.5499999999999048       0.96669788915088872     
   6.5599999999999046       0.96768779752578638     
   6.5699999999999044       0.96865747352101661     
   6.5799999999999041       0.96960677987462851     
   6.5899999999999039       0.97053561685257295     
   6.5999999999999037       0.97144392094221566     
   6.6099999999999035       0.97233166346264732     
   6.6199999999999033       0.97319884910485199     
   6.6299999999999031       0.97404551441426868     
   6.6399999999999029       0.97487172622799156     
   6.6499999999999027       0.97567758007766547     
   6.6599999999999024       0.97646319856958064     
   6.6699999999999022       0.97722872975181718     
   6.6799999999999020       0.97797434547854667     
   6.6899999999999018       0.97870023978010423     
   6.6999999999999016       0.97940662724685545     
   6.7099999999999014       0.98009374143489236     
   6.7199999999999012       0.98076183329992250     
   6.7299999999999010       0.98141116966496533     
   6.7399999999999007       0.98204203172799664     
   6.7499999999999005       0.98265471361319934     
   6.7599999999999003       0.98324952097026608     
   6.7699999999999001       0.98382676962507687     
   6.7799999999998999       0.98438678428360449     
   6.7899999999998997       0.98492989729228964     
   6.7999999999998995       0.98545644745536831     
   6.8099999999998992       0.98596677891108087     
   6.8199999999998990       0.98646124006631719     
   6.8299999999998988       0.98694018259133853     
   6.8399999999998986       0.98740396047265544     
   6.8499999999998984       0.98785292912525979     
   6.8599999999998982       0.98828744456185780     
   6.8699999999998980       0.98870786261949806     
   6.8799999999998978       0.98911453824071560     
   6.8899999999998975       0.98950782480938038     
   6.8999999999998973       0.98988807353816410     
   6.9099999999998971       0.99025563290662511     
   6.9199999999998969       0.99061084814797817     
   6.9299999999998967       0.99095406078234249     
   6.9399999999998965       0.99128560819428635     
   6.9499999999998963       0.99160582325332425     
   6.9599999999998960       0.99191503397433600     
   6.9699999999998958       0.99221356321655718     
   6.9799999999998956       0.99250172841844120     
   6.9899999999998954       0.99277984136709208     
   6.9999999999998952       0.99304820799920845     
   7.0099999999998950       0.99330712823254308     
   7.0199999999998948       0.99355689582515150     
   7.0299999999998946       0.99379779826111814     
   7.0399999999998943       0.99403011666042107     
   7.0499999999998941       0.99425412571159633     
   7.0599999999998939       0.99447009362517813     
   7.0699999999998937       0.99467828210654219     
   7.0799999999998935       0.99487894634617757     
   7.0899999999998933       0.99507233502672299     
   7.0999999999998931       0.99525869034417802     
   7.1099999999998929       0.99543824804312608     
   7.1199999999998926       0.99561123746379421     
   7.1299999999998924       0.99577788160038405     
   7.1399999999998922       0.99593839716916777     
   7.1499999999998920       0.99609299468545254     
   7.1599999999998918       0.99624187854842405     
   7.1699999999998916       0.99638524713283483     
   7.1799999999998914       0.99652329288690811     
   7.1899999999998911       0.99665620243528819     
   7.1999999999998909       0.99678415668671194     
   7.2099999999998907       0.99690733094537287     
   7.2199999999998905       0.99702589502554473     
   7.2299999999998903       0.99714001336874325     
   7.2399999999998901       0.99724984516297721     
   7.2499999999998899       0.99735554446355379     
   7.2599999999998897       0.99745726031495474     
   7.2699999999998894       0.99755513687346387     
   7.2799999999998892       0.99764931353000530     
   7.2899999999998890       0.99773992503302122     
   7.2999999999998888       0.99782710161093491     
   7.3099999999998886       0.99791096909407673     
   7.3199999999998884       0.99799164903558035     
   7.3299999999998882       0.99806925883130282     
   7.3399999999998879       0.99814391183839912     
   7.3499999999998877       0.99821571749234050     
   7.3599999999998875       0.99828478142236743     
   7.3699999999998873       0.99835120556510804     
   7.3799999999998871       0.99841508827636705     
   7.3899999999998869       0.99847652444081736     
   7.3999999999998867       0.99853560557962551     
   7.4099999999998865       0.99859241995600145     
   7.4199999999998862       0.99864705267839660     
   7.4299999999998860       0.99869958580155171     
   7.4399999999998858       0.99875009842513629     
   7.4499999999998856       0.99879866679011287     
   7.4599999999998854       0.99884536437276261     
   7.4699999999998852       0.99889026197630593     
   7.4799999999998850       0.99893342782022487     
   7.4899999999998847       0.99897492762710960     
   7.4999999999998845       0.99901482470730862     
   7.5099999999998843       0.99905318004114818     
   7.5199999999998841       0.99909005235885562     
   7.5299999999998839       0.99912549821819829     
   7.5399999999998837       0.99915957207990325     
   7.5499999999998835       0.99919232638077493     
   7.5599999999998833       0.99922381160465501     
   7.5699999999998830       0.99925407635131092     
   7.5799999999998828       0.99928316740299428     
   7.5899999999998826       0.99931112978914938     
   7.5999999999998824       0.99933800684898821     
   7.6099999999998822       0.99936384029194769     
   7.6199999999998820       0.99938867025651523     
   7.6299999999998818       0.99941253536679386     
   7.6399999999998816       0.99943547278747258     
   7.6499999999998813       0.99945751827680995     
   7.6599999999998811       0.99947870623798929     
   7.6699999999998809       0.99949906976866321     
   7.6799999999998807       0.99951864070880825     
   7.6899999999998805       0.99953744968707547     
   7.6999999999998803       0.99955552616538224     
   7.7099999999998801       0.99957289848214581     
   7.7199999999998798       0.99958959389381263     
   7.7299999999998796       0.99960563861517271     
   7.7399999999998794       0.99962105785808397     
   7.7499999999998792       0.99963587586890845     
   7.7599999999998790       0.99965011596460640     
   7.7699999999998788       0.99966380056758231     
   7.7799999999998786       0.99967695123919920     
   7.7899999999998784       0.99968958871224878     
   7.7999999999998781       0.99970173292205444     
   7.8099999999998779       0.99971340303661804     
   7.8199999999998777       0.99972461748561547     
   7.8299999999998775       0.99973539398831479     
   7.8399999999998773       0.99974574958047291     
   7.8499999999998771       0.99975570064034713     
   7.8599999999998769       0.99976526291359002     
   7.8699999999998766       0.99977445153740985     
   7.8799999999998764       0.99978328106364711     
   7.8899999999998762       0.99979176548118542     
   7.8999999999998760       0.99979991823741443     
   7.9099999999998758       0.99980775225889340     
   7.9199999999998756       0.99981527997131769     
   7.9299999999998754       0.99982251331868777     
   7.9399999999998752       0.99982946378179516     
   7.9499999999998749       0.99983614239593643     
   7.9599999999998747       0.99984255976807512     
   7.9699999999998745       0.99984872609329944     
   7.9799999999998743       0.99985465117064154     
   7.9899999999998741       0.99986034441832106     
   7.9999999999998739       0.99986581488843940     
   8.0099999999998737       0.99987107128108332     
   8.0199999999998735       0.99987612195789455     
   8.0299999999998732       0.99988097495514727     
   8.0399999999998730       0.99988563799629337     
   8.0499999999998728       0.99989011850407905     
   8.0599999999998726       0.99989442361215697     
   8.0699999999998724       0.99989856017626755     
   8.0799999999998722       0.99990253478503210     
   8.0899999999998720       0.99990635377023762     
   8.0999999999998717       0.99991002321684019     
   8.1099999999998715       0.99991354897252449     
   8.1199999999998713       0.99991693665687309     
   8.1299999999998711       0.99992019167026924     
   8.1399999999998709       0.99992331920235211     
   8.1499999999998707       0.99992632424026207     
   8.1599999999998705       0.99992921157643622     
   8.1699999999998703       0.99993198581623888     
   8.1799999999998700       0.99993465138520976     
   8.1899999999998698       0.99993721253604462     
   8.1999999999998696       0.99993967335530398     
   8.2099999999998694       0.99994203776996071     
   8.2199999999998692       0.99994430955350544     
   8.2299999999998690       0.99994649233200783     
   8.2399999999998688       0.99994858958980215     
   8.2499999999998685       0.99995060467502528     
   8.2599999999998683       0.99995254080494900     
   8.2699999999998681       0.99995440107103850     
   8.2799999999998679       0.99995618844390488     
   8.2899999999998677       0.99995790577797583     
   8.2999999999998675       0.99995955581603913     
   8.3099999999998673       0.99996114119361779     
   8.3199999999998671       0.99996266444313442     
   8.3299999999998668       0.99996412799792045     
   8.3399999999998666       0.99996553419613632     
   8.3499999999998664       0.99996688528445488     
   8.3599999999998662       0.99996818342159366     
   8.3699999999998660       0.99996943068183652     
   8.3799999999998658       0.99997062905825951     
   8.3899999999998656       0.99997178046593649     
   8.3999999999998654       0.99997288674499740     
   8.4099999999998651       0.99997394966350106     
   8.4199999999998649       0.99997497092031362     
   8.4299999999998647       0.99997595214779900     
   8.4399999999998645       0.99997689491439001     
   8.4499999999998643       0.99997780072711751     
   8.4599999999998641       0.99997867103401006     
   8.4699999999998639       0.99997950722635975     
   8.4799999999998636       0.99998031064101134     
   8.4899999999998634       0.99998108256243046     
   8.4999999999998632       0.99998182422478132     
   8.5099999999998630       0.99998253681390281     
   8.5199999999998628       0.99998322146917118     
   8.5299999999998626       0.99998387928533794     
   8.5399999999998624       0.99998451131427324     
   8.5499999999998622       0.99998511856663574     
   8.5599999999998619       0.99998570201349202     
   8.5699999999998617       0.99998626258787648     
   8.5799999999998615       0.99998680118626238     
   8.5899999999998613       0.99998731866999113     
   8.5999999999998611       0.99998781586668850     
   8.6099999999998609       0.99998829357149821     
   8.6199999999998607       0.99998875254845931     
   8.6299999999998604       0.99998919353164262     
   8.6399999999998602       0.99998961722637403     
   8.6499999999998600       0.99999002431033113     
   8.6599999999998598       0.99999041543463585     
   8.6699999999998596       0.99999079122490142     
   8.6799999999998594       0.99999115228220647     
   8.6899999999998592       0.99999149918409647     
   8.6999999999998590       0.99999183248546164     
   8.7099999999998587       0.99999215271946873     
   8.7199999999998585       0.99999246039836298     
   8.7299999999998583       0.99999275601432835     
   8.7399999999998581       0.99999304004026357     
   8.7499999999998579       0.99999331293052152     
   8.7599999999998577       0.99999357512164699     
   8.7699999999998575       0.99999382703308337     
   8.7799999999998573       0.99999406906782506     
   8.7899999999998570       0.99999430161307790     
   8.7999999999998568       0.99999452504086361     
   8.8099999999998566       0.99999473970862196     
   8.8199999999998564       0.99999494595978788     
   8.8299999999998562       0.99999514412433355     
   8.8399999999998560       0.99999533451928713     
   8.8499999999998558       0.99999551744926385     
   8.8599999999998555       0.99999569320691883     
   8.8699999999998553       0.99999586207345992     
   8.8799999999998551       0.99999602431904722     
   8.8899999999998549       0.99999618020326475     
   8.8999999999998547       0.99999632997552335     
   8.9099999999998545       0.99999647387544077     
   8.9199999999998543       0.99999661213325519     
   8.9299999999998541       0.99999674497016855     
   8.9399999999998538       0.99999687259872572     
   8.9499999999998536       0.99999699522312491     
   8.9599999999998534       0.99999711303955929     
   8.9699999999998532       0.99999722623654841     
   8.9799999999998530       0.99999733499519894     
   8.9899999999998528       0.99999743948952713     
   8.9999999999998526       0.99999753988672724     
   9.0099999999998523       0.99999763634744121     
   9.0199999999998521       0.99999772902600670     
   9.0299999999998519       0.99999781807071741     
   9.0399999999998517       0.99999790362404550     
   9.0499999999998515       0.99999798582288213     
   9.0599999999998513       0.99999806479875253     
   9.0699999999998511       0.99999814067801973     
   9.0799999999998509       0.99999821358210217     
   9.0899999999998506       0.99999828362764787     
   9.0999999999998504       0.99999835092673928     
   9.1099999999998502       0.99999841558706093     
   9.1199999999998500       0.99999847771207306     
   9.1299999999998498       0.99999853740118316     
   9.1399999999998496       0.99999859474989850     
   9.1499999999998494       0.99999864984998732     
   9.1599999999998492       0.99999870278961134     
   9.1699999999998489       0.99999875365348112     
   9.1799999999998487       0.99999880252298878     
   9.1899999999998485       0.99999884947633400     
   9.1999999999998483       0.99999889458863411     
   9.2099999999998481       0.99999893793208949     
   9.2199999999998479       0.99999897957604955     
   9.2299999999998477       0.99999901958715198     
   9.2399999999998474       0.99999905802941846     
   9.2499999999998472       0.99999909496436246     
   9.2599999999998470       0.99999913045108779     
   9.2699999999998468       0.99999916454637239     
   9.2799999999998466       0.99999919730478293     
   9.2899999999998464       0.99999922877873004     
   9.2999999999998462       0.99999925901858000     
   9.3099999999998460       0.99999928807272331     
   9.3199999999998457       0.99999931598764902     
   9.3299999999998455       0.99999934280802494     
   9.3399999999998453       0.99999936857676663     
   9.3499999999998451       0.99999939333511578     
   9.3599999999998449       0.99999941712268192     
   9.3699999999998447       0.99999943997753138     
   9.3799999999998445       0.99999946193623812     
   9.3899999999998442       0.99999948303393560     
   9.3999999999998440       0.99999950330439258     
   9.4099999999998438       0.99999952278003723     
   9.4199999999998436       0.99999954149203441     
   9.4299999999998434       0.99999955947033004     
   9.4399999999998432       0.99999957674368867     
   9.4499999999998430       0.99999959333975463     
   9.4599999999998428       0.99999960928508880     
   9.4699999999998425       0.99999962460519487     
   9.4799999999998423       0.99999963932459746     
   9.4899999999998421       0.99999965346684461     
   9.4999999999998419       0.99999966705456755     
   9.5099999999998417       0.99999968010951434     
   9.5199999999998415       0.99999969265256994     
   9.5299999999998413       0.99999970470380761     
   9.5399999999998411       0.99999971628251427     
   9.5499999999998408       0.99999972740721232     
   9.5599999999998406       0.99999973809570675     
   9.5699999999998404       0.99999974836510319     
   9.5799999999998402       0.99999975823183063     
   9.5899999999998400       0.99999976771167953     
   9.5999999999998398       0.99999977681982422     
   9.6099999999998396       0.99999978557082880     
   9.6199999999998393       0.99999979397870298     
   9.6299999999998391       0.99999980205690198     
   9.6399999999998389       0.99999980981834768     
   9.6499999999998387       0.99999981727546794     
   9.6599999999998385       0.99999982444019020     
   9.6699999999998383       0.99999983132397929     
   9.6799999999998381       0.99999983793785308     
   9.6899999999998379       0.99999984429239275     
   9.6999999999998376       0.99999985039776951     
   9.7099999999998374       0.99999985626374988     
   9.7199999999998372       0.99999986189972345     
   9.7299999999998370       0.99999986731470814     
   9.7399999999998368       0.99999987251736699     
   9.7499999999998366       0.99999987751602748     
   9.7599999999998364       0.99999988231868797     
   9.7699999999998361       0.99999988693303588     
   9.7799999999998359       0.99999989136644962     
   9.7899999999998357       0.99999989562602887     
   9.7999999999998355       0.99999989971858805     
   9.8099999999998353       0.99999990365067681     
   9.8199999999998351       0.99999990742858580     
   9.8299999999998349       0.99999991105835839     
   9.8399999999998347       0.99999991454580872     
   9.8499999999998344       0.99999991789651343     
   9.8599999999998342       0.99999992111583480     
   9.8699999999998340       0.99999992420892592     
   9.8799999999998338       0.99999992718073538     
   9.8899999999998336       0.99999993003601662     
   9.8999999999998334       0.99999993277934429     
   9.9099999999998332       0.99999993541510224     
   9.9199999999998330       0.99999993794751008     
   9.9299999999998327       0.99999994038062401     
   9.9399999999998325       0.99999994271833048     
   9.9499999999998323       0.99999994496437594     
   9.9599999999998321       0.99999994712235296     
   9.9699999999998319       0.99999994919571322     
   9.9799999999998317       0.99999995118777840     
   9.9899999999998315       0.99999995310173340     
   9.9999999999998312       0.99999995494063931     
