   0.0000000000000000        0.0000000000000000     
   1.0000000000000000E-002   1.1168592588491066E-005
   2.0000000000000000E-002   2.2785017459971829E-005
   2.9999999999999999E-002   3.5315014781665939E-005
   4.0000000000000001E-002   4.9260848651381271E-005
   5.0000000000000003E-002   6.5181366190013884E-005
   6.0000000000000005E-002   8.3714288807549414E-005
   7.0000000000000007E-002   1.0560160812646789E-004
   8.0000000000000002E-002   1.3171907386859186E-004
   8.9999999999999997E-002   1.6311091035424614E-004
   9.9999999999999992E-002   2.0103108576259229E-004
  0.10999999999999999        2.4699268797388069E-004
  0.11999999999999998        3.0282723665771570E-004
  0.12999999999999998        3.7075608668938703E-004
  0.13999999999999999        4.5347645475532841E-004
  0.14999999999999999        5.5426502782933722E-004
  0.16000000000000000        6.7710258227499911E-004
  0.17000000000000001        8.2682354003901087E-004
  0.18000000000000002        1.0092948842585364E-003
  0.19000000000000003        1.2316293004402575E-003
  0.20000000000000004        1.5024377207610926E-003
  0.21000000000000005        1.8321265051455527E-003
  0.22000000000000006        2.2332441131000251E-003
  0.23000000000000007        2.7208810497880019E-003
  0.24000000000000007        3.3131247626307296E-003
  0.25000000000000006        4.0315675747334178E-003
  0.26000000000000006        4.9018601297350717E-003
  0.27000000000000007        5.9542945989760412E-003
  0.28000000000000008        7.2243905230633234E-003
  0.29000000000000009        8.7534413128914565E-003
  0.30000000000000010        1.0588961323866464E-002
  0.31000000000000011        1.2784953143713147E-002
  0.32000000000000012        1.5401894700046638E-002
  0.33000000000000013        1.8506329939769792E-002
  0.34000000000000014        2.2169940429447792E-002
  0.35000000000000014        2.6467983902395659E-002
  0.36000000000000015        3.1477013691738553E-002
  0.37000000000000016        3.7271840644087860E-002
  0.38000000000000017        4.3921762138461801E-002
  0.39000000000000018        5.1486153423038472E-002
  0.40000000000000019        6.0009587982209671E-002
  0.41000000000000020        6.9516725978200591E-002
  0.42000000000000021        8.0007290218122112E-002
  0.43000000000000022        9.1451543777472666E-002
  0.44000000000000022       0.10378678272411153     
  0.45000000000000023       0.11691542639446845     
  0.46000000000000024       0.13070527463228002     
  0.47000000000000025       0.14499236409700550     
  0.48000000000000026       0.15958658869874892     
  0.49000000000000027       0.17427989146970882     
  0.50000000000000022       0.18885645469110277     
  0.51000000000000023       0.20310398502481905     
  0.52000000000000024       0.21682497434803760     
  0.53000000000000025       0.22984676366240109     
  0.54000000000000026       0.24202937289681184     
  0.55000000000000027       0.25327037239344502     
  0.56000000000000028       0.26350650439045015     
  0.57000000000000028       0.27271222104909598     
  0.58000000000000029       0.28089569044289925     
  0.59000000000000030       0.28809306264587708     
  0.60000000000000031       0.29436186058579977     
  0.61000000000000032       0.29977428509909532     
  0.62000000000000033       0.30441104915767542     
  0.63000000000000034       0.30835613918796018     
  0.64000000000000035       0.31169269068945060     
  0.65000000000000036       0.31449999349904129     
  0.66000000000000036       0.31685152345014195     
  0.67000000000000037       0.31881383142730418     
  0.68000000000000038       0.32044609828057430     
  0.69000000000000039       0.32180017146371470     
  0.70000000000000040       0.32292092379384557     
  0.71000000000000041       0.32384680628358059     
  0.72000000000000042       0.32461049877899434     
  0.73000000000000043       0.32523959032919453     
  0.74000000000000044       0.32575724420605506     
  0.75000000000000044       0.32618282008460209     
  0.76000000000000045       0.32653243864423392     
  0.77000000000000046       0.32681948262867772     
  0.78000000000000047       0.32705503412111592     
  0.79000000000000048       0.32724825126795437     
  0.80000000000000049       0.32740668958966068     
  0.81000000000000050       0.32753657386546903     
  0.82000000000000051       0.32764302674966050     
  0.83000000000000052       0.32773026003885741     
  0.84000000000000052       0.32780173404556479     
  0.85000000000000053       0.32786028996391220     
  0.86000000000000054       0.32790825951557667     
  0.87000000000000055       0.32794755558312522     
  0.88000000000000056       0.32797974699984694     
  0.89000000000000057       0.32800612018168351     
  0.90000000000000058       0.32802772986183604     
  0.91000000000000059       0.32804544082086556     
  0.92000000000000060       0.32805996219063716     
  0.93000000000000060       0.32807187564401835     
  0.94000000000000061       0.32808165855813121     
  0.95000000000000062       0.32808970305152019     
  0.96000000000000063       0.32809633163961643     
  0.97000000000000064       0.32810181012362061     
  0.98000000000000065       0.32810635822121775     
  0.99000000000000066       0.32811015835980956     
   1.0000000000000007       0.32811336298116089     
   1.0100000000000007       0.32811610064789298     
   1.0200000000000007       0.32811848119503711     
   1.0300000000000007       0.32812060013207639     
   1.0400000000000007       0.32812254247118083     
   1.0500000000000007       0.32812438613446876     
   1.0600000000000007       0.32812620507631396     
   1.0700000000000007       0.32812807224518797     
   1.0800000000000007       0.32813006250291776     
   1.0900000000000007       0.32813225561714537     
   1.1000000000000008       0.32813473944515853     
   1.1100000000000008       0.32813761343404796     
   1.1200000000000008       0.32814099257350071     
   1.1300000000000008       0.32814501195371237     
   1.1400000000000008       0.32814983210220766     
   1.1500000000000008       0.32815564530020541     
   1.1600000000000008       0.32816268311193325     
   1.1700000000000008       0.32817122539932669     
   1.1800000000000008       0.32818161113990718     
   1.1900000000000008       0.32819425141708219     
   1.2000000000000008       0.32820964500861188     
   1.2100000000000009       0.32822839705853790     
   1.2200000000000009       0.32825124137664713     
   1.2300000000000009       0.32827906696146547     
   1.2400000000000009       0.32831294937819505     
   1.2500000000000009       0.32835418762783208     
   1.2600000000000009       0.32840434709807531     
   1.2700000000000009       0.32846530906404464     
   1.2800000000000009       0.32853932697428206     
   1.2900000000000009       0.32862908937749929     
   1.3000000000000009       0.32873778878227194     
   1.3100000000000009       0.32886919497329631     
   1.3200000000000010       0.32902773034680732     
   1.3300000000000010       0.32921854375321746     
   1.3400000000000010       0.32944757833011601     
   1.3500000000000010       0.32972162819373935     
   1.3600000000000010       0.33004837908874668     
   1.3700000000000010       0.33043642968647757     
   1.3800000000000010       0.33089529351850416     
   1.3900000000000010       0.33143538632830788     
   1.4000000000000010       0.33206800865957409     
   1.4100000000000010       0.33280533609255292     
   1.4200000000000010       0.33366042577477445     
   1.4300000000000010       0.33464723382179873     
   1.4400000000000011       0.33578061209350635     
   1.4500000000000011       0.33707621796192927     
   1.4600000000000011       0.33855023643157062     
   1.4700000000000011       0.34021879472820649     
   1.4800000000000011       0.34209696022291486     
   1.4900000000000011       0.34419726328243305     
   1.5000000000000011       0.34652777784133032     
   1.5100000000000011       0.34908991329862848     
   1.5200000000000011       0.35187619978295676     
   1.5300000000000011       0.35486845362562391     
   1.5400000000000011       0.35803675448858557     
   1.5500000000000012       0.36133961671164722     
   1.5600000000000012       0.36472557874039430     
   1.5700000000000012       0.36813618158890388     
   1.5800000000000012       0.37151001475875506     
   1.5900000000000012       0.37478725896526210     
   1.6000000000000012       0.37791403162950138     
   1.6100000000000012       0.38084588833512029     
   1.6200000000000012       0.38355003611315580     
   1.6300000000000012       0.38600610286719683     
   1.6400000000000012       0.38820558937085953     
   1.6500000000000012       0.39015033073759947     
   1.6600000000000013       0.39185037969543629     
   1.6700000000000013       0.39332170443200049     
   1.6800000000000013       0.39458400617532013     
   1.6900000000000013       0.39565884868987150     
   1.7000000000000013       0.39656818656849674     
   1.7100000000000013       0.39733329944306606     
   1.7200000000000013       0.39797408944035612     
   1.7300000000000013       0.39850867539581564     
   1.7400000000000013       0.39895321209993329     
   1.7500000000000013       0.39932186872911740     
   1.7600000000000013       0.39962691172192311     
   1.7700000000000014       0.39987884978486110     
   1.7800000000000014       0.40008661023490322     
   1.7900000000000014       0.40025772551269739     
   1.8000000000000014       0.40039851619139316     
   1.8100000000000014       0.40051426232251069     
   1.8200000000000014       0.40060935883337989     
   1.8300000000000014       0.40068745328620436     
   1.8400000000000014       0.40075156595998890     
   1.8500000000000014       0.40080419319840677     
   1.8600000000000014       0.40084739549159959     
   1.8700000000000014       0.40088287198502437     
   1.8800000000000014       0.40091202314541929     
   1.8900000000000015       0.40093600323991535     
   1.9000000000000015       0.40095576415077416     
   1.9100000000000015       0.40097209188852961     
   1.9200000000000015       0.40098563700130313     
   1.9300000000000015       0.40099693991995161     
   1.9400000000000015       0.40100645213433223     
   1.9500000000000015       0.40101455396839847     
   1.9600000000000015       0.40102156961217555     
   1.9700000000000015       0.40102777997664057     
   1.9800000000000015       0.40103343386229701     
   1.9900000000000015       0.40103875787268789     
   2.0000000000000013       0.40104396545913384     
   2.0100000000000011       0.40104926545166930     
   2.0200000000000009       0.40105487041279880     
   2.0300000000000007       0.40106100514491744     
   2.0400000000000005       0.40106791568902223     
   2.0500000000000003       0.40107587917208765     
   2.0600000000000001       0.40108521489392257     
   2.0699999999999998       0.40109629709275735     
   2.0799999999999996       0.40110956989396462     
   2.0899999999999994       0.40112556503041580     
   2.0999999999999992       0.40114492302885907     
   2.1099999999999990       0.40116841868776248     
   2.1199999999999988       0.40119699183225238     
   2.1299999999999986       0.40123178452563696     
   2.1399999999999983       0.40127418614942822     
   2.1499999999999981       0.40132588803993308     
   2.1599999999999979       0.40138894969417449     
   2.1699999999999977       0.40146587893506130     
   2.1799999999999975       0.40155972885696894     
   2.1899999999999973       0.40167421485590388     
   2.1999999999999971       0.40181385557387794     
   2.2099999999999969       0.40198414213462769     
   2.2199999999999966       0.40219174057962953     
   2.2299999999999964       0.40244473286577936     
   2.2399999999999962       0.40275290205727837     
   2.2499999999999960       0.40312806727844525     
   2.2599999999999958       0.40358447336119707     
   2.2699999999999956       0.40413923859255707     
   2.2799999999999954       0.40481286109212000     
   2.2899999999999952       0.40562977953179918     
   2.2999999999999949       0.40661897640778433     
   2.3099999999999947       0.40781460103015849     
   2.3199999999999945       0.40925657393678910     
   2.3299999999999943       0.41099111388609416     
   2.3399999999999941       0.41307110281374410     
   2.3499999999999939       0.41555617412587686     
   2.3599999999999937       0.41851237822400938     
   2.3699999999999934       0.42201125153556046     
   2.3799999999999932       0.42612809991685968     
   2.3899999999999930       0.43093931531205848     
   2.3999999999999928       0.43651858870898508     
   2.4099999999999926       0.44293197418895819     
   2.4199999999999924       0.45023190447308670     
   2.4299999999999922       0.45845045459073935     
   2.4399999999999920       0.46759238087663269     
   2.4499999999999917       0.47762869593348339     
   2.4599999999999915       0.48849172887892084     
   2.4699999999999913       0.50007270192609266     
   2.4799999999999911       0.51222276008818290     
   2.4899999999999909       0.52475806488703114     
   2.4999999999999907       0.53746899731372122     
   2.5099999999999905       0.55013278504783869     
   2.5199999999999902       0.56252814192983192     
   2.5299999999999900       0.57445000323521367     
   2.5399999999999898       0.58572234204334361     
   2.5499999999999896       0.59620741798731136     
   2.5599999999999894       0.60581053598408607     
   2.5699999999999892       0.61448025606227308     
   2.5799999999999890       0.62220475072866799     
   2.5899999999999888       0.62900548078916330     
   2.5999999999999885       0.63492950110989521     
   2.6099999999999883       0.64004156907334697     
   2.6199999999999881       0.64441692365452730     
   2.6299999999999879       0.64813525007469541     
   2.6399999999999877       0.65127603083334895     
   2.6499999999999875       0.65391525294882535     
   2.6599999999999873       0.65612330161390953     
   2.6699999999999871       0.65796380811585076     
   2.6799999999999868       0.65949321195031763     
   2.6899999999999866       0.66076082116584967     
   2.6999999999999864       0.66180919357519918     
   2.7099999999999862       0.66267470293708464     
   2.7199999999999860       0.66338819202438970     
   2.7299999999999858       0.66397564579549506     
   2.7399999999999856       0.66445884209063177     
   2.7499999999999853       0.66485595500678751     
   2.7599999999999851       0.66518209848347054     
   2.7699999999999849       0.66544980586630509     
   2.7799999999999847       0.66566944639752790     
   2.7899999999999845       0.66584958260791960     
   2.7999999999999843       0.66599727414464704     
   2.8099999999999841       0.66611833417292210     
   2.8199999999999839       0.66621754449803194     
   2.8299999999999836       0.66629883521659483     
   2.8399999999999834       0.66636543418740835     
   2.8499999999999832       0.66641999101937122     
   2.8599999999999830       0.66646467967220757     
   2.8699999999999828       0.66650128319316260     
   2.8799999999999826       0.66653126358946713     
   2.8899999999999824       0.66655581937063579     
   2.8999999999999821       0.66657593288815387     
   2.9099999999999819       0.66659240925016350     
   2.9199999999999817       0.66660590829072286     
   2.9299999999999815       0.66661697082145432     
   2.9399999999999813       0.66662604018206906     
   2.9499999999999811       0.66663347992975719     
   2.9599999999999809       0.66663958836068227     
   2.9699999999999807       0.66664461043515366     
   2.9799999999999804       0.66664874757755621     
   2.9899999999999802       0.66665216573930530     
   2.9999999999999800       0.66665500204501171     
   3.0099999999999798       0.66665737028634275     
   3.0199999999999796       0.66665936548251825     
   3.0299999999999794       0.66666106768945099     
   3.0399999999999792       0.66666254520970314     
   3.0499999999999790       0.66666385733160405     
   3.0599999999999787       0.66666505670711762     
   3.0699999999999785       0.66666619146363626     
   3.0799999999999783       0.66666730713425204     
   3.0899999999999781       0.66666844848374518     
   3.0999999999999779       0.66666966130337346     
   3.1099999999999777       0.66667099424618692     
   3.1199999999999775       0.66667250077613538     
   3.1299999999999772       0.66667424130862452     
   3.1399999999999770       0.66667628562759240     
   3.1499999999999768       0.66667871567489068     
   3.1599999999999766       0.66668162882207527     
   3.1699999999999764       0.66668514175321436     
   3.1799999999999762       0.66668939511047542     
   3.1899999999999760       0.66669455908292086     
   3.1999999999999758       0.66670084015381426     
   3.2099999999999755       0.66670848926386583     
   3.2199999999999753       0.66671781169812994     
   3.2299999999999751       0.66672917906375340     
   3.2399999999999749       0.66674304379527183     
   3.2499999999999747       0.66675995670424648     
   3.2599999999999745       0.66678058818057184     
   3.2699999999999743       0.66680575375259299     
   3.2799999999999740       0.66683644481909010     
   3.2899999999999738       0.66687386547220751     
   3.2999999999999736       0.66691947642582861     
   3.3099999999999734       0.66697504713123035     
   3.3199999999999732       0.66704271717345576     
   3.3299999999999730       0.66712506795579785     
   3.3399999999999728       0.66722520543411712     
   3.3499999999999726       0.66734685416890727     
   3.3599999999999723       0.66749446209834173     
   3.3699999999999721       0.66767331403678154     
   3.3799999999999719       0.66788964976405041     
   3.3899999999999717       0.66815077944969437     
   3.3999999999999715       0.66846518480437356     
   3.4099999999999713       0.66884258857556700     
   3.4199999999999711       0.66929396779244488     
   3.4299999999999708       0.66983147787916397     
   3.4399999999999706       0.67046824643161596     
   3.4499999999999704       0.67121798915636921     
   3.4599999999999702       0.67209439962955508     
   3.4699999999999700       0.67311027400180612     
   3.4799999999999698       0.67427635724318746     
   3.4899999999999696       0.67559994378404920     
   3.4999999999999694       0.67708333318482528     
   3.5099999999999691       0.67872232320823900     
   3.5199999999999689       0.68050499911685158     
   3.5299999999999687       0.68241111883864536     
   3.5399999999999685       0.68441236548895856     
   3.5499999999999683       0.68647362118327815     
   3.5599999999999681       0.68855521942724651     
   3.5699999999999679       0.69061590650884730     
   3.5799999999999677       0.69261605998043640     
   3.5899999999999674       0.69452064298723115     
   3.5999999999999672       0.69630144441186514     
   3.6099999999999670       0.69793833828689988     
   3.6199999999999668       0.69941952285133935     
   3.6299999999999666       0.70074089542669726     
   3.6399999999999664       0.70190483558411387     
   3.6499999999999662       0.70291869607973378     
   3.6599999999999659       0.70379325948481963     
   3.6699999999999657       0.70454134172706073     
   3.6799999999999655       0.70517664211021069     
   3.6899999999999653       0.70571287187308684     
   3.6999999999999651       0.70616314739450570     
   3.7099999999999649       0.70653960894280654     
   3.7199999999999647       0.70685321658169065     
   3.7299999999999645       0.70711367579103401     
   3.7399999999999642       0.70732945170583916     
   3.7499999999999640       0.70750783921155724     
   3.7599999999999638       0.70765506440994785     
   3.7699999999999636       0.70777640016338983     
   3.7799999999999634       0.70787628418026671     
   3.7899999999999632       0.70795843243754109     
   3.7999999999999630       0.70802594384256479     
   3.8099999999999627       0.70808139416369753     
   3.8199999999999625       0.70812691864952615     
   3.8299999999999623       0.70816428361535755     
   3.8399999999999621       0.70819494776559733     
   3.8499999999999619       0.70822011426401554     
   3.8599999999999617       0.70824077464877588     
   3.8699999999999615       0.70825774567713584     
   3.8799999999999613       0.70827170011767204     
   3.8899999999999610       0.70828319241322968     
   3.8999999999999608       0.70829268003291423     
   3.9099999999999606       0.70830054122710495     
   3.9199999999999604       0.70830708980157830     
   3.9299999999999602       0.70831258743867587     
   3.9399999999999600       0.70831725401623380     
   3.9499999999999598       0.70832127630895025     
   3.9599999999999596       0.70832481540160541     
   3.9699999999999593       0.70832801309830273     
   3.9799999999999591       0.70833099757600104     
   3.9899999999999589       0.70833388850314505     
   3.9999999999999587       0.70833680182471082     
   4.0099999999999589       0.70833985440283176     
   4.0199999999999587       0.70834316869721548     
   4.0299999999999585       0.70834687767162274     
   4.0399999999999583       0.70835113012198059     
   4.0499999999999581       0.70835609663864885     
   4.0599999999999579       0.70836197644058474     
   4.0699999999999577       0.70836900535372038     
   4.0799999999999574       0.70837746525098677     
   4.0899999999999572       0.70838769532889190     
   4.0999999999999570       0.70840010566739242     
   4.1099999999999568       0.70841519360864746     
   4.1199999999999566       0.70843356359918108     
   4.1299999999999564       0.70845595127273497     
   4.1399999999999562       0.70848325271195922     
   4.1499999999999559       0.70851656002106000     
   4.1599999999999557       0.70855720457414806     
   4.1699999999999555       0.70860680958137134     
   4.1799999999999553       0.70866735394320202     
   4.1899999999999551       0.70874124974854791     
   4.1999999999999549       0.70883143621935130     
   4.2099999999999547       0.70894149341553259     
   4.2199999999999545       0.70907577958698953     
   4.2299999999999542       0.70923959668336145     
   4.2399999999999540       0.70943938918383020     
   4.2499999999999538       0.70968298204393221     
   4.2599999999999536       0.70997986409863001     
   4.2699999999999534       0.71034152358892688     
   4.2799999999999532       0.71078184240432540     
   4.2899999999999530       0.71131755487393677     
   4.2999999999999527       0.71196877508698309     
   4.3099999999999525       0.71275959320805438     
   4.3199999999999523       0.71371873530472696     
   4.3299999999999521       0.71488027183787040     
   4.3399999999999519       0.71628434599366864     
   4.3499999999999517       0.71797787318353967     
   4.3599999999999515       0.72001513618668345     
   4.3699999999999513       0.72245816609436053     
   4.3799999999999510       0.72537675844158345     
   4.3899999999999508       0.72884793036180640     
   4.3999999999999506       0.73295458611970821     
   4.4099999999999504       0.73778313836553178     
   4.4199999999999502       0.74341985027055202     
   4.4299999999999500       0.74994574266996283     
   4.4399999999999498       0.75743007170360732     
   4.4499999999999496       0.76592263448030184     
   4.4599999999999493       0.77544548434460436     
   4.4699999999999491       0.78598497685439384     
   4.4799999999999489       0.79748532981754006     
   4.4899999999999487       0.80984495904838416     
   4.4999999999999485       0.82291666625150439     
   4.5099999999999483       0.83651229576276875     
   4.5199999999999481       0.85041181777273023     
   4.5299999999999478       0.86437607647229420     
   4.5399999999999476       0.87816181853353559     
   4.5499999999999474       0.89153721963096888     
   4.5599999999999472       0.90429603420192917     
   4.5699999999999470       0.91626872945634241     
   4.5799999999999468       0.92732948780126845     
   4.5899999999999466       0.93739866328016364     
   4.5999999999999464       0.94644099799963943     
   4.6099999999999461       0.95446048084416868     
   4.6199999999999459       0.96149305219887482     
   4.6299999999999457       0.96759839962415783     
   4.6399999999999455       0.97285190523316467     
   4.6499999999999453       0.97733749506021772     
   4.6599999999999451       0.98114180484642555     
   4.6699999999999449       0.98434978837652343     
   4.6799999999999446       0.98704168918501001     
   4.6899999999999444       0.98929117782935672     
   4.6999999999999442       0.99116440964248465     
   4.7099999999999440       0.99271975958895065     
   4.7199999999999438       0.99400802037354252     
   4.7299999999999436       0.99507289107414720     
   4.7399999999999434       0.99595162577853646     
   4.7499999999999432       0.99667574928512093     
   4.7599999999999429       0.99727177755281993     
   4.7699999999999427       0.99776190398377818     
   4.7799999999999425       0.99816462958073737     
   4.7899999999999423       0.99849532673107222     
   4.7999999999999421       0.99876673406033067     
   4.8099999999999419       0.99898938455490416     
   4.8199999999999417       0.99917197185485929     
   4.8299999999999415       0.99932166093542107     
   4.8399999999999412       0.99944434981977770     
   4.8499999999999410       0.99954488884272152     
   4.8599999999999408       0.99962726355080367     
   4.8699999999999406       0.99969474673565051     
   4.8799999999999404       0.99975002445273253     
   4.8899999999999402       0.99979530023822460     
   4.8999999999999400       0.99983238113600725     
   4.9099999999999397       0.99986274860272972     
   4.9199999999999395       0.99988761687742311     
   4.9299999999999393       0.99990798098388567     
   4.9399999999999391       0.99992465617505355     
   4.9499999999999389       0.99993831032358083     
   4.9599999999999387       0.99994949050561754     
   4.9699999999999385       0.99995864480913355     
   4.9799999999999383       0.99996614021816643     
   4.9899999999999380       0.99997227727472204     
   4.9999999999999378       0.99997730209601565     
   5.0099999999999376       0.99998141622213677     
   5.0199999999999374       0.99998478468453700     
   5.0299999999999372       0.99998754261588119     
   5.0399999999999370       0.99998980066439425     
   5.0499999999999368       0.99999164942852470     
   5.0599999999999365       0.99999316308893105     
   5.0699999999999363       0.99999440238290349     
   5.0799999999999361       0.99999541704013728     
   5.0899999999999359       0.99999624777735152     
   5.0999999999999357       0.99999692793156669     
   5.1099999999999355       0.99999748479749728     
   5.1199999999999353       0.99999794072260528     
   5.1299999999999351       0.99999831400374994     
   5.1399999999999348       0.99999861962133307     
   5.1499999999999346       0.99999886984040298     
   5.1599999999999344       0.99999907470282412     
   5.1699999999999342       0.99999924243023830     
   5.1799999999999340       0.99999937975399800     
   5.1899999999999338       0.99999949218529549     
   5.1999999999999336       0.99999958423633117     
   5.2099999999999334       0.99999965960139503     
   5.2199999999999331       0.99999972130512516     
   5.2299999999999329       0.99999977182388922     
   5.2399999999999327       0.99999981318516973     
   5.2499999999999325       0.99999984704893219     
   5.2599999999999323       0.99999987477424435     
   5.2699999999999321       0.99999989747381246     
   5.2799999999999319       0.99999991605865057     
   5.2899999999999316       0.99999993127463271     
   5.2999999999999314       0.99999994373242618     
   5.3099999999999312       0.99999995393200425     
   5.3199999999999310       0.99999996228271348     
   5.3299999999999308       0.99999996911969691     
   5.3399999999999306       0.99999997471734614     
   5.3499999999999304       0.99999997930031270     
   5.3599999999999302       0.99999998305252935     
   5.3699999999999299       0.99999998612458441     
   5.3799999999999297       0.99999998863977135     
   5.3899999999999295       0.99999999069903023     
   5.3999999999999293       0.99999999238500925     
   5.4099999999999291       0.99999999376537352     
   5.4199999999999289       0.99999999489551883     
   5.4299999999999287       0.99999999582080568     
   5.4399999999999284       0.99999999657836469     
   5.4499999999999282       0.99999999719860033     
   5.4599999999999280       0.99999999770641035     
   5.4699999999999278       0.99999999812216600     
   5.4799999999999276       0.99999999846256082     
   5.4899999999999274       0.99999999874125101     
   5.4999999999999272       0.99999999896942293     
   5.5099999999999270       0.99999999915623550     
   5.5199999999999267       0.99999999930918226     
   5.5299999999999265       0.99999999943440798     
   5.5399999999999263       0.99999999953693131     
   5.5499999999999261       0.99999999962087116     
   5.5599999999999259       0.99999999968959707     
   5.5699999999999257       0.99999999974586240     
   5.5799999999999255       0.99999999979193055     
   5.5899999999999253       0.99999999982964649     
   5.5999999999999250       0.99999999986052657     
   5.6099999999999248       0.99999999988580901     
   5.6199999999999246       0.99999999990650712     
   5.6299999999999244       0.99999999992345534     
   5.6399999999999242       0.99999999993733013     
   5.6499999999999240       0.99999999994869071     
   5.6599999999999238       0.99999999995799238     
   5.6699999999999235       0.99999999996560707     
   5.6799999999999233       0.99999999997184030     
   5.6899999999999231       0.99999999997694500     
   5.6999999999999229       0.99999999998112321     
   5.7099999999999227       0.99999999998454658     
   5.7199999999999225       0.99999999998734734     
   5.7299999999999223       0.99999999998964029     
   5.7399999999999221       0.99999999999151845     
   5.7499999999999218       0.99999999999305589     
   5.7599999999999216       0.99999999999431555     
   5.7699999999999214       0.99999999999534506     
   5.7799999999999212       0.99999999999618916     
   5.7899999999999210       0.99999999999687983     
   5.7999999999999208       0.99999999999744460     
   5.8099999999999206       0.99999999999790867     
   5.8199999999999203       0.99999999999828726     
   5.8299999999999201       0.99999999999859812     
   5.8399999999999199       0.99999999999885147     
   5.8499999999999197       0.99999999999906086     
   5.8599999999999195       0.99999999999923139     
   5.8699999999999193       0.99999999999936973     
   5.8799999999999191       0.99999999999948352     
   5.8899999999999189       0.99999999999957845     
   5.8999999999999186       0.99999999999965394     
   5.9099999999999184       0.99999999999971612     
   5.9199999999999182       0.99999999999976774     
   5.9299999999999180       0.99999999999981026     
   5.9399999999999178       0.99999999999984379     
   5.9499999999999176       0.99999999999987210     
   5.9599999999999174       0.99999999999989553     
   5.9699999999999172       0.99999999999991473     
   5.9799999999999169       0.99999999999992928     
   5.9899999999999167       0.99999999999994316     
   5.9999999999999165       0.99999999999995248     
   6.0099999999999163       0.99999999999996225     
   6.0199999999999161       0.99999999999996902     
   6.0299999999999159       0.99999999999997413     
   6.0399999999999157       0.99999999999997957     
   6.0499999999999154       0.99999999999998324     
   6.0599999999999152       0.99999999999998579     
   6.0699999999999150       0.99999999999998834     
   6.0799999999999148       0.99999999999999079     
   6.0899999999999146       0.99999999999999201     
   6.0999999999999144       0.99999999999999378     
   6.1099999999999142       0.99999999999999478     
   6.1199999999999140       0.99999999999999512     
   6.1299999999999137       0.99999999999999734     
   6.1399999999999135       0.99999999999999745     
   6.1499999999999133       0.99999999999999878     
   6.1599999999999131       0.99999999999999878     
   6.1699999999999129       0.99999999999999967     
   6.1799999999999127       0.99999999999999967     
   6.1899999999999125       0.99999999999999967     
   6.1999999999999122       0.99999999999999989     
   6.2099999999999120        1.0000000000000000     
   6.2199999999999118        1.0000000000000000     
   6.2299999999999116        1.0000000000000000     
   6.2399999999999114        1.0000000000000000     
   6.2499999999999112        1.0000000000000000     
   6.2599999999999110        1.0000000000000000     
   6.2699999999999108        1.0000000000000000     
   6.2799999999999105        1.0000000000000000     
   6.2899999999999103        1.0000000000000000     
   6.2999999999999101        1.0000000000000000     
   6.3099999999999099        1.0000000000000000     
   6.3199999999999097        1.0000000000000000     
   6.3299999999999095        1.0000000000000000     
   6.3399999999999093        1.0000000000000000     
   6.3499999999999091        1.0000000000000000     
   6.3599999999999088        1.0000000000000000     
   6.3699999999999086        1.0000000000000000     
   6.3799999999999084        1.0000000000000000     
   6.3899999999999082        1.0000000000000000     
   6.3999999999999080        1.0000000000000000     
   6.4099999999999078        1.0000000000000000     
   6.4199999999999076        1.0000000000000000     
   6.4299999999999073        1.0000000000000000     
   6.4399999999999071        1.0000000000000000     
   6.4499999999999069        1.0000000000000000     
   6.4599999999999067        1.0000000000000000     
   6.4699999999999065        1.0000000000000000     
   6.4799999999999063        1.0000000000000000     
   6.4899999999999061        1.0000000000000000     
   6.4999999999999059        1.0000000000000000     
   6.5099999999999056        1.0000000000000000     
   6.5199999999999054        1.0000000000000000     
   6.5299999999999052        1.0000000000000000     
   6.5399999999999050        1.0000000000000000     
   6.5499999999999048        1.0000000000000000     
   6.5599999999999046        1.0000000000000000     
   6.5699999999999044        1.0000000000000000     
   6.5799999999999041        1.0000000000000000     
   6.5899999999999039        1.0000000000000000     
   6.5999999999999037        1.0000000000000000     
   6.6099999999999035        1.0000000000000000     
   6.6199999999999033        1.0000000000000000     
   6.6299999999999031        1.0000000000000000     
   6.6399999999999029        1.0000000000000000     
   6.6499999999999027        1.0000000000000000     
   6.6599999999999024        1.0000000000000000     
   6.6699999999999022        1.0000000000000000     
   6.6799999999999020        1.0000000000000000     
   6.6899999999999018        1.0000000000000000     
   6.6999999999999016        1.0000000000000000     
   6.7099999999999014        1.0000000000000000     
   6.7199999999999012        1.0000000000000000     
   6.7299999999999010        1.0000000000000000     
   6.7399999999999007        1.0000000000000000     
   6.7499999999999005        1.0000000000000000     
   6.7599999999999003        1.0000000000000000     
   6.7699999999999001        1.0000000000000000     
   6.7799999999998999        1.0000000000000000     
   6.7899999999998997        1.0000000000000000     
   6.7999999999998995        1.0000000000000000     
   6.8099999999998992        1.0000000000000000     
   6.8199999999998990        1.0000000000000000     
   6.8299999999998988        1.0000000000000000     
   6.8399999999998986        1.0000000000000000     
   6.8499999999998984        1.0000000000000000     
   6.8599999999998982        1.0000000000000000     
   6.8699999999998980        1.0000000000000000     
   6.8799999999998978        1.0000000000000000     
   6.8899999999998975        1.0000000000000000     
   6.8999999999998973        1.0000000000000000     
   6.9099999999998971        1.0000000000000000     
   6.9199999999998969        1.0000000000000000     
   6.9299999999998967        1.0000000000000000     
   6.9399999999998965        1.0000000000000000     
   6.9499999999998963        1.0000000000000000     
   6.9599999999998960        1.0000000000000000     
   6.9699999999998958        1.0000000000000000     
   6.9799999999998956        1.0000000000000000     
   6.9899999999998954        1.0000000000000000     
   6.9999999999998952        1.0000000000000000     
   7.0099999999998950        1.0000000000000000     
   7.0199999999998948        1.0000000000000000     
   7.0299999999998946        1.0000000000000000     
   7.0399999999998943        1.0000000000000000     
   7.0499999999998941        1.0000000000000000     
   7.0599999999998939        1.0000000000000000     
   7.0699999999998937        1.0000000000000000     
   7.0799999999998935        1.0000000000000000     
   7.0899999999998933        1.0000000000000000     
   7.0999999999998931        1.0000000000000000     
   7.1099999999998929        1.0000000000000000     
   7.1199999999998926        1.0000000000000000     
   7.1299999999998924        1.0000000000000000     
   7.1399999999998922        1.0000000000000000     
   7.1499999999998920        1.0000000000000000     
   7.1599999999998918        1.0000000000000000     
   7.1699999999998916        1.0000000000000000     
   7.1799999999998914        1.0000000000000000     
   7.1899999999998911        1.0000000000000000     
   7.1999999999998909        1.0000000000000000     
   7.2099999999998907        1.0000000000000000     
   7.2199999999998905        1.0000000000000000     
   7.2299999999998903        1.0000000000000000     
   7.2399999999998901        1.0000000000000000     
   7.2499999999998899        1.0000000000000000     
   7.2599999999998897        1.0000000000000000     
   7.2699999999998894        1.0000000000000000     
   7.2799999999998892        1.0000000000000000     
   7.2899999999998890        1.0000000000000000     
   7.2999999999998888        1.0000000000000000     
   7.3099999999998886        1.0000000000000000     
   7.3199999999998884        1.0000000000000000     
   7.3299999999998882        1.0000000000000000     
   7.3399999999998879        1.0000000000000000     
   7.3499999999998877        1.0000000000000000     
   7.3599999999998875        1.0000000000000000     
   7.3699999999998873        1.0000000000000000     
   7.3799999999998871        1.0000000000000000     
   7.3899999999998869        1.0000000000000000     
   7.3999999999998867        1.0000000000000000     
   7.4099999999998865        1.0000000000000000     
   7.4199999999998862        1.0000000000000000     
   7.4299999999998860        1.0000000000000000     
   7.4399999999998858        1.0000000000000000     
   7.4499999999998856        1.0000000000000000     
   7.4599999999998854        1.0000000000000000     
   7.4699999999998852        1.0000000000000000     
   7.4799999999998850        1.0000000000000000     
   7.4899999999998847        1.0000000000000000     
   7.4999999999998845        1.0000000000000000     
   7.5099999999998843        1.0000000000000000     
   7.5199999999998841        1.0000000000000000     
   7.5299999999998839        1.0000000000000000     
   7.5399999999998837        1.0000000000000000     
   7.5499999999998835        1.0000000000000000     
   7.5599999999998833        1.0000000000000000     
   7.5699999999998830        1.0000000000000000     
   7.5799999999998828        1.0000000000000000     
   7.5899999999998826        1.0000000000000000     
   7.5999999999998824        1.0000000000000000     
   7.6099999999998822        1.0000000000000000     
   7.6199999999998820        1.0000000000000000     
   7.6299999999998818        1.0000000000000000     
   7.6399999999998816        1.0000000000000000     
   7.6499999999998813        1.0000000000000000     
   7.6599999999998811        1.0000000000000000     
   7.6699999999998809        1.0000000000000000     
   7.6799999999998807        1.0000000000000000     
   7.6899999999998805        1.0000000000000000     
   7.6999999999998803        1.0000000000000000     
   7.7099999999998801        1.0000000000000000     
   7.7199999999998798        1.0000000000000000     
   7.7299999999998796        1.0000000000000000     
   7.7399999999998794        1.0000000000000000     
   7.7499999999998792        1.0000000000000000     
   7.7599999999998790        1.0000000000000000     
   7.7699999999998788        1.0000000000000000     
   7.7799999999998786        1.0000000000000000     
   7.7899999999998784        1.0000000000000000     
   7.7999999999998781        1.0000000000000000     
   7.8099999999998779        1.0000000000000000     
   7.8199999999998777        1.0000000000000000     
   7.8299999999998775        1.0000000000000000     
   7.8399999999998773        1.0000000000000000     
   7.8499999999998771        1.0000000000000000     
   7.8599999999998769        1.0000000000000000     
   7.8699999999998766        1.0000000000000000     
   7.8799999999998764        1.0000000000000000     
   7.8899999999998762        1.0000000000000000     
   7.8999999999998760        1.0000000000000000     
   7.9099999999998758        1.0000000000000000     
   7.9199999999998756        1.0000000000000000     
   7.9299999999998754        1.0000000000000000     
   7.9399999999998752        1.0000000000000000     
   7.9499999999998749        1.0000000000000000     
   7.9599999999998747        1.0000000000000000     
   7.9699999999998745        1.0000000000000000     
   7.9799999999998743        1.0000000000000000     
   7.9899999999998741        1.0000000000000000     
   7.9999999999998739        1.0000000000000000     
   8.0099999999998737        1.0000000000000000     
   8.0199999999998735        1.0000000000000000     
   8.0299999999998732        1.0000000000000000     
   8.0399999999998730        1.0000000000000000     
   8.0499999999998728        1.0000000000000000     
   8.0599999999998726        1.0000000000000000     
   8.0699999999998724        1.0000000000000000     
   8.0799999999998722        1.0000000000000000     
   8.0899999999998720        1.0000000000000000     
   8.0999999999998717        1.0000000000000000     
   8.1099999999998715        1.0000000000000000     
   8.1199999999998713        1.0000000000000000     
   8.1299999999998711        1.0000000000000000     
   8.1399999999998709        1.0000000000000000     
   8.1499999999998707        1.0000000000000000     
   8.1599999999998705        1.0000000000000000     
   8.1699999999998703        1.0000000000000000     
   8.1799999999998700        1.0000000000000000     
   8.1899999999998698        1.0000000000000000     
   8.1999999999998696        1.0000000000000000     
   8.2099999999998694        1.0000000000000000     
   8.2199999999998692        1.0000000000000000     
   8.2299999999998690        1.0000000000000000     
   8.2399999999998688        1.0000000000000000     
   8.2499999999998685        1.0000000000000000     
   8.2599999999998683        1.0000000000000000     
   8.2699999999998681        1.0000000000000000     
   8.2799999999998679        1.0000000000000000     
   8.2899999999998677        1.0000000000000000     
   8.2999999999998675        1.0000000000000000     
   8.3099999999998673        1.0000000000000000     
   8.3199999999998671        1.0000000000000000     
   8.3299999999998668        1.0000000000000000     
   8.3399999999998666        1.0000000000000000     
   8.3499999999998664        1.0000000000000000     
   8.3599999999998662        1.0000000000000000     
   8.3699999999998660        1.0000000000000000     
   8.3799999999998658        1.0000000000000000     
   8.3899999999998656        1.0000000000000000     
   8.3999999999998654        1.0000000000000000     
   8.4099999999998651        1.0000000000000000     
   8.4199999999998649        1.0000000000000000     
   8.4299999999998647        1.0000000000000000     
   8.4399999999998645        1.0000000000000000     
   8.4499999999998643        1.0000000000000000     
   8.4599999999998641        1.0000000000000000     
   8.4699999999998639        1.0000000000000000     
   8.4799999999998636        1.0000000000000000     
   8.4899999999998634        1.0000000000000000     
   8.4999999999998632        1.0000000000000000     
   8.5099999999998630        1.0000000000000000     
   8.5199999999998628        1.0000000000000000     
   8.5299999999998626        1.0000000000000000     
   8.5399999999998624        1.0000000000000000     
   8.5499999999998622        1.0000000000000000     
   8.5599999999998619        1.0000000000000000     
   8.5699999999998617        1.0000000000000000     
   8.5799999999998615        1.0000000000000000     
   8.5899999999998613        1.0000000000000000     
   8.5999999999998611        1.0000000000000000     
   8.6099999999998609        1.0000000000000000     
   8.6199999999998607        1.0000000000000000     
   8.6299999999998604        1.0000000000000000     
   8.6399999999998602        1.0000000000000000     
   8.6499999999998600        1.0000000000000000     
   8.6599999999998598        1.0000000000000000     
   8.6699999999998596        1.0000000000000000     
   8.6799999999998594        1.0000000000000000     
   8.6899999999998592        1.0000000000000000     
   8.6999999999998590        1.0000000000000000     
   8.7099999999998587        1.0000000000000000     
   8.7199999999998585        1.0000000000000000     
   8.7299999999998583        1.0000000000000000     
   8.7399999999998581        1.0000000000000000     
   8.7499999999998579        1.0000000000000000     
   8.7599999999998577        1.0000000000000000     
   8.7699999999998575        1.0000000000000000     
   8.7799999999998573        1.0000000000000000     
   8.7899999999998570        1.0000000000000000     
   8.7999999999998568        1.0000000000000000     
   8.8099999999998566        1.0000000000000000     
   8.8199999999998564        1.0000000000000000     
   8.8299999999998562        1.0000000000000000     
   8.8399999999998560        1.0000000000000000     
   8.8499999999998558        1.0000000000000000     
   8.8599999999998555        1.0000000000000000     
   8.8699999999998553        1.0000000000000000     
   8.8799999999998551        1.0000000000000000     
   8.8899999999998549        1.0000000000000000     
   8.8999999999998547        1.0000000000000000     
   8.9099999999998545        1.0000000000000000     
   8.9199999999998543        1.0000000000000000     
   8.9299999999998541        1.0000000000000000     
   8.9399999999998538        1.0000000000000000     
   8.9499999999998536        1.0000000000000000     
   8.9599999999998534        1.0000000000000000     
   8.9699999999998532        1.0000000000000000     
   8.9799999999998530        1.0000000000000000     
   8.9899999999998528        1.0000000000000000     
   8.9999999999998526        1.0000000000000000     
   9.0099999999998523        1.0000000000000000     
   9.0199999999998521        1.0000000000000000     
   9.0299999999998519        1.0000000000000000     
   9.0399999999998517        1.0000000000000000     
   9.0499999999998515        1.0000000000000000     
   9.0599999999998513        1.0000000000000000     
   9.0699999999998511        1.0000000000000000     
   9.0799999999998509        1.0000000000000000     
   9.0899999999998506        1.0000000000000000     
   9.0999999999998504        1.0000000000000000     
   9.1099999999998502        1.0000000000000000     
   9.1199999999998500        1.0000000000000000     
   9.1299999999998498        1.0000000000000000     
   9.1399999999998496        1.0000000000000000     
   9.1499999999998494        1.0000000000000000     
   9.1599999999998492        1.0000000000000000     
   9.1699999999998489        1.0000000000000000     
   9.1799999999998487        1.0000000000000000     
   9.1899999999998485        1.0000000000000000     
   9.1999999999998483        1.0000000000000000     
   9.2099999999998481        1.0000000000000000     
   9.2199999999998479        1.0000000000000000     
   9.2299999999998477        1.0000000000000000     
   9.2399999999998474        1.0000000000000000     
   9.2499999999998472        1.0000000000000000     
   9.2599999999998470        1.0000000000000000     
   9.2699999999998468        1.0000000000000000     
   9.2799999999998466        1.0000000000000000     
   9.2899999999998464        1.0000000000000000     
   9.2999999999998462        1.0000000000000000     
   9.3099999999998460        1.0000000000000000     
   9.3199999999998457        1.0000000000000000     
   9.3299999999998455        1.0000000000000000     
   9.3399999999998453        1.0000000000000000     
   9.3499999999998451        1.0000000000000000     
   9.3599999999998449        1.0000000000000000     
   9.3699999999998447        1.0000000000000000     
   9.3799999999998445        1.0000000000000000     
   9.3899999999998442        1.0000000000000000     
   9.3999999999998440        1.0000000000000000     
   9.4099999999998438        1.0000000000000000     
   9.4199999999998436        1.0000000000000000     
   9.4299999999998434        1.0000000000000000     
   9.4399999999998432        1.0000000000000000     
   9.4499999999998430        1.0000000000000000     
   9.4599999999998428        1.0000000000000000     
   9.4699999999998425        1.0000000000000000     
   9.4799999999998423        1.0000000000000000     
   9.4899999999998421        1.0000000000000000     
   9.4999999999998419        1.0000000000000000     
   9.5099999999998417        1.0000000000000000     
   9.5199999999998415        1.0000000000000000     
   9.5299999999998413        1.0000000000000000     
   9.5399999999998411        1.0000000000000000     
   9.5499999999998408        1.0000000000000000     
   9.5599999999998406        1.0000000000000000     
   9.5699999999998404        1.0000000000000000     
   9.5799999999998402        1.0000000000000000     
   9.5899999999998400        1.0000000000000000     
   9.5999999999998398        1.0000000000000000     
   9.6099999999998396        1.0000000000000000     
   9.6199999999998393        1.0000000000000000     
   9.6299999999998391        1.0000000000000000     
   9.6399999999998389        1.0000000000000000     
   9.6499999999998387        1.0000000000000000     
   9.6599999999998385        1.0000000000000000     
   9.6699999999998383        1.0000000000000000     
   9.6799999999998381        1.0000000000000000     
   9.6899999999998379        1.0000000000000000     
   9.6999999999998376        1.0000000000000000     
   9.7099999999998374        1.0000000000000000     
   9.7199999999998372        1.0000000000000000     
   9.7299999999998370        1.0000000000000000     
   9.7399999999998368        1.0000000000000000     
   9.7499999999998366        1.0000000000000000     
   9.7599999999998364        1.0000000000000000     
   9.7699999999998361        1.0000000000000000     
   9.7799999999998359        1.0000000000000000     
   9.7899999999998357        1.0000000000000000     
   9.7999999999998355        1.0000000000000000     
   9.8099999999998353        1.0000000000000000     
   9.8199999999998351        1.0000000000000000     
   9.8299999999998349        1.0000000000000000     
   9.8399999999998347        1.0000000000000000     
   9.8499999999998344        1.0000000000000000     
   9.8599999999998342        1.0000000000000000     
   9.8699999999998340        1.0000000000000000     
   9.8799999999998338        1.0000000000000000     
   9.8899999999998336        1.0000000000000000     
   9.8999999999998334        1.0000000000000000     
   9.9099999999998332        1.0000000000000000     
   9.9199999999998330        1.0000000000000000     
   9.9299999999998327        1.0000000000000000     
   9.9399999999998325        1.0000000000000000     
   9.9499999999998323        1.0000000000000000     
   9.9599999999998321        1.0000000000000000     
   9.9699999999998319        1.0000000000000000     
   9.9799999999998317        1.0000000000000000     
   9.9899999999998315        1.0000000000000000     
   9.9999999999998312        1.0000000000000000     
