   0.0000000000000000        2.8333816774287847E-017
   1.0000000000000000E-002   7.9077267954432275E-004
   2.0000000000000000E-002   1.5885096171370128E-003
   2.9999999999999999E-002   2.4002121296996474E-003
   4.0000000000000001E-002   3.2329551294722832E-003
   5.0000000000000003E-002   4.0939226014455269E-003
   6.0000000000000005E-002   4.9904414575402166E-003
   7.0000000000000007E-002   5.9300131634712179E-003
   8.0000000000000002E-002   6.9203424842986189E-003
   8.9999999999999997E-002   7.9693626374550703E-003
   9.9999999999999992E-002   9.0852560811965008E-003
  0.10999999999999999        1.0276470106438144E-002
  0.11999999999999998        1.1551726346103254E-002
  0.12999999999999998        1.2920023274377556E-002
  0.13999999999999999        1.4390630745078251E-002
  0.14999999999999999        1.5973075620201099E-002
  0.16000000000000000        1.7677117572779451E-002
  0.17000000000000001        1.9512714217630421E-002
  0.18000000000000002        2.1489974832908449E-002
  0.19000000000000003        2.3619102085929610E-002
  0.20000000000000004        2.5910321366968508E-002
  0.21000000000000005        2.8373797560248021E-002
  0.22000000000000006        3.1019539334966317E-002
  0.23000000000000007        3.3857291311873670E-002
  0.24000000000000007        3.6896414742868859E-002
  0.25000000000000006        4.0145757623825211E-002
  0.26000000000000006        4.3613515438855353E-002
  0.27000000000000007        4.7307084006736923E-002
  0.28000000000000008        5.1232906172009575E-002
  0.29000000000000009        5.5396314364052263E-002
  0.30000000000000010        5.9801371349902301E-002
  0.31000000000000011        6.4450711842280767E-002
  0.32000000000000012        6.9345387999009203E-002
  0.33000000000000013        7.4484722258514408E-002
  0.34000000000000014        7.9866171378275647E-002
  0.35000000000000014        8.5485205942323436E-002
  0.36000000000000015        9.1335209929153852E-002
  0.37000000000000016        9.7407405122525645E-002
  0.38000000000000017       0.10369080514379737     
  0.39000000000000018       0.11017220363418369     
  0.40000000000000019       0.11683620058544625     
  0.41000000000000020       0.12366526999988371     
  0.42000000000000021       0.13063987097426566     
  0.43000000000000022       0.13773860299201982     
  0.44000000000000022       0.14493840473744579     
  0.45000000000000023       0.15221479419027753     
  0.46000000000000024       0.15954214619730975     
  0.47000000000000025       0.16689400222593068     
  0.48000000000000026       0.17424340565187957     
  0.49000000000000027       0.18156325478267218     
  0.50000000000000022       0.18882666492458441     
  0.51000000000000023       0.19600733021422964     
  0.52000000000000024       0.20307987569760852     
  0.53000000000000025       0.21002019028121618     
  0.54000000000000026       0.21680573171659459     
  0.55000000000000027       0.22341579570508474     
  0.56000000000000028       0.22983174249090532     
  0.57000000000000028       0.23603717588808645     
  0.58000000000000029       0.24201807147556872     
  0.59000000000000030       0.24776285259224137     
  0.60000000000000031       0.25326241465874316     
  0.61000000000000032       0.25851010013681719     
  0.62000000000000033       0.26350162801391536     
  0.63000000000000034       0.26823498299543591     
  0.64000000000000035       0.27271027055002650     
  0.65000000000000036       0.27692954456268809     
  0.66000000000000036       0.28089661460977450     
  0.67000000000000037       0.28461683980527780     
  0.68000000000000038       0.28809691582187741     
  0.69000000000000039       0.29134466111717766     
  0.70000000000000040       0.29436880765510826     
  0.71000000000000041       0.29717880056497931     
  0.72000000000000042       0.29978461028313064     
  0.73000000000000043       0.30219655982484378     
  0.74000000000000044       0.30442516897901234     
  0.75000000000000044       0.30648101643708425     
  0.76000000000000045       0.30837462018320433     
  0.77000000000000046       0.31011633589719040     
  0.78000000000000047       0.31171627266049223     
  0.79000000000000048       0.31318422490531805     
  0.80000000000000049       0.31452961930109596     
  0.81000000000000050       0.31576147511912217     
  0.82000000000000051       0.31688837654224716     
  0.83000000000000052       0.31791845537754709     
  0.84000000000000052       0.31885938267199082     
  0.85000000000000053       0.31971836781105351     
  0.86000000000000054       0.32050216378627572     
  0.87000000000000055       0.32121707743991373     
  0.88000000000000056       0.32186898362487953     
  0.89000000000000057       0.32246334234958202     
  0.90000000000000058       0.32300521810523236     
  0.91000000000000059       0.32349930069415561     
  0.92000000000000060       0.32394992698938196     
  0.93000000000000060       0.32436110315697381     
  0.94000000000000061       0.32473652696255667     
  0.95000000000000062       0.32507960986239998     
  0.96000000000000063       0.32539349864751899     
  0.97000000000000064       0.32568109646728333     
  0.98000000000000065       0.32594508310776488     
  0.99000000000000066       0.32618793444043159     
   1.0000000000000007       0.32641194098972059     
   1.0100000000000007       0.32661922559438611     
   1.0200000000000007       0.32681176015818619     
   1.0300000000000007       0.32699138150118368     
   1.0400000000000007       0.32715980633443142     
   1.0500000000000007       0.32731864538865341     
   1.0600000000000007       0.32746941673231905     
   1.0700000000000007       0.32761355831663935     
   1.0800000000000007       0.32775243978497165     
   1.0900000000000007       0.32788737358220993     
   1.1000000000000008       0.32801962539633162     
   1.1100000000000008       0.32815042395966915     
   1.1200000000000008       0.32828097023200586     
   1.1300000000000008       0.32841244598158242     
   1.1400000000000008       0.32854602177395287     
   1.1500000000000008       0.32868286437270761     
   1.1600000000000008       0.32882414355094020     
   1.1700000000000008       0.32897103830844082     
   1.1800000000000008       0.32912474248757712     
   1.1900000000000008       0.32928646978127940     
   1.2000000000000008       0.32945745813001887     
   1.2100000000000009       0.32963897351170679     
   1.2200000000000009       0.32983231313926675     
   1.2300000000000009       0.33003880809529079     
   1.2400000000000009       0.33025982545114513     
   1.2500000000000009       0.33049676993811222     
   1.2600000000000009       0.33075108525880037     
   1.2700000000000009       0.33102425514550077     
   1.2800000000000009       0.33131780428495383     
   1.2900000000000009       0.33163329923192575     
   1.3000000000000009       0.33197234942247722     
   1.3100000000000009       0.33233660836721601     
   1.3200000000000010       0.33272777505116807     
   1.3300000000000010       0.33314759548760114     
   1.3400000000000010       0.33359786426777888     
   1.3500000000000010       0.33408042581970410     
   1.3600000000000010       0.33459717494247171     
   1.3700000000000010       0.33515005602841175     
   1.3800000000000010       0.33574106023578271     
   1.3900000000000010       0.33637221974582782     
   1.4000000000000010       0.33704559814634982     
   1.4100000000000010       0.33776327594619837     
   1.4200000000000010       0.33852733025585463     
   1.4300000000000010       0.33933980777989309     
   1.4400000000000011       0.34020269046403584     
   1.4500000000000011       0.34111785342380790     
   1.4600000000000011       0.34208701514859352     
   1.4700000000000011       0.34311168041333134     
   1.4800000000000011       0.34419307682367478     
   1.4900000000000011       0.34533208644720087     
   1.5000000000000011       0.34652917451621928     
   1.5100000000000011       0.34778431769531748     
   1.5200000000000011       0.34909693485356025     
   1.5300000000000011       0.35046582362904743     
   1.5400000000000011       0.35188910628342329     
   1.5500000000000012       0.35336418837883210     
   1.5600000000000012       0.35488773363847792     
   1.5700000000000012       0.35645565795297923     
   1.5800000000000012       0.35806314486155116     
   1.5900000000000012       0.35970468398186145     
   1.6000000000000012       0.36137413281913894     
   1.6100000000000012       0.36306480121001505     
   1.6200000000000012       0.36476955642605008     
   1.6300000000000012       0.36648094576706236     
   1.6400000000000012       0.36819133241265573     
   1.6500000000000012       0.36989303946502500     
   1.6600000000000013       0.37157849658505354     
   1.6700000000000013       0.37324038344926386     
   1.6800000000000013       0.37487176445662368     
   1.6900000000000013       0.37646620967480832     
   1.7000000000000013       0.37801789788383777     
   1.7100000000000013       0.37952169867157431     
   1.7200000000000013       0.38097323176263059     
   1.7300000000000013       0.38236890301595888     
   1.7400000000000013       0.38370591770864965     
   1.7500000000000013       0.38498227275233665     
   1.7600000000000013       0.38619673030516538     
   1.7700000000000014       0.38734877581416916     
   1.7800000000000014       0.38843856384370623     
   1.7900000000000014       0.38946685513133811     
   1.8000000000000014       0.39043494819629987     
   1.8100000000000014       0.39134460855091380     
   1.8200000000000014       0.39219799817969109     
   1.8300000000000014       0.39299760750096091     
   1.8400000000000014       0.39374619155303531     
   1.8500000000000014       0.39444671168494189     
   1.8600000000000014       0.39510228360569349     
   1.8700000000000014       0.39571613227240315     
   1.8800000000000014       0.39629155378514908     
   1.8900000000000015       0.39683188420775078     
   1.9000000000000015       0.39734047504628695     
   1.9100000000000015       0.39782067498568358     
   1.9200000000000015       0.39827581740151968     
   1.9300000000000015       0.39870921312098900     
   1.9400000000000015       0.39912414789532585     
   1.9500000000000015       0.39952388405807898     
   1.9600000000000015       0.39991166587233190     
   1.9700000000000015       0.40029072810934579     
   1.9800000000000015       0.40066430744607656     
   1.9900000000000015       0.40103565631562482     
   2.0000000000000013       0.40140805888972136     
   2.0100000000000011       0.40178484891341476     
   2.0200000000000009       0.40216942914735671     
   2.0300000000000007       0.40256529220106779     
   2.0400000000000005       0.40297604256026237     
   2.0500000000000003       0.40340541962178911     
   2.0600000000000001       0.40385732155037607     
   2.0699999999999998       0.40433582976143190     
   2.0799999999999996       0.40484523381310944     
   2.0899999999999994       0.40539005645813897     
   2.0999999999999992       0.40597507856102077     
   2.1099999999999990       0.40660536352876214     
   2.1199999999999988       0.40728628083308244     
   2.1299999999999986       0.40802352811905201     
   2.1399999999999983       0.40882315129984920     
   2.1499999999999981       0.40969156193073247     
   2.1599999999999979       0.41063555103916888     
   2.1699999999999977       0.41166229846499419     
   2.1799999999999975       0.41277937663832254     
   2.1899999999999973       0.41399474759883881     
   2.1999999999999971       0.41531675194475087     
   2.2099999999999969       0.41675408830135757     
   2.2199999999999966       0.41831578182776141     
   2.2299999999999964       0.42001114024719066     
   2.2399999999999962       0.42184969590423388     
   2.2499999999999960       0.42384113243441468     
   2.2599999999999958       0.42599519479128428     
   2.2699999999999956       0.42832158162608969     
   2.2799999999999954       0.43082981936568454     
   2.2899999999999952       0.43352911779323011     
   2.2999999999999949       0.43642820750668493     
   2.3099999999999947       0.43953516031012146     
   2.3199999999999945       0.44285719437427468     
   2.3299999999999943       0.44640046687021412     
   2.3399999999999941       0.45016985771094137     
   2.3499999999999939       0.45416874899955167     
   2.3599999999999937       0.45839880574084302     
   2.3699999999999934       0.46285976427923958     
   2.3799999999999932       0.46754923572484491     
   2.3899999999999930       0.47246253225880447     
   2.3999999999999928       0.47759252459978524     
   2.4099999999999926       0.48292953899204250     
   2.4199999999999924       0.48846130176927277     
   2.4299999999999922       0.49417293879157814     
   2.4399999999999920       0.50004703579633591     
   2.4499999999999917       0.50606376392636199     
   2.4599999999999915       0.51220107241894131     
   2.4699999999999913       0.51843494772497689     
   2.4799999999999911       0.52473973530170770     
   2.4899999999999909       0.53108851716174421     
   2.4999999999999907       0.53745353518563721     
   2.5099999999999905       0.54380664745958696     
   2.5199999999999902       0.55011980272730532     
   2.5299999999999900       0.55636551665760214     
   2.5399999999999898       0.56251733317916319     
   2.5499999999999896       0.56855025469159004     
   2.5599999999999894       0.57444112650332579     
   2.5699999999999892       0.58016896325561951     
   2.5799999999999890       0.58571520817053890     
   2.5899999999999888       0.59106391945752101     
   2.5999999999999885       0.59620188184864997     
   2.6099999999999883       0.60111864473502241     
   2.6199999999999881       0.60580649150637333     
   2.6299999999999879       0.61026034726999556     
   2.6399999999999877       0.61447763402668487     
   2.6499999999999875       0.61845808356491083     
   2.6599999999999873       0.62220351881817970     
   2.6699999999999871       0.62571761428580219     
   2.6799999999999868       0.62900564545220494     
   2.6899999999999866       0.63207423608354285     
   2.6999999999999864       0.63493111096649146     
   2.7099999999999862       0.63758486020937644     
   2.7199999999999860       0.64004471975990895     
   2.7299999999999858       0.64232037139466380     
   2.7399999999999856       0.64442176416671215     
   2.7499999999999853       0.64635895820012590     
   2.7599999999999851       0.64814199081315882     
   2.7699999999999849       0.64978076423897824     
   2.7799999999999847       0.65128495368418904     
   2.7899999999999845       0.65266393410297463     
   2.7999999999999843       0.65392672384537687     
   2.8099999999999841       0.65508194323699731     
   2.8199999999999839       0.65613778613926488     
   2.8299999999999836       0.65710200260140772     
   2.8399999999999834       0.65798189082674063     
   2.8499999999999832       0.65878429681978889     
   2.8599999999999830       0.65951562024276067     
   2.8699999999999828       0.66018182517914215     
   2.8799999999999826       0.66078845467039493     
   2.8899999999999824       0.66134064805292969     
   2.8999999999999821       0.66184316027299350     
   2.9099999999999819       0.66230038249422252     
   2.9199999999999817       0.66271636343552753     
   2.9299999999999815       0.66309483098520017     
   2.9399999999999813       0.66343921373122616     
   2.9499999999999811       0.66375266212847983     
   2.9599999999999809       0.66403806909189589     
   2.9699999999999807       0.66429808986200301     
   2.9799999999999804       0.66453516103674837     
   2.9899999999999802       0.66475151870238114     
   2.9999999999999800       0.66494921562770326     
   3.0099999999999798       0.66513013751109629     
   3.0199999999999796       0.66529601828955232     
   3.0299999999999794       0.66544845453422585     
   3.0399999999999792       0.66558891896859473     
   3.0499999999999790       0.66571877315383843     
   3.0599999999999787       0.66583927939201515     
   3.0699999999999785       0.66595161190159791     
   3.0799999999999783       0.66605686732220781     
   3.0899999999999781       0.66615607460637072     
   3.0999999999999779       0.66625020435598725     
   3.1099999999999777       0.66634017766022391     
   3.1199999999999775       0.66642687448975346     
   3.1299999999999772       0.66651114169990511     
   3.1399999999999770       0.66659380069224872     
   3.1499999999999768       0.66667565478059299     
   3.1599999999999766       0.66675749630316528     
   3.1699999999999764       0.66684011351790018     
   3.1799999999999762       0.66692429731216818     
   3.1899999999999760       0.66701084775178587     
   3.1999999999999758       0.66710058048664467     
   3.2099999999999755       0.66719433302155495     
   3.2199999999999753       0.66729297085074568     
   3.2299999999999751       0.66739739344263194     
   3.2399999999999749       0.66750854004769566     
   3.2499999999999747       0.66762739528641324     
   3.2599999999999745       0.66775499445577802     
   3.2699999999999743       0.66789242847195174     
   3.2799999999999740       0.66804084834271127     
   3.2899999999999738       0.66820146903659194     
   3.2999999999999736       0.66837557258602232     
   3.3099999999999734       0.66856451022952579     
   3.3199999999999732       0.66876970336380814     
   3.3299999999999730       0.66899264304112238     
   3.3399999999999728       0.66923488771203010     
   3.3499999999999726       0.66949805888048874     
   3.3599999999999723       0.66978383430960553     
   3.3699999999999721       0.67009393839573550     
   3.3799999999999719       0.67043012931991364     
   3.3899999999999717       0.67079418259379853     
   3.3999999999999715       0.67118787064793251     
   3.4099999999999713       0.67161293816922896     
   3.4199999999999711       0.67207107298834068     
   3.4299999999999708       0.67256387245161031     
   3.4399999999999706       0.67309280539102490     
   3.4499999999999704       0.67365917003115061     
   3.4599999999999702       0.67426404844302590     
   3.4699999999999700       0.67490825846538549     
   3.4799999999999698       0.67559230435147721     
   3.4899999999999696       0.67631632774638228     
   3.4999999999999694       0.67708006092957396     
   3.5099999999999691       0.67788278453840645     
   3.5199999999999689       0.67872329218385608     
   3.5299999999999687       0.67959986444225917     
   3.5399999999999685       0.68051025462117831     
   3.5499999999999683       0.68145168842744053     
   3.5599999999999681       0.68242087919850203     
   3.5699999999999679       0.68341405970108704     
   3.5799999999999677       0.68442703068254918     
   3.5899999999999674       0.68545522543209936     
   3.5999999999999672       0.68649378864221211     
   3.6099999999999670       0.68753766693951757     
   3.6199999999999668       0.68858170766678006     
   3.6299999999999666       0.68962076192287303     
   3.6399999999999664       0.69064978756632467     
   3.6499999999999662       0.69166394789250984     
   3.6599999999999659       0.69265870200442414     
   3.6699999999999657       0.69362988347891819     
   3.6799999999999655       0.69457376472319732     
   3.6899999999999653       0.69548710534034763     
   3.6999999999999651       0.69636718379001117     
   3.7099999999999649       0.69721181255700204     
   3.7199999999999647       0.69801933785590176     
   3.7299999999999645       0.69878862555250232     
   3.7399999999999642       0.69951903544506255     
   3.7499999999999640       0.70021038631382637     
   3.7599999999999638       0.70086291422878932     
   3.7699999999999636       0.70147722653020306     
   3.7799999999999634       0.70205425369864161     
   3.7899999999999632       0.70259520104955797     
   3.7999999999999630       0.70310150185753706     
   3.8099999999999627       0.70357477316974626     
   3.8199999999999625       0.70401677523183948     
   3.8299999999999623       0.70442937514132542     
   3.8399999999999621       0.70481451507483428     
   3.8499999999999619       0.70517418521285358     
   3.8599999999999617       0.70551040130947085     
   3.8699999999999615       0.70582518672333150     
   3.8799999999999613       0.70612055863495449     
   3.8899999999999610       0.70639851811900589     
   3.8999999999999608       0.70666104371199978     
   3.9099999999999606       0.70691008811010592     
   3.9199999999999604       0.70714757764270908     
   3.9299999999999602       0.70737541419024652     
   3.9399999999999600       0.70759547924549604     
   3.9499999999999598       0.70780963985263112     
   3.9599999999999596       0.70801975619540380     
   3.9699999999999593       0.70822769064274305     
   3.9799999999999591       0.70843531809558513     
   3.9899999999999589       0.70864453751169698     
   3.9999999999999587       0.70885728451514385     
   4.0099999999999589       0.70907554502328363     
   4.0199999999999587       0.70930136984657965     
   4.0299999999999585       0.70953689023485988     
   4.0399999999999583       0.70978433435779664     
   4.0499999999999581       0.71004604471714172     
   4.0599999999999579       0.71032449649345042     
   4.0699999999999577       0.71062231683035793     
   4.0799999999999574       0.71094230505455203     
   4.0899999999999572       0.71128745381894209     
   4.0999999999999570       0.71166097113945703     
   4.1099999999999568       0.71206630327177189     
   4.1199999999999566       0.71250715834201017     
   4.1299999999999564       0.71298753060421138     
   4.1399999999999562       0.71351172514587924     
   4.1499999999999559       0.71408438280003106     
   4.1599999999999557       0.71471050494671307     
   4.1699999999999555       0.71539547779766322     
   4.1799999999999553       0.71614509565385642     
   4.1899999999999551       0.71696558250627629     
   4.1999999999999549       0.71786361121543818     
   4.2099999999999547       0.71884631935546806     
   4.2199999999999545       0.71992132064573866     
   4.2299999999999542       0.72109671072025849     
   4.2399999999999540       0.72238106580715211     
   4.2499999999999538       0.72378343271489565     
   4.2599999999999536       0.72531330835827523     
   4.2699999999999534       0.72698060691818001     
   4.2799999999999532       0.72879561263146897     
   4.2899999999999530       0.73076891616957329     
   4.2999999999999527       0.73291133260962493     
   4.3099999999999525       0.73523379915416820     
   4.3199999999999523       0.73774725104037653     
   4.3299999999999521       0.74046247452128011     
   4.3399999999999519       0.74338993642003803     
   4.3499999999999517       0.74653959056661179     
   4.3599999999999515       0.74992066242569322     
   4.3699999999999513       0.75354141440142852     
   4.3799999999999510       0.75740889562518310     
   4.3899999999999508       0.76152868144232799     
   4.3999999999999506       0.76590460923568238     
   4.4099999999999504       0.77053851855928734     
   4.4199999999999502       0.77543000469449963     
   4.4299999999999500       0.78057619556285529     
   4.4399999999999498       0.78597156232455123     
   4.4499999999999496       0.79160777386473302     
   4.4599999999999493       0.79747360466163808     
   4.4699999999999491       0.80355490422365472     
   4.4799999999999489       0.80983463440839865     
   4.4899999999999487       0.81629297857694416     
   4.4999999999999485       0.82290752381355226     
   4.5099999999999483       0.82965351450919755     
   4.5199999999999481       0.83650417263426313     
   4.5299999999999478       0.84343107717979748     
   4.5399999999999476       0.85040459268190427     
   4.5499999999999474       0.85739433459217340     
   4.5599999999999472       0.86436965762421714     
   4.5699999999999470       0.87130015217091861     
   4.5799999999999468       0.87815613350091104     
   4.5899999999999466       0.88490910873124706     
   4.5999999999999464       0.89153220753229778     
   4.6099999999999461       0.89800056411384810     
   4.6199999999999459       0.90429164019502617     
   4.6299999999999457       0.91038548126388985     
   4.6399999999999455       0.91626490133957306     
   4.6499999999999453       0.92191559448898619     
   4.6599999999999451       0.92732617433724240     
   4.6699999999999449       0.93248814556701776     
   4.6799999999999446       0.93739581376988401     
   4.6899999999999444       0.94204614187231150     
   4.6999999999999442       0.94643856263770276     
   4.7099999999999440       0.95057475742137110     
   4.7199999999999438       0.95445841145396659     
   4.7299999999999436       0.95809495551724300     
   4.7399999999999434       0.96149130304946395     
   4.7499999999999432       0.96465559058801365     
   4.7599999999999429       0.96759692813879772     
   4.7699999999999427       0.97032516466386765     
   4.7799999999999425       0.97285067249363910     
   4.7899999999999423       0.97518415317168861     
   4.7999999999999421       0.97733646608105185     
   4.8099999999999419       0.97931848021312584     
   4.8199999999999417       0.98114094863758872     
   4.8299999999999415       0.98281440461347536     
   4.8399999999999412       0.98434907783584824     
   4.8499999999999410       0.98575482902057587     
   4.8599999999999408       0.98704110086854102     
   4.8699999999999406       0.98821688339588798     
   4.8799999999999404       0.98929069164508954     
   4.8899999999999402       0.99027055388074980     
   4.8999999999999400       0.99116400850534603     
   4.9099999999999397       0.99197810808745723     
   4.9199999999999395       0.99271942906572452     
   4.9299999999999393       0.99339408586580669     
   4.9399999999999391       0.99400774833776262     
   4.9499999999999389       0.99456566158236070     
   4.9599999999999387       0.99507266738363453     
   4.9699999999999385       0.99553322659957688     
   4.9799999999999383       0.99595144198260355     
   4.9899999999999380       0.99633108100615697     
   4.9999999999999378       0.99667559836437480     
   5.0099999999999376       0.99698815788887252     
   5.0199999999999374       0.99727165369172421     
   5.0299999999999372       0.99752873039783607     
   5.0399999999999370       0.99776180237438983     
   5.0499999999999368       0.99797307190123841     
   5.0599999999999365       0.99816454625506046     
   5.0699999999999363       0.99833805370297279     
   5.0799999999999361       0.99849525841901865     
   5.0899999999999359       0.99863767435039097     
   5.0999999999999357       0.99876667807014907     
   5.1099999999999355       0.99888352066020536     
   5.1199999999999353       0.99898933867303941     
   5.1299999999999351       0.99908516422337679     
   5.1399999999999348       0.99917193426244222     
   5.1499999999999346       0.99925049908751939     
   5.1599999999999344       0.99932163013887931     
   5.1699999999999342       0.99938602713476710     
   5.1799999999999340       0.99944432459329946     
   5.1899999999999338       0.99949709778791884     
   5.1999999999999336       0.99954486818070798     
   5.2099999999999334       0.99958810837530265     
   5.2199999999999331       0.99962724662859481     
   5.2299999999999329       0.99966267095783012     
   5.2399999999999327       0.99969473287717425     
   5.2499999999999325       0.99972375079538900     
   5.2599999999999323       0.99975001310386158     
   5.2699999999999321       0.99977378098199710     
   5.2799999999999319       0.99979529094486963     
   5.2899999999999316       0.99981475715597723     
   5.2999999999999314       0.99983237352612264     
   5.3099999999999312       0.99984831561762844     
   5.3199999999999310       0.99986274237152495     
   5.3299999999999308       0.99987579767376911     
   5.3399999999999306       0.99988761177523744     
   5.3499999999999304       0.99989830257887224     
   5.3599999999999302       0.99990797680622867     
   5.3699999999999299       0.99991673105453727     
   5.3799999999999297       0.99992465275444886     
   5.3899999999999295       0.99993182103767186     
   5.3999999999999293       0.99993830752287494     
   5.4099999999999291       0.99994417702751681     
   5.4199999999999289       0.99994948821248997     
   5.4299999999999287       0.99995429416589043     
   5.4399999999999284       0.99995864293161085     
   5.4499999999999282       0.99996257798795229     
   5.4599999999999280       0.99996613868093587     
   5.4699999999999278       0.99996936061659625     
   5.4799999999999276       0.99997227601611260     
   5.4899999999999274       0.99997491403728522     
   5.4999999999999272       0.99997730106553184     
   5.5099999999999270       0.99997946097729040     
   5.5199999999999267       0.99998141537843444     
   5.5299999999999265       0.99998318382005291     
   5.5399999999999263       0.99998478399376234     
   5.5499999999999261       0.99998623190846347     
   5.5599999999999259       0.99998754205031670     
   5.5699999999999257       0.99998872752752266     
   5.5799999999999255       0.99998980020134509     
   5.5899999999999253       0.99999077080468968     
   5.5999999999999250       0.99999164904940863     
   5.6099999999999248       0.99999244372340990     
   5.6199999999999246       0.99999316277853623     
   5.6299999999999244       0.99999381341008287     
   5.6399999999999242       0.99999440212877178     
   5.6499999999999240       0.99999493482585888     
   5.6599999999999238       0.99999541683207205     
   5.6699999999999235       0.99999585297093097     
   5.6799999999999233       0.99999624760700145     
   5.6899999999999231       0.99999660468955842     
   5.6999999999999229       0.99999692779209604     
   5.7099999999999227       0.99999722014808201     
   5.7199999999999225       0.99999748468330674     
   5.7299999999999223       0.99999772404515852     
   5.7399999999999221       0.99999794062911340     
   5.7499999999999218       0.99999813660270431     
   5.7599999999999216       0.99999831392720540     
   5.7699999999999214       0.99999847437726697     
   5.7799999999999212       0.99999861955866409     
   5.7899999999999210       0.99999875092436874     
   5.7999999999999208       0.99999886978909414     
   5.8099999999999206       0.99999897734244270     
   5.8199999999999203       0.99999907466081561     
   5.8299999999999201       0.99999916271818601     
   5.8399999999999199       0.99999924239584415     
   5.8499999999999197       0.99999931449121371     
   5.8599999999999195       0.99999937972583863     
   5.8699999999999193       0.99999943875259645     
   5.8799999999999191       0.99999949216224093     
   5.8899999999999189       0.99999954048930417     
   5.8999999999999186       0.99999958421745505     
   5.9099999999999184       0.99999962378433604     
   5.9199999999999182       0.99999965958594184     
   5.9299999999999180       0.99999969198058247     
   5.9399999999999178       0.99999972129247283     
   5.9499999999999176       0.99999974781497369     
   5.9599999999999174       0.99999977181352995     
   5.9699999999999172       0.99999979352832702     
   5.9799999999999169       0.99999981317668862     
   5.9899999999999167       0.99999983095526546     
   5.9999999999999165       0.99999984704198841     
   6.0099999999999163       0.99999986159786014     
   6.0199999999999161       0.99999987476855912     
   6.0299999999999159       0.99999988668590045     
   6.0399999999999157       0.99999989746915741     
   6.0499999999999154       0.99999990722625387     
   6.0599999999999152       0.99999991605484029     
   6.0699999999999150       0.99999992404327642     
   6.0799999999999148       0.99999993127151310     
   6.0899999999999146       0.99999993781189034     
   6.0999999999999144       0.99999994372987056     
   6.1099999999999142       0.99999994908468015     
   6.1199999999999140       0.99999995392991348     
   6.1299999999999137       0.99999995831406086     
   6.1399999999999135       0.99999996228100052     
   6.1499999999999133       0.99999996587043716     
   6.1599999999999131       0.99999996911829481     
   6.1699999999999129       0.99999997205707769     
   6.1799999999999127       0.99999997471619739     
   6.1899999999999125       0.99999997712227018     
   6.1999999999999122       0.99999997929937312     
   6.2099999999999120       0.99999998126929845     
   6.2199999999999118       0.99999998305175897     
   6.2299999999999116       0.99999998466459772     
   6.2399999999999114       0.99999998612395513     
   6.2499999999999112       0.99999998744443441     
   6.2599999999999110       0.99999998863925565     
   6.2699999999999108       0.99999998972037274     
   6.2799999999999105       0.99999999069860712     
   6.2899999999999103       0.99999999158375197     
   6.2999999999999101       0.99999999238466375     
   6.3099999999999099       0.99999999310936027     
   6.3199999999999097       0.99999999376509063     
   6.3299999999999095       0.99999999435842069     
   6.3399999999999093       0.99999999489528790     
   6.3499999999999091       0.99999999538106576     
   6.3599999999999088       0.99999999582061472     
   6.3699999999999086       0.99999999621833513     
   6.3799999999999084       0.99999999657820915     
   6.3899999999999082       0.99999999690383501     
   6.3999999999999080       0.99999999719847354     
   6.4099999999999078       0.99999999746507473     
   6.4199999999999076       0.99999999770630421     
   6.4299999999999073       0.99999999792457916     
   6.4399999999999071       0.99999999812208074     
   6.4499999999999069       0.99999999830078823     
   6.4599999999999067       0.99999999846249066     
   6.4699999999999065       0.99999999860880395     
   6.4799999999999063       0.99999999874119394     
   6.4899999999999061       0.99999999886098578     
   6.4999999999999059       0.99999999896937675     
   6.5099999999999056       0.99999999906745318     
   6.5199999999999054       0.99999999915619719     
   6.5299999999999052       0.99999999923649574     
   6.5399999999999050       0.99999999930915173     
   6.5499999999999048       0.99999999937489414     
   6.5599999999999046       0.99999999943438134     
   6.5699999999999044       0.99999999948820617     
   6.5799999999999041       0.99999999953690999     
   6.5899999999999039       0.99999999958097863     
   6.5999999999999037       0.99999999962085451     
   6.6099999999999035       0.99999999965693520     
   6.6199999999999033       0.99999999968958297     
   6.6299999999999031       0.99999999971912279     
   6.6399999999999029       0.99999999974585163     
   6.6499999999999027       0.99999999977003695     
   6.6599999999999024       0.99999999979191989     
   6.6699999999999022       0.99999999981172261     
   6.6799999999999020       0.99999999982963816     
   6.6899999999999018       0.99999999984585097     
   6.6999999999999016       0.99999999986051968     
   6.7099999999999014       0.99999999987379284     
   6.7199999999999012       0.99999999988580501     
   6.7299999999999010       0.99999999989667143     
   6.7399999999999007       0.99999999990650379     
   6.7499999999999005       0.99999999991540056     
   6.7599999999999003       0.99999999992345145     
   6.7699999999999001       0.99999999993073641     
   6.7799999999998999       0.99999999993732802     
   6.7899999999998997       0.99999999994329114     
   6.7999999999998995       0.99999999994868805     
   6.8099999999998992       0.99999999995357147     
   6.8199999999998990       0.99999999995799005     
   6.8299999999998988       0.99999999996198741     
   6.8399999999998986       0.99999999996560429     
   6.8499999999998984       0.99999999996887767     
   6.8599999999998982       0.99999999997183953     
   6.8699999999998980       0.99999999997451949     
   6.8799999999998978       0.99999999997694378     
   6.8899999999998975       0.99999999997913813     
   6.8999999999998973       0.99999999998112266     
   6.9099999999998971       0.99999999998291855     
   6.9199999999998969       0.99999999998454570     
   6.9299999999998967       0.99999999998601619     
   6.9399999999998965       0.99999999998734612     
   6.9499999999998963       0.99999999998855094     
   6.9599999999998960       0.99999999998964029     
   6.9699999999998958       0.99999999999062661     
   6.9799999999998956       0.99999999999151823     
   6.9899999999998954       0.99999999999232603     
   6.9999999999998952       0.99999999999305578     
   7.0099999999998950       0.99999999999371747     
   7.0199999999998948       0.99999999999431533     
   7.0299999999998946       0.99999999999485567     
   7.0399999999998943       0.99999999999534495     
   7.0499999999998941       0.99999999999578748     
   7.0599999999998939       0.99999999999618894     
   7.0699999999998937       0.99999999999655176     
   7.0799999999998935       0.99999999999687950     
   7.0899999999998933       0.99999999999717704     
   7.0999999999998931       0.99999999999744460     
   7.1099999999998929       0.99999999999768863     
   7.1199999999998926       0.99999999999790867     
   7.1299999999998924       0.99999999999810762     
   7.1399999999998922       0.99999999999828670     
   7.1499999999998920       0.99999999999845091     
   7.1599999999998918       0.99999999999859812     
   7.1699999999998916       0.99999999999873035     
   7.1799999999998914       0.99999999999885147     
   7.1899999999998911       0.99999999999896227     
   7.1999999999998909       0.99999999999906086     
   7.2099999999998907       0.99999999999914857     
   7.2199999999998905       0.99999999999923139     
   7.2299999999998903       0.99999999999930367     
   7.2399999999998901       0.99999999999936973     
   7.2499999999998899       0.99999999999943123     
   7.2599999999998897       0.99999999999948352     
   7.2699999999998894       0.99999999999953226     
   7.2799999999998892       0.99999999999957845     
   7.2899999999998890       0.99999999999961664     
   7.2999999999998888       0.99999999999965394     
   7.3099999999998886       0.99999999999968736     
   7.3199999999998884       0.99999999999971612     
   7.3299999999998882       0.99999999999974420     
   7.3399999999998879       0.99999999999976774     
   7.3499999999998877       0.99999999999978939     
   7.3599999999998875       0.99999999999981026     
   7.3699999999998873       0.99999999999982914     
   7.3799999999998871       0.99999999999984379     
   7.3899999999998869       0.99999999999985822     
   7.3999999999998867       0.99999999999987210     
   7.4099999999998865       0.99999999999988598     
   7.4199999999998862       0.99999999999989553     
   7.4299999999998860       0.99999999999990552     
   7.4399999999998858       0.99999999999991473     
   7.4499999999998856       0.99999999999992284     
   7.4599999999998854       0.99999999999992928     
   7.4699999999998852       0.99999999999993694     
   7.4799999999998850       0.99999999999994316     
   7.4899999999998847       0.99999999999994815     
   7.4999999999998845       0.99999999999995248     
   7.5099999999998843       0.99999999999995737     
   7.5199999999998841       0.99999999999996225     
   7.5299999999998839       0.99999999999996536     
   7.5399999999998837       0.99999999999996902     
   7.5499999999998835       0.99999999999997158     
   7.5599999999998833       0.99999999999997413     
   7.5699999999998830       0.99999999999997657     
   7.5799999999998828       0.99999999999997957     
   7.5899999999998826       0.99999999999998079     
   7.5999999999998824       0.99999999999998324     
   7.6099999999998822       0.99999999999998546     
   7.6199999999998820       0.99999999999998579     
   7.6299999999998818       0.99999999999998612     
   7.6399999999998816       0.99999999999998834     
   7.6499999999998813       0.99999999999999056     
   7.6599999999998811       0.99999999999999079     
   7.6699999999998809       0.99999999999999167     
   7.6799999999998807       0.99999999999999201     
   7.6899999999998805       0.99999999999999378     
   7.6999999999998803       0.99999999999999378     
   7.7099999999998801       0.99999999999999412     
   7.7199999999998798       0.99999999999999478     
   7.7299999999998796       0.99999999999999500     
   7.7399999999998794       0.99999999999999512     
   7.7499999999998792       0.99999999999999523     
   7.7599999999998790       0.99999999999999734     
   7.7699999999998788       0.99999999999999745     
   7.7799999999998786       0.99999999999999745     
   7.7899999999998784       0.99999999999999767     
   7.7999999999998781       0.99999999999999878     
   7.8099999999998779       0.99999999999999878     
   7.8199999999998777       0.99999999999999878     
   7.8299999999998775       0.99999999999999967     
   7.8399999999998773       0.99999999999999967     
   7.8499999999998771       0.99999999999999967     
   7.8599999999998769       0.99999999999999967     
   7.8699999999998766       0.99999999999999967     
   7.8799999999998764       0.99999999999999967     
   7.8899999999998762       0.99999999999999967     
   7.8999999999998760       0.99999999999999989     
   7.9099999999998758        1.0000000000000000     
   7.9199999999998756        1.0000000000000000     
   7.9299999999998754        1.0000000000000000     
   7.9399999999998752        1.0000000000000000     
   7.9499999999998749        1.0000000000000000     
   7.9599999999998747        1.0000000000000000     
   7.9699999999998745        1.0000000000000000     
   7.9799999999998743        1.0000000000000000     
   7.9899999999998741        1.0000000000000000     
   7.9999999999998739        1.0000000000000000     
   8.0099999999998737        1.0000000000000000     
   8.0199999999998735        1.0000000000000000     
   8.0299999999998732        1.0000000000000000     
   8.0399999999998730        1.0000000000000000     
   8.0499999999998728        1.0000000000000000     
   8.0599999999998726        1.0000000000000000     
   8.0699999999998724        1.0000000000000000     
   8.0799999999998722        1.0000000000000000     
   8.0899999999998720        1.0000000000000000     
   8.0999999999998717        1.0000000000000000     
   8.1099999999998715        1.0000000000000000     
   8.1199999999998713        1.0000000000000000     
   8.1299999999998711        1.0000000000000000     
   8.1399999999998709        1.0000000000000000     
   8.1499999999998707        1.0000000000000000     
   8.1599999999998705        1.0000000000000000     
   8.1699999999998703        1.0000000000000000     
   8.1799999999998700        1.0000000000000000     
   8.1899999999998698        1.0000000000000000     
   8.1999999999998696        1.0000000000000000     
   8.2099999999998694        1.0000000000000000     
   8.2199999999998692        1.0000000000000000     
   8.2299999999998690        1.0000000000000000     
   8.2399999999998688        1.0000000000000000     
   8.2499999999998685        1.0000000000000000     
   8.2599999999998683        1.0000000000000000     
   8.2699999999998681        1.0000000000000000     
   8.2799999999998679        1.0000000000000000     
   8.2899999999998677        1.0000000000000000     
   8.2999999999998675        1.0000000000000000     
   8.3099999999998673        1.0000000000000000     
   8.3199999999998671        1.0000000000000000     
   8.3299999999998668        1.0000000000000000     
   8.3399999999998666        1.0000000000000000     
   8.3499999999998664        1.0000000000000000     
   8.3599999999998662        1.0000000000000000     
   8.3699999999998660        1.0000000000000000     
   8.3799999999998658        1.0000000000000000     
   8.3899999999998656        1.0000000000000000     
   8.3999999999998654        1.0000000000000000     
   8.4099999999998651        1.0000000000000000     
   8.4199999999998649        1.0000000000000000     
   8.4299999999998647        1.0000000000000000     
   8.4399999999998645        1.0000000000000000     
   8.4499999999998643        1.0000000000000000     
   8.4599999999998641        1.0000000000000000     
   8.4699999999998639        1.0000000000000000     
   8.4799999999998636        1.0000000000000000     
   8.4899999999998634        1.0000000000000000     
   8.4999999999998632        1.0000000000000000     
   8.5099999999998630        1.0000000000000000     
   8.5199999999998628        1.0000000000000000     
   8.5299999999998626        1.0000000000000000     
   8.5399999999998624        1.0000000000000000     
   8.5499999999998622        1.0000000000000000     
   8.5599999999998619        1.0000000000000000     
   8.5699999999998617        1.0000000000000000     
   8.5799999999998615        1.0000000000000000     
   8.5899999999998613        1.0000000000000000     
   8.5999999999998611        1.0000000000000000     
   8.6099999999998609        1.0000000000000000     
   8.6199999999998607        1.0000000000000000     
   8.6299999999998604        1.0000000000000000     
   8.6399999999998602        1.0000000000000000     
   8.6499999999998600        1.0000000000000000     
   8.6599999999998598        1.0000000000000000     
   8.6699999999998596        1.0000000000000000     
   8.6799999999998594        1.0000000000000000     
   8.6899999999998592        1.0000000000000000     
   8.6999999999998590        1.0000000000000000     
   8.7099999999998587        1.0000000000000000     
   8.7199999999998585        1.0000000000000000     
   8.7299999999998583        1.0000000000000000     
   8.7399999999998581        1.0000000000000000     
   8.7499999999998579        1.0000000000000000     
   8.7599999999998577        1.0000000000000000     
   8.7699999999998575        1.0000000000000000     
   8.7799999999998573        1.0000000000000000     
   8.7899999999998570        1.0000000000000000     
   8.7999999999998568        1.0000000000000000     
   8.8099999999998566        1.0000000000000000     
   8.8199999999998564        1.0000000000000000     
   8.8299999999998562        1.0000000000000000     
   8.8399999999998560        1.0000000000000000     
   8.8499999999998558        1.0000000000000000     
   8.8599999999998555        1.0000000000000000     
   8.8699999999998553        1.0000000000000000     
   8.8799999999998551        1.0000000000000000     
   8.8899999999998549        1.0000000000000000     
   8.8999999999998547        1.0000000000000000     
   8.9099999999998545        1.0000000000000000     
   8.9199999999998543        1.0000000000000000     
   8.9299999999998541        1.0000000000000000     
   8.9399999999998538        1.0000000000000000     
   8.9499999999998536        1.0000000000000000     
   8.9599999999998534        1.0000000000000000     
   8.9699999999998532        1.0000000000000000     
   8.9799999999998530        1.0000000000000000     
   8.9899999999998528        1.0000000000000000     
   8.9999999999998526        1.0000000000000000     
   9.0099999999998523        1.0000000000000000     
   9.0199999999998521        1.0000000000000000     
   9.0299999999998519        1.0000000000000000     
   9.0399999999998517        1.0000000000000000     
   9.0499999999998515        1.0000000000000000     
   9.0599999999998513        1.0000000000000000     
   9.0699999999998511        1.0000000000000000     
   9.0799999999998509        1.0000000000000000     
   9.0899999999998506        1.0000000000000000     
   9.0999999999998504        1.0000000000000000     
   9.1099999999998502        1.0000000000000000     
   9.1199999999998500        1.0000000000000000     
   9.1299999999998498        1.0000000000000000     
   9.1399999999998496        1.0000000000000000     
   9.1499999999998494        1.0000000000000000     
   9.1599999999998492        1.0000000000000000     
   9.1699999999998489        1.0000000000000000     
   9.1799999999998487        1.0000000000000000     
   9.1899999999998485        1.0000000000000000     
   9.1999999999998483        1.0000000000000000     
   9.2099999999998481        1.0000000000000000     
   9.2199999999998479        1.0000000000000000     
   9.2299999999998477        1.0000000000000000     
   9.2399999999998474        1.0000000000000000     
   9.2499999999998472        1.0000000000000000     
   9.2599999999998470        1.0000000000000000     
   9.2699999999998468        1.0000000000000000     
   9.2799999999998466        1.0000000000000000     
   9.2899999999998464        1.0000000000000000     
   9.2999999999998462        1.0000000000000000     
   9.3099999999998460        1.0000000000000000     
   9.3199999999998457        1.0000000000000000     
   9.3299999999998455        1.0000000000000000     
   9.3399999999998453        1.0000000000000000     
   9.3499999999998451        1.0000000000000000     
   9.3599999999998449        1.0000000000000000     
   9.3699999999998447        1.0000000000000000     
   9.3799999999998445        1.0000000000000000     
   9.3899999999998442        1.0000000000000000     
   9.3999999999998440        1.0000000000000000     
   9.4099999999998438        1.0000000000000000     
   9.4199999999998436        1.0000000000000000     
   9.4299999999998434        1.0000000000000000     
   9.4399999999998432        1.0000000000000000     
   9.4499999999998430        1.0000000000000000     
   9.4599999999998428        1.0000000000000000     
   9.4699999999998425        1.0000000000000000     
   9.4799999999998423        1.0000000000000000     
   9.4899999999998421        1.0000000000000000     
   9.4999999999998419        1.0000000000000000     
   9.5099999999998417        1.0000000000000000     
   9.5199999999998415        1.0000000000000000     
   9.5299999999998413        1.0000000000000000     
   9.5399999999998411        1.0000000000000000     
   9.5499999999998408        1.0000000000000000     
   9.5599999999998406        1.0000000000000000     
   9.5699999999998404        1.0000000000000000     
   9.5799999999998402        1.0000000000000000     
   9.5899999999998400        1.0000000000000000     
   9.5999999999998398        1.0000000000000000     
   9.6099999999998396        1.0000000000000000     
   9.6199999999998393        1.0000000000000000     
   9.6299999999998391        1.0000000000000000     
   9.6399999999998389        1.0000000000000000     
   9.6499999999998387        1.0000000000000000     
   9.6599999999998385        1.0000000000000000     
   9.6699999999998383        1.0000000000000000     
   9.6799999999998381        1.0000000000000000     
   9.6899999999998379        1.0000000000000000     
   9.6999999999998376        1.0000000000000000     
   9.7099999999998374        1.0000000000000000     
   9.7199999999998372        1.0000000000000000     
   9.7299999999998370        1.0000000000000000     
   9.7399999999998368        1.0000000000000000     
   9.7499999999998366        1.0000000000000000     
   9.7599999999998364        1.0000000000000000     
   9.7699999999998361        1.0000000000000000     
   9.7799999999998359        1.0000000000000000     
   9.7899999999998357        1.0000000000000000     
   9.7999999999998355        1.0000000000000000     
   9.8099999999998353        1.0000000000000000     
   9.8199999999998351        1.0000000000000000     
   9.8299999999998349        1.0000000000000000     
   9.8399999999998347        1.0000000000000000     
   9.8499999999998344        1.0000000000000000     
   9.8599999999998342        1.0000000000000000     
   9.8699999999998340        1.0000000000000000     
   9.8799999999998338        1.0000000000000000     
   9.8899999999998336        1.0000000000000000     
   9.8999999999998334        1.0000000000000000     
   9.9099999999998332        1.0000000000000000     
   9.9199999999998330        1.0000000000000000     
   9.9299999999998327        1.0000000000000000     
   9.9399999999998325        1.0000000000000000     
   9.9499999999998323        1.0000000000000000     
   9.9599999999998321        1.0000000000000000     
   9.9699999999998319        1.0000000000000000     
   9.9799999999998317        1.0000000000000000     
   9.9899999999998315        1.0000000000000000     
   9.9999999999998312        1.0000000000000000     
