   0.0000000000000000       -4.6259292692714853E-018
   1.0000000000000000E-002   2.3711381846447696E-003
   2.0000000000000000E-002   4.7478384506649948E-003
   2.9999999999999999E-002   7.1356452693332913E-003
   4.0000000000000001E-002   9.5400678425319047E-003
   5.0000000000000003E-002   1.1966562346972950E-002
   6.0000000000000005E-002   1.4420514038313681E-002
   7.0000000000000007E-002   1.6907219176930600E-002
   8.0000000000000002E-002   1.9431866744033775E-002
   8.9999999999999997E-002   2.1999519925027522E-002
   9.9999999999999992E-002   2.4615097346368433E-002
  0.10999999999999999        2.7283354062431524E-002
  0.11999999999999998        3.0008862299880493E-002
  0.12999999999999998        3.2795991978643149E-002
  0.13999999999999999        3.5648891040733349E-002
  0.14999999999999999        3.8571465630846423E-002
  0.16000000000000000        4.1567360185935293E-002
  0.17000000000000001        4.4639937504971951E-002
  0.18000000000000002        4.7792258884936129E-002
  0.19000000000000003        5.1027064424885256E-002
  0.20000000000000004        5.4346753616850839E-002
  0.21000000000000005        5.7753366360240088E-002
  0.22000000000000006        6.1248564555321294E-002
  0.23000000000000007        6.4833614450911750E-002
  0.24000000000000007        6.8509369941137099E-002
  0.25000000000000006        7.2276257025405619E-002
  0.26000000000000006        7.6134259663734397E-002
  0.27000000000000007        8.0082907275276421E-002
  0.28000000000000008        8.4121264140262164E-002
  0.29000000000000009        8.8247920973492280E-002
  0.30000000000000010        9.2460988939908617E-002
  0.31000000000000011        9.6758096378740652E-002
  0.32000000000000012       0.10113638849151015     
  0.33000000000000013       0.10559253023032379     
  0.34000000000000014       0.11012271259622441     
  0.35000000000000014       0.11472266252309987     
  0.36000000000000015       0.11938765648121367     
  0.37000000000000016       0.12411253788666131     
  0.38000000000000017       0.12889173834996501     
  0.39000000000000018       0.13371930273985522     
  0.40000000000000019       0.13858891797836836     
  0.41000000000000020       0.14349394542213481     
  0.42000000000000021       0.14842745662351456     
  0.43000000000000022       0.15338227220541975     
  0.44000000000000022       0.15835100352651504     
  0.45000000000000023       0.16332609676019474     
  0.46000000000000024       0.16829987896238616     
  0.47000000000000025       0.17326460566086591     
  0.48000000000000026       0.17821250946332437     
  0.49000000000000027       0.18313584915378037     
  0.50000000000000022       0.18802695872788092     
  0.51000000000000023       0.19287829580790986     
  0.52000000000000024       0.19768248887845483     
  0.53000000000000025       0.20243238279411371     
  0.54000000000000026       0.20712108203151006     
  0.55000000000000027       0.21174199118912651     
  0.56000000000000028       0.21628885227971265     
  0.57000000000000028       0.22075577841047841     
  0.58000000000000029       0.22513728350498499     
  0.59000000000000030       0.22942830778613946     
  0.60000000000000031       0.23362423881043723     
  0.61000000000000032       0.23772092791771082     
  0.62000000000000033       0.24171470203618009     
  0.63000000000000034       0.24560237085761030     
  0.64000000000000035       0.24938122946986460     
  0.65000000000000036       0.25304905660237892     
  0.66000000000000036       0.25660410870238742     
  0.67000000000000037       0.26004511011484138     
  0.68000000000000038       0.26337123968581211     
  0.69000000000000039       0.26658211414705607     
  0.70000000000000040       0.26967776866796911     
  0.71000000000000041       0.27265863498029191     
  0.72000000000000042       0.27552551749086535     
  0.73000000000000043       0.27827956779895774     
  0.74000000000000044       0.28092225802786325     
  0.75000000000000044       0.28345535336643962     
  0.76000000000000045       0.28588088419601432     
  0.77000000000000046       0.28820111815264099     
  0.78000000000000047       0.29041853244512228     
  0.79000000000000048       0.29253578671661590     
  0.80000000000000049       0.29455569670301451     
  0.81000000000000050       0.29648120890562818     
  0.82000000000000051       0.29831537645988476     
  0.83000000000000052       0.30006133634656179     
  0.84000000000000052       0.30172228805820217     
  0.85000000000000053       0.30330147380134392     
  0.86000000000000054       0.30480216028549584     
  0.87000000000000055       0.30622762212272386     
  0.88000000000000056       0.30758112683751554     
  0.89000000000000057       0.30886592146534930     
  0.90000000000000058       0.31008522070018035     
  0.91000000000000059       0.31124219653578705     
  0.92000000000000060       0.31233996933351860     
  0.93000000000000060       0.31338160023925454     
  0.94000000000000061       0.31437008486517110     
  0.95000000000000062       0.31530834814694131     
  0.96000000000000063       0.31619924028406682     
  0.97000000000000064       0.31704553366989535     
  0.98000000000000065       0.31784992071826340     
  0.99000000000000066       0.31861501249540181     
   1.0000000000000007       0.31934333806851517     
   1.0100000000000007       0.32003734448611648     
   1.0200000000000007       0.32069939730952191     
   1.0300000000000007       0.32133178161981985     
   1.0400000000000007       0.32193670342985947     
   1.0500000000000007       0.32251629143634714     
   1.0600000000000007       0.32307259905279900     
   1.0700000000000007       0.32360760666981075     
   1.0800000000000007       0.32412322409484418     
   1.0900000000000007       0.32462129312931087     
   1.1000000000000008       0.32510359024620483     
   1.1100000000000008       0.32557182933679707     
   1.1200000000000008       0.32602766449985532     
   1.1300000000000008       0.32647269285153208     
   1.1400000000000008       0.32690845733830459     
   1.1500000000000008       0.32733644953918506     
   1.1600000000000008       0.32775811244670594     
   1.1700000000000008       0.32817484321889429     
   1.1800000000000008       0.32858799589651183     
   1.1900000000000008       0.32899888408115918     
   1.2000000000000008       0.32940878357038589     
   1.2100000000000009       0.32981893494565345     
   1.2200000000000009       0.33023054610783215     
   1.2300000000000009       0.33064479475287128     
   1.2400000000000009       0.33106283077737891     
   1.2500000000000009       0.33148577860014228     
   1.2600000000000009       0.33191473938120181     
   1.2700000000000009       0.33235079311510746     
   1.2800000000000009       0.33279500056960681     
   1.2900000000000009       0.33324840503543934     
   1.3000000000000009       0.33371203384745929     
   1.3100000000000009       0.33418689963216663     
   1.3200000000000010       0.33467400123230290     
   1.3300000000000010       0.33517432425566768     
   1.3400000000000010       0.33568884119314063     
   1.3500000000000010       0.33621851105024619     
   1.3600000000000010       0.33676427843780132     
   1.3700000000000010       0.33732707207038454     
   1.3800000000000010       0.33790780262678360     
   1.3900000000000010       0.33850735993423847     
   1.4000000000000010       0.33912660944828549     
   1.4100000000000010       0.33976638801224507     
   1.4200000000000010       0.34042749889478241     
   1.4300000000000010       0.34111070612031652     
   1.4400000000000011       0.34181672812510627     
   1.4500000000000011       0.34254623079128921     
   1.4600000000000011       0.34329981993158504     
   1.4700000000000011       0.34407803331839132     
   1.4800000000000011       0.34488133237206231     
   1.4900000000000011       0.34571009364373828     
   1.5000000000000011       0.34656460024756269     
   1.5100000000000011       0.34744503341487926     
   1.5200000000000011       0.34835146435830500     
   1.5300000000000011       0.34928384664581708     
   1.5400000000000011       0.35024200929342392     
   1.5500000000000012       0.35122565078897078     
   1.5600000000000012       0.35223433425858541     
   1.5700000000000012       0.35326748398063540     
   1.5800000000000012       0.35432438343950817     
   1.5900000000000012       0.35540417509278011     
   1.6000000000000012       0.35650586200039763     
   1.6100000000000012       0.35762831143357499     
   1.6200000000000012       0.35877026054462968     
   1.6300000000000012       0.35993032413773224     
   1.6400000000000012       0.36110700453542677     
   1.6500000000000012       0.36229870348814336     
   1.6600000000000013       0.36350373602511432     
   1.6700000000000013       0.36472034609681403     
   1.6800000000000013       0.36594672381296128     
   1.6900000000000013       0.36718102403796554     
   1.7000000000000013       0.36842138606913105     
   1.7100000000000013       0.36966595409348352     
   1.7200000000000013       0.37091289809793659     
   1.7300000000000013       0.37216043489565886     
   1.7400000000000013       0.37340684892943116     
   1.7500000000000013       0.37465051252062254     
   1.7600000000000013       0.37588990524987292     
   1.7700000000000014       0.37712363218185324     
   1.7800000000000014       0.37835044068051760     
   1.7900000000000014       0.37956923560157224     
   1.8000000000000014       0.38077909269383126     
   1.8100000000000014       0.38197927008884802     
   1.8200000000000014       0.38316921780685548     
   1.8300000000000014       0.38434858525481475     
   1.8400000000000014       0.38551722673753736     
   1.8500000000000014       0.38667520504402225     
   1.8600000000000014       0.38782279320706819     
   1.8700000000000014       0.38896047456405025     
   1.8800000000000014       0.39008894126990229     
   1.8900000000000015       0.39120909142955412     
   1.9000000000000015       0.39232202502642388     
   1.9100000000000015       0.39342903882629915     
   1.9200000000000015       0.39453162043261164     
   1.9300000000000015       0.39563144166038305     
   1.9400000000000015       0.39673035138277224     
   1.9500000000000015       0.39783036798704502     
   1.9600000000000015       0.39893367155677795     
   1.9700000000000015       0.40004259587507840     
   1.9800000000000015       0.40115962032029234     
   1.9900000000000015       0.40228736170192309     
   2.0000000000000013       0.40342856606081351     
   2.0100000000000011       0.40458610043479126     
   2.0200000000000009       0.40576294456922785     
   2.0300000000000007       0.40696218253192723     
   2.0400000000000005       0.40818699417358045     
   2.0500000000000003       0.40944064635909400     
   2.0600000000000001       0.41072648388159078     
   2.0699999999999998       0.41204791995993278     
   2.0799999999999996       0.41340842621246177     
   2.0899999999999994       0.41481152199432197     
   2.0999999999999992       0.41626076298339276     
   2.1099999999999990       0.41775972890060697     
   2.1199999999999988       0.41931201025431086     
   2.1299999999999986       0.42092119400548089     
   2.1399999999999983       0.42259084806104169     
   2.1499999999999981       0.42432450451632042     
   2.1599999999999979       0.42612564158481986     
   2.1699999999999977       0.42799766417398399     
   2.1799999999999975       0.42994388308938492     
   2.1899999999999973       0.43196749287670794     
   2.1999999999999971       0.43407154834082268     
   2.2099999999999969       0.43625893981390568     
   2.2199999999999966       0.43853236727969169     
   2.2299999999999964       0.44089431349810632     
   2.2399999999999962       0.44334701631324763     
   2.2499999999999960       0.44589244036746095     
   2.2599999999999958       0.44853224848437262     
   2.2699999999999956       0.45126777302350835     
   2.2799999999999954       0.45409998754770364     
   2.2899999999999952       0.45702947918096187     
   2.2999999999999949       0.46005642206777014     
   2.3099999999999947       0.46318055237397343     
   2.3199999999999945       0.46640114529304427     
   2.3299999999999943       0.46971699453862126     
   2.3399999999999941       0.47312639481331126     
   2.3499999999999939       0.47662712774362692     
   2.3599999999999937       0.48021645176027894     
   2.3699999999999934       0.48389109638071531     
   2.3799999999999932       0.48764726131578673     
   2.3899999999999930       0.49148062077395305     
   2.3999999999999928       0.49538633327415121     
   2.4099999999999926       0.49935905720232210     
   2.4199999999999924       0.50339297225724489     
   2.4299999999999922       0.50748180682989452     
   2.4399999999999920       0.51161887124881933     
   2.4499999999999917       0.51579709670459406     
   2.4599999999999915       0.52000907954220299     
   2.4699999999999913       0.52424713048510452     
   2.4799999999999911       0.52850332823262780     
   2.4899999999999909       0.53276957675780445     
   2.4999999999999907       0.53703766552997023     
   2.5099999999999905       0.54129933179988221     
   2.5199999999999902       0.54554632401834546     
   2.5299999999999900       0.54977046541570196     
   2.5399999999999898       0.55396371675119427     
   2.5499999999999896       0.55811823724955667     
   2.5599999999999894       0.56222644277727063     
   2.5699999999999892       0.56628106037186166     
   2.5799999999999890       0.57027517832228958     
   2.5899999999999888       0.57420229110381349     
   2.5999999999999885       0.57805633859282557     
   2.6099999999999883       0.58183173912153863     
   2.6199999999999881       0.58552341607414704     
   2.6299999999999879       0.58912681787024879     
   2.6399999999999877       0.59263793132299514     
   2.6499999999999875       0.59605328849415262     
   2.6599999999999873       0.59936996729209702     
   2.6699999999999871       0.60258558616838520     
   2.6799999999999868       0.60569829336164760     
   2.6899999999999866       0.60870675121235418     
   2.6999999999999864       0.61161011612783678     
   2.7099999999999862       0.61440801481377993     
   2.7199999999999860       0.61710051740692717     
   2.7299999999999858       0.61968810814526820     
   2.7399999999999856       0.62217165419825993     
   2.7499999999999853       0.62455237325280022     
   2.7599999999999851       0.62683180041297126     
   2.7699999999999849       0.62901175492544370     
   2.7799999999999847       0.63109430719018067     
   2.7899999999999845       0.63308174645997028     
   2.7999999999999843       0.63497654957441008     
   2.8099999999999841       0.63678135101599509     
   2.8199999999999839       0.63849891451958596     
   2.8299999999999836       0.64013210641284235     
   2.8399999999999834       0.64168387081533518     
   2.8499999999999832       0.64315720677855459     
   2.8599999999999830       0.64455514740843278     
   2.8699999999999828       0.64588074097648351     
   2.8799999999999826       0.64713703399531652     
   2.8899999999999824       0.64832705620889275     
   2.8999999999999821       0.64945380742736591     
   2.9099999999999819       0.65052024612016734     
   2.9199999999999817       0.65152927966897012     
   2.9299999999999815       0.65248375617369980     
   2.9399999999999813       0.65338645769948300     
   2.9499999999999811       0.65424009484991830     
   2.9599999999999809       0.65504730255180499     
   2.9699999999999807       0.65581063693813080     
   2.9799999999999804       0.65653257321931491     
   2.9899999999999802       0.65721550443707144     
   2.9999999999999800       0.65786174100045891     
   3.0099999999999798       0.65847351090959150     
   3.0199999999999796       0.65905296057864005     
   3.0299999999999794       0.65960215617623119     
   3.0399999999999792       0.66012308540773634     
   3.0499999999999790       0.66061765967032193     
   3.0599999999999787       0.66108771651771969     
   3.0699999999999785       0.66153502237751027     
   3.0799999999999783       0.66196127546922867     
   3.0899999999999781       0.66236810887662878     
   3.0999999999999779       0.66275709373213099     
   3.1099999999999777       0.66312974247569489     
   3.1199999999999775       0.66348751215408497     
   3.1299999999999772       0.66383180772985273     
   3.1399999999999770       0.66416398537218069     
   3.1499999999999768       0.66448535570420042     
   3.1599999999999766       0.66479718698339940     
   3.1699999999999764       0.66510070819337430     
   3.1799999999999762       0.66539711202639806     
   3.1899999999999760       0.66568755773724375     
   3.1999999999999758       0.66597317384924215     
   3.2099999999999755       0.66625506069388463     
   3.2199999999999753       0.66653429276533827     
   3.2299999999999751       0.66681192087110841     
   3.2399999999999749       0.66708897405975109     
   3.2499999999999747       0.66736646130613642     
   3.2599999999999745       0.66764537293428494     
   3.2699999999999743       0.66792668175733161     
   3.2799999999999740       0.66821134391377590     
   3.2899999999999738       0.66850029937895494     
   3.2999999999999736       0.66879447213068499     
   3.3099999999999734       0.66909476994835748     
   3.3199999999999732       0.66940208382561117     
   3.3299999999999730       0.66971728697799915     
   3.3399999999999728       0.67004123342911248     
   3.3499999999999726       0.67037475616143405     
   3.3599999999999723       0.67071866482185838     
   3.3699999999999721       0.67107374297652400     
   3.3799999999999719       0.67144074491541239     
   3.3899999999999717       0.67182039201410015     
   3.3999999999999715       0.67221336866827930     
   3.4099999999999713       0.67262031782600085     
   3.4199999999999711       0.67304183615324764     
   3.4299999999999708       0.67347846888008533     
   3.4399999999999706       0.67393070438722891     
   3.4499999999999704       0.67439896860617310     
   3.4599999999999702       0.67488361931964247     
   3.4699999999999700       0.67538494046274600     
   3.4799999999999698       0.67590313653827006     
   3.4899999999999696       0.67643832727155717     
   3.4999999999999694       0.67699054264065384     
   3.5099999999999691       0.67755971842535556     
   3.5199999999999689       0.67814569242361600     
   3.5299999999999687       0.67874820148495185     
   3.5399999999999685       0.67936687950734376     
   3.5499999999999683       0.68000125653626908     
   3.5599999999999681       0.68065075909148287     
   3.5699999999999679       0.68131471182893621     
   3.5799999999999677       0.68199234062191305     
   3.5899999999999674       0.68268277711726910     
   3.5999999999999672       0.68338506479044270     
   3.6099999999999670       0.68409816648738042     
   3.6199999999999668       0.68482097340393677     
   3.6299999999999666       0.68555231541501060     
   3.6399999999999664       0.68629097262812611     
   3.6499999999999662       0.68703568800100656     
   3.6599999999999659       0.68778518083134976     
   3.6699999999999657       0.68853816090103548     
   3.6799999999999655       0.68929334303752388     
   3.6899999999999653       0.69004946184320171     
   3.6999999999999651       0.69080528633947813     
   3.7099999999999649       0.69155963427670253     
   3.7199999999999647       0.69231138587332008     
   3.7299999999999645       0.69305949676739953     
   3.7399999999999642       0.69380300998991240     
   3.7499999999999640       0.69454106680063010     
   3.7599999999999638       0.69527291626280652     
   3.7699999999999636       0.69599792347038048     
   3.7799999999999634       0.69671557637970183     
   3.7899999999999632       0.69742549123524755     
   3.7999999999999630       0.69812741661407085     
   3.8099999999999627       0.69882123614571434     
   3.8199999999999625       0.69950696999205142     
   3.8299999999999623       0.70018477519440614     
   3.8399999999999621       0.70085494501295387     
   3.8499999999999619       0.70151790739572728     
   3.8599999999999617       0.70217422272169971     
   3.8699999999999615       0.70282458096462763     
   3.8799999999999613       0.70346979842219703     
   3.8899999999999610       0.70411081414900145     
   3.8999999999999608       0.70474868622268438     
   3.9099999999999606       0.70538458796083292     
   3.9199999999999604       0.70601980419256893     
   3.9299999999999602       0.70665572767380469     
   3.9399999999999600       0.70729385571946157     
   3.9499999999999598       0.70793578710986538     
   3.9599999999999596       0.70858321931262747     
   3.9699999999999593       0.70923794604571266     
   3.9799999999999591       0.70990185519241988     
   3.9899999999999589       0.71057692706472286     
   3.9999999999999587       0.71126523299797484     
   4.0099999999999589       0.71196893424739149     
   4.0199999999999587       0.71269028114490351     
   4.0299999999999585       0.71343161246402220     
   4.0399999999999583       0.71419535493003661     
   4.0499999999999581       0.71498402280329199     
   4.0599999999999579       0.71580021745422329     
   4.0699999999999577       0.71664662684032665     
   4.0799999999999574       0.71752602478726235     
   4.0899999999999572       0.71844126996871749     
   4.0999999999999570       0.71939530447266575     
   4.1099999999999568       0.72039115183517144     
   4.1199999999999566       0.72143191441710064     
   4.1299999999999564       0.72252076999409598     
   4.1399999999999562       0.72366096742618058     
   4.1499999999999559       0.72485582127059811     
   4.1599999999999557       0.72610870520026338     
   4.1699999999999555       0.72742304409084690     
   4.1799999999999553       0.72880230464236684     
   4.1899999999999551       0.73024998440667277     
   4.1999999999999549       0.73176959910079320     
   4.2099999999999547       0.73336466809815981     
   4.2199999999999545       0.73503869800573618     
   4.2299999999999542       0.73679516425535851     
   4.2399999999999540       0.73863749066253470     
   4.2499999999999538       0.74056902693576443     
   4.2599999999999536       0.74259302415423856     
   4.2699999999999534       0.74471260827158281     
   4.2799999999999532       0.74693075174781420     
   4.2899999999999530       0.74925024346055435     
   4.2999999999999527       0.75167365709901690     
   4.3099999999999525       0.75420331829950416     
   4.3199999999999523       0.75684127083784747     
   4.3299999999999521       0.75958924225096680     
   4.3399999999999519       0.76244860931483449     
   4.3499999999999517       0.76542036385763434     
   4.3599999999999515       0.76850507943286972     
   4.3699999999999513       0.77170287941541071     
   4.3799999999999510       0.77501340711194489     
   4.3899999999999508       0.77843579849413713     
   4.3999999999999506       0.78196865816621619     
   4.4099999999999504       0.78561003916745253     
   4.4199999999999502       0.78935742718315705     
   4.4299999999999500       0.79320772969507070     
   4.4399999999999498       0.79715727054354302     
   4.4499999999999496       0.80120179030054894     
   4.4599999999999493       0.80533645276581078     
   4.4699999999999491       0.80955585779993211     
   4.4799999999999489       0.81385406060100696     
   4.4899999999999487       0.81822459741729192     
   4.4999999999999485       0.82266051757113712     
   4.5099999999999483       0.82715442155163943     
   4.5199999999999481       0.83169850481817609     
   4.5299999999999478       0.83628460684713690     
   4.5399999999999476       0.84090426485232117     
   4.5499999999999474       0.84554877151797114     
   4.5599999999999472       0.85020923600429421     
   4.5699999999999470       0.85487664742032565     
   4.5799999999999468       0.85954193990944516     
   4.5899999999999466       0.86419605845987180     
   4.5999999999999464       0.86883002453682412     
   4.6099999999999461       0.87343500063515422     
   4.6199999999999459       0.87800235287125517     
   4.6299999999999457       0.88252371077077518     
   4.6399999999999455       0.88699102346331238     
   4.6499999999999453       0.89139661156599148     
   4.6599999999999451       0.89573321412292717     
   4.6699999999999449       0.89999403006523659     
   4.6799999999999446       0.90417275376403328     
   4.6899999999999444       0.90826360436389575     
   4.6999999999999442       0.91226134870382636     
   4.7099999999999440       0.91616131775308096     
   4.7199999999999438       0.91995941660763159     
   4.7299999999999436       0.92365212820582732     
   4.7399999999999434       0.92723651102636084     
   4.7499999999999432       0.93071019112520981     
   4.7599999999999429       0.93407134894864485     
   4.7699999999999427       0.93731870142528795     
   4.7799999999999425       0.94045147989032829     
   4.7899999999999423       0.94346940442921434     
   4.7999999999999421       0.94637265524654524     
   4.8099999999999419       0.94916184166923268     
   4.8199999999999417       0.95183796938255893     
   4.8299999999999415       0.95440240647503582     
   4.8399999999999412       0.95685684883479050     
   4.8499999999999410       0.95920328539870170     
   4.8599999999999408       0.96144396370746710     
   4.8699999999999406       0.96358135616752072     
   4.8799999999999404       0.96561812736590225     
   4.8899999999999402       0.96755710272868622     
   4.8999999999999400       0.96940123875890294     
   4.9099999999999397       0.97115359503726773     
   4.9199999999999395       0.97281730811959033     
   4.9299999999999393       0.97439556741917510     
   4.9399999999999391       0.97589159312146367     
   4.9499999999999389       0.97730861614184450     
   4.9599999999999387       0.97864986010621668     
   4.9699999999999385       0.97991852530737444     
   4.9799999999999383       0.98111777456858318     
   4.9899999999999380       0.98225072092837662     
   4.9999999999999378       0.98332041704747442     
   5.0099999999999376       0.98432984622927844     
   5.0199999999999374       0.98528191493927031     
   5.0299999999999372       0.98617944670536850     
   5.0399999999999370       0.98702517728054373     
   5.0499999999999368       0.98782175095020797     
   5.0599999999999365       0.98857171786982401     
   5.0699999999999363       0.98927753232242033     
   5.0799999999999361       0.98994155179092092     
   5.0899999999999359       0.99056603674618404     
   5.0999999999999357       0.99115315105810220     
   5.1099999999999355       0.99170496294379917     
   5.1199999999999353       0.99222344637390192     
   5.1299999999999351       0.99271048286460195     
   5.1399999999999348       0.99316786358994202     
   5.1499999999999346       0.99359729175521005     
   5.1599999999999344       0.99400038517850120     
   5.1699999999999342       0.99437867903329913     
   5.1799999999999340       0.99473362871043192     
   5.1899999999999338       0.99506661276276454     
   5.1999999999999336       0.99537893590074189     
   5.2099999999999334       0.99567183201109799     
   5.2199999999999331       0.99594646717501101     
   5.2299999999999329       0.99620394266547263     
   5.2399999999999327       0.99644529790683212     
   5.2499999999999325       0.99667151338231752     
   5.2599999999999323       0.99688351347785431     
   5.2699999999999321       0.99708216925276616     
   5.2799999999999319       0.99726830112987574     
   5.2899999999999316       0.99744268149931614     
   5.2999999999999314       0.99760603723179464     
   5.3099999999999312       0.99775905209842819     
   5.3199999999999310       0.99790236909533225     
   5.3299999999999308       0.99803659267217348     
   5.3399999999999306       0.99816229086461583     
   5.3499999999999304       0.99827999733140282     
   5.3599999999999302       0.99839021329725897     
   5.3699999999999299       0.99849340940336984     
   5.3799999999999297       0.99859002746751935     
   5.3899999999999295       0.99868048215628358     
   5.3999999999999293       0.99876516257194436     
   5.4099999999999291       0.99884443375691412     
   5.4199999999999289       0.99891863811864778     
   5.4299999999999287       0.99898809677805289     
   5.4399999999999284       0.99905311084450288     
   5.4499999999999282       0.99911396262054575     
   5.4599999999999280       0.99917091673940661     
   5.4699999999999278       0.99922422123835331     
   5.4799999999999276       0.99927410857093146     
   5.4899999999999274       0.99932079656105854     
   5.4999999999999272       0.99936448930181720     
   5.5099999999999270       0.99940537800179341     
   5.5199999999999267       0.99944364178165024     
   5.5299999999999265       0.99947944842355796     
   5.5399999999999263       0.99951295507601212     
   5.5499999999999261       0.99954430891645518     
   5.5599999999999259       0.99957364777402125     
   5.5699999999999257       0.99960110071463582     
   5.5799999999999255       0.99962678859056853     
   5.5899999999999253       0.99965082455648735     
   5.5999999999999250       0.99967331455392017     
   5.6099999999999248       0.99969435776594417     
   5.6199999999999246       0.99971404704386613     
   5.6299999999999244       0.99973246930752024     
   5.6399999999999242       0.99974970592074641     
   5.6499999999999240       0.99976583304352873     
   5.6599999999999238       0.99978092196219703     
   5.6699999999999235       0.99979503939899284     
   5.6799999999999233       0.99980824780227573     
   5.6899999999999231       0.99982060561851227     
   5.6999999999999229       0.99983216754719206     
   5.7099999999999227       0.99984298477968514     
   5.7199999999999225       0.99985310522305626     
   5.7299999999999223       0.99986257370973153     
   5.7399999999999221       0.99987143219392360     
   5.7499999999999218       0.99987971993561697     
   5.7599999999999216       0.99988747367288866     
   5.7699999999999214       0.99989472778329558     
   5.7799999999999212       0.99990151443501540     
   5.7899999999999210       0.99990786372836959     
   5.7999999999999208       0.99991380382834205     
   5.8099999999999206       0.99991936108865753     
   5.8199999999999203       0.99992456016794806     
   5.8299999999999201       0.99992942413850960     
   5.8399999999999199       0.99993397458811328     
   5.8499999999999197       0.99993823171531371     
   5.8599999999999195       0.99994221441866493     
   5.8699999999999193       0.99994594038022677     
   5.8799999999999191       0.99994942614373084     
   5.8899999999999189       0.99995268718774255     
   5.8999999999999186       0.99995573799412873     
   5.9099999999999184       0.99995859211214733     
   5.9199999999999182       0.99996126221842063     
   5.9299999999999180       0.99996376017306765     
   5.9399999999999178       0.99996609707222961     
   5.9499999999999176       0.99996828329722476     
   5.9599999999999174       0.99997032856055534     
   5.9699999999999172       0.99997224194894851     
   5.9799999999999169       0.99997403196363976     
   5.9899999999999167       0.99997570655806689     
   5.9999999999999165       0.99997727317313567     
   6.0099999999999163       0.99997873877022958     
   6.0199999999999161       0.99998010986208785     
   6.0299999999999159       0.99998139254169616     
   6.0399999999999157       0.99998259250933030     
   6.0499999999999154       0.99998371509785189     
   6.0599999999999152       0.99998476529636993     
   6.0699999999999150       0.99998574777239890     
   6.0799999999999148       0.99998666689256843     
   6.0899999999999146       0.99998752674201763     
   6.0999999999999144       0.99998833114253260     
   6.1099999999999142       0.99998908366951322     
   6.1199999999999140       0.99998978766785696     
   6.1299999999999137       0.99999044626680844     
   6.1399999999999135       0.99999106239386848     
   6.1499999999999133       0.99999163878778019     
   6.1599999999999131       0.99999217801071516     
   6.1699999999999129       0.99999268245964001     
   6.1799999999999127       0.99999315437697334     
   6.1899999999999125       0.99999359586054715     
   6.1999999999999122       0.99999400887292289     
   6.2099999999999120       0.99999439525012013     
   6.2199999999999118       0.99999475670976701     
   6.2299999999999116       0.99999509485873561     
   6.2399999999999114       0.99999541120028568     
   6.2499999999999112       0.99999570714073904     
   6.2599999999999110       0.99999598399573408     
   6.2699999999999108       0.99999624299606948     
   6.2799999999999105       0.99999648529317886     
   6.2899999999999103       0.99999671196424089     
   6.2999999999999101       0.99999692401697404     
   6.3099999999999099       0.99999712239411387     
   6.3199999999999097       0.99999730797759767     
   6.3299999999999095       0.99999748159249113     
   6.3399999999999093       0.99999764401065538     
   6.3499999999999091       0.99999779595417382     
   6.3599999999999088       0.99999793809856341     
   6.3699999999999086       0.99999807107577887     
   6.3799999999999084       0.99999819547702107     
   6.3899999999999082       0.99999831185536303     
   6.3999999999999080       0.99999842072821410     
   6.4099999999999078       0.99999852257961142     
   6.4199999999999076       0.99999861786238087     
   6.4299999999999073       0.99999870700014315     
   6.4399999999999071       0.99999879038919859     
   6.4499999999999069       0.99999886840029362     
   6.4599999999999067       0.99999894138026135     
   6.4699999999999065       0.99999900965357058     
   6.4799999999999063       0.99999907352376105     
   6.4899999999999061       0.99999913327480050     
   6.4999999999999059       0.99999918917233988     
   6.5099999999999056       0.99999924146490271     
   6.5199999999999054       0.99999929038497914     
   6.5299999999999052       0.99999933615006953     
   6.5399999999999050       0.99999937896364666     
   6.5499999999999048       0.99999941901606126     
   6.5599999999999046       0.99999945648538491     
   6.5699999999999044       0.99999949153821055     
   6.5799999999999041       0.99999952433038253     
   6.5899999999999039       0.99999955500769533     
   6.5999999999999037       0.99999958370654296     
   6.6099999999999035       0.99999961055452047     
   6.6199999999999033       0.99999963567099748     
   6.6299999999999031       0.99999965916764155     
   6.6399999999999029       0.99999968114892013     
   6.6499999999999027       0.99999970171256303     
   6.6599999999999024       0.99999972094999734     
   6.6699999999999022       0.99999973894675520     
   6.6799999999999020       0.99999975578284872     
   6.6899999999999018       0.99999977153313502     
   6.6999999999999016       0.99999978626763975     
   6.7099999999999014       0.99999980005187250     
   6.7199999999999012       0.99999981294712115     
   6.7299999999999010       0.99999982501071683     
   6.7399999999999007       0.99999983629629552     
   6.7499999999999005       0.99999984685403442     
   6.7599999999999003       0.99999985673087377     
   6.7699999999999001       0.99999986597072732     
   6.7799999999998999       0.99999987461467477     
   6.7899999999998997       0.99999988270114815     
   6.7999999999998995       0.99999989026610148     
   6.8099999999998992       0.99999989734316885     
   6.8199999999998990       0.99999990396381511     
   6.8299999999998988       0.99999991015747502     
   6.8399999999998986       0.99999991595168858     
   6.8499999999998984       0.99999992137221694     
   6.8599999999998982       0.99999992644315772     
   6.8699999999998980       0.99999993118705899     
   6.8799999999998978       0.99999993562501210     
   6.8899999999998975       0.99999993977674784     
   6.8999999999998973       0.99999994366072575     
   6.9099999999998971       0.99999994729421393     
   6.9199999999998969       0.99999995069336955     
   6.9299999999998967       0.99999995387330187     
   6.9399999999998965       0.99999995684815179     
   6.9499999999998963       0.99999995963114363     
   6.9599999999998960       0.99999996223465282     
   6.9699999999998958       0.99999996467025243     
   6.9799999999998956       0.99999996694877524     
   6.9899999999998954       0.99999996908034783     
   6.9999999999998952       0.99999997107444949     
   7.0099999999998950       0.99999997293994458     
   7.0199999999998948       0.99999997468512969     
   7.0299999999998946       0.99999997631776127     
   7.0399999999998943       0.99999997784510031     
   7.0499999999998941       0.99999997927393691     
   7.0599999999998939       0.99999998061062290     
   7.0699999999998937       0.99999998186110151     
   7.0799999999998935       0.99999998303093462     
   7.0899999999998933       0.99999998412532010     
   7.0999999999998931       0.99999998514912658     
   7.1099999999998929       0.99999998610690366     
   7.1199999999998926       0.99999998700291171     
   7.1299999999998924       0.99999998784113309     
   7.1399999999998922       0.99999998862529493     
   7.1499999999998920       0.99999998935888446     
   7.1599999999998918       0.99999999004516127     
   7.1699999999998916       0.99999999068717871     
   7.1799999999998914       0.99999999128779160     
   7.1899999999998911       0.99999999184966792     
   7.1999999999998909       0.99999999237530723     
   7.2099999999998907       0.99999999286704655     
   7.2199999999998905       0.99999999332707212     
   7.2299999999998903       0.99999999375742943     
   7.2399999999998901       0.99999999416003149     
   7.2499999999998899       0.99999999453666844     
   7.2599999999998897       0.99999999488901536     
   7.2699999999998894       0.99999999521863847     
   7.2799999999998892       0.99999999552700258     
   7.2899999999998890       0.99999999581547960     
   7.2999999999998888       0.99999999608535217     
   7.3099999999998886       0.99999999633781933     
   7.3199999999998884       0.99999999657400440     
   7.3299999999998882       0.99999999679495710     
   7.3399999999998879       0.99999999700165987     
   7.3499999999998877       0.99999999719503185     
   7.3599999999998875       0.99999999737593270     
   7.3699999999998873       0.99999999754516722     
   7.3799999999998871       0.99999999770348669     
   7.3899999999998869       0.99999999785159510     
   7.3999999999998867       0.99999999799015271     
   7.4099999999998865       0.99999999811977369     
   7.4199999999998862       0.99999999824103514     
   7.4299999999998860       0.99999999835447551     
   7.4399999999998858       0.99999999846060150     
   7.4499999999998856       0.99999999855988164     
   7.4599999999998854       0.99999999865275901     
   7.4699999999998852       0.99999999873964740     
   7.4799999999998850       0.99999999882093071     
   7.4899999999998847       0.99999999889697178     
   7.4999999999998845       0.99999999896811109     
   7.5099999999998843       0.99999999903466052     
   7.5199999999998841       0.99999999909691695     
   7.5299999999998839       0.99999999915516025     
   7.5399999999998837       0.99999999920964600     
   7.5499999999998835       0.99999999926061822     
   7.5599999999998833       0.99999999930830252     
   7.5699999999998830       0.99999999935291306     
   7.5799999999998828       0.99999999939464512     
   7.5899999999998826       0.99999999943368667     
   7.5999999999998824       0.99999999947020968     
   7.6099999999998822       0.99999999950437812     
   7.6199999999998820       0.99999999953634078     
   7.6299999999998818       0.99999999956624419     
   7.6399999999998816       0.99999999959421915     
   7.6499999999998813       0.99999999962038844     
   7.6599999999998811       0.99999999964487074     
   7.6699999999998809       0.99999999966777375     
   7.6799999999998807       0.99999999968920106     
   7.6899999999998805       0.99999999970924580     
   7.6999999999998803       0.99999999972799580     
   7.7099999999998801       0.99999999974553921     
   7.7199999999998798       0.99999999976195031     
   7.7299999999998796       0.99999999977730214     
   7.7399999999998794       0.99999999979166432     
   7.7499999999998792       0.99999999980510168     
   7.7599999999998790       0.99999999981767107     
   7.7699999999998788       0.99999999982942989     
   7.7799999999998786       0.99999999984043109     
   7.7899999999998784       0.99999999985072041     
   7.7999999999998781       0.99999999986034815     
   7.8099999999998779       0.99999999986935484     
   7.8199999999998777       0.99999999987778099     
   7.8299999999998775       0.99999999988566346     
   7.8399999999998773       0.99999999989303745     
   7.8499999999998771       0.99999999989993560     
   7.8599999999998769       0.99999999990638921     
   7.8699999999998766       0.99999999991242616     
   7.8799999999998764       0.99999999991807398     
   7.8899999999998762       0.99999999992335764     
   7.8999999999998760       0.99999999992830058     
   7.9099999999998758       0.99999999993292477     
   7.9199999999998756       0.99999999993725053     
   7.9299999999998754       0.99999999994129773     
   7.9399999999998752       0.99999999994508360     
   7.9499999999998749       0.99999999994862376     
   7.9599999999998747       0.99999999995193833     
   7.9699999999998745       0.99999999995503697     
   7.9799999999998743       0.99999999995793798     
   7.9899999999998741       0.99999999996065159     
   7.9999999999998739       0.99999999996318856     
   8.0099999999998737       0.99999999996556177     
   8.0199999999998735       0.99999999996778433     
   8.0299999999998732       0.99999999996986133     
   8.0399999999998730       0.99999999997180389     
   8.0499999999998728       0.99999999997362321     
   8.0599999999998726       0.99999999997532341     
   8.0699999999998724       0.99999999997691591     
   8.0799999999998722       0.99999999997840494     
   8.0899999999998720       0.99999999997979849     
   8.0999999999998717       0.99999999998110056     
   8.1099999999998715       0.99999999998231781     
   8.1199999999998713       0.99999999998346034     
   8.1299999999998711       0.99999999998452760     
   8.1399999999998709       0.99999999998552391     
   8.1499999999998707       0.99999999998645805     
   8.1599999999998705       0.99999999998733069     
   8.1699999999998703       0.99999999998814781     
   8.1799999999998700       0.99999999998891298     
   8.1899999999998698       0.99999999998962685     
   8.1999999999998696       0.99999999999029576     
   8.2099999999998694       0.99999999999092148     
   8.2199999999998692       0.99999999999150868     
   8.2299999999998690       0.99999999999205524     
   8.2399999999998688       0.99999999999256806     
   8.2499999999998685       0.99999999999304645     
   8.2599999999998683       0.99999999999349543     
   8.2699999999998681       0.99999999999391465     
   8.2799999999998679       0.99999999999430755     
   8.2899999999998677       0.99999999999467482     
   8.2999999999998675       0.99999999999501832     
   8.3099999999998673       0.99999999999533828     
   8.3199999999998671       0.99999999999564126     
   8.3299999999998668       0.99999999999592093     
   8.3399999999998666       0.99999999999618316     
   8.3499999999998664       0.99999999999642986     
   8.3599999999998662       0.99999999999666034     
   8.3699999999998660       0.99999999999687628     
   8.3799999999998658       0.99999999999707756     
   8.3899999999998656       0.99999999999726574     
   8.3999999999998654       0.99999999999744216     
   8.4099999999998651       0.99999999999760691     
   8.4199999999998649       0.99999999999776124     
   8.4299999999998647       0.99999999999790468     
   8.4399999999998645       0.99999999999804035     
   8.4499999999998643       0.99999999999816724     
   8.4599999999998641       0.99999999999828493     
   8.4699999999998639       0.99999999999839584     
   8.4799999999998636       0.99999999999850020     
   8.4899999999998634       0.99999999999859657     
   8.4999999999998632       0.99999999999868638     
   8.5099999999998630       0.99999999999877076     
   8.5199999999998628       0.99999999999885059     
   8.5299999999998626       0.99999999999892475     
   8.5399999999998624       0.99999999999899458     
   8.5499999999998622       0.99999999999905975     
   8.5599999999998619       0.99999999999911882     
   8.5699999999998617       0.99999999999917566     
   8.5799999999998615       0.99999999999923028     
   8.5899999999998613       0.99999999999927924     
   8.5999999999998611       0.99999999999932510     
   8.6099999999998609       0.99999999999936928     
   8.6199999999998607       0.99999999999941014     
   8.6299999999998604       0.99999999999944766     
   8.6399999999998602       0.99999999999948308     
   8.6499999999998600       0.99999999999951672     
   8.6599999999998598       0.99999999999954758     
   8.6699999999998596       0.99999999999957767     
   8.6799999999998594       0.99999999999960421     
   8.6899999999998592       0.99999999999963041     
   8.6999999999998590       0.99999999999965372     
   8.7099999999998587       0.99999999999967548     
   8.7199999999998585       0.99999999999969669     
   8.7299999999998583       0.99999999999971578     
   8.7399999999998581       0.99999999999973488     
   8.7499999999998579       0.99999999999975209     
   8.7599999999998577       0.99999999999976763     
   8.7699999999998575       0.99999999999978195     
   8.7799999999998573       0.99999999999979616     
   8.7899999999998570       0.99999999999980993     
   8.7999999999998568       0.99999999999982248     
   8.8099999999998566       0.99999999999983424     
   8.8199999999998564       0.99999999999984368     
   8.8299999999998562       0.99999999999985445     
   8.8399999999998560       0.99999999999986378     
   8.8499999999998558       0.99999999999987210     
   8.8599999999998555       0.99999999999988021     
   8.8699999999998553       0.99999999999988753     
   8.8799999999998551       0.99999999999989553     
   8.8899999999998549       0.99999999999990152     
   8.8999999999998547       0.99999999999990863     
   8.9099999999998545       0.99999999999991473     
   8.9199999999998543       0.99999999999992062     
   8.9299999999998541       0.99999999999992406     
   8.9399999999998538       0.99999999999992906     
   8.9499999999998536       0.99999999999993483     
   8.9599999999998534       0.99999999999993827     
   8.9699999999998532       0.99999999999994305     
   8.9799999999998530       0.99999999999994571     
   8.9899999999998528       0.99999999999994937     
   8.9999999999998526       0.99999999999995248     
   9.0099999999998523       0.99999999999995703     
   9.0199999999998521       0.99999999999995770     
   9.0299999999998519       0.99999999999996225     
   9.0399999999998517       0.99999999999996358     
   9.0499999999998515       0.99999999999996658     
   9.0599999999998513       0.99999999999996902     
   9.0699999999998511       0.99999999999997147     
   9.0799999999998509       0.99999999999997169     
   9.0899999999998506       0.99999999999997413     
   9.0999999999998504       0.99999999999997646     
   9.1099999999998502       0.99999999999997768     
   9.1199999999998500       0.99999999999997957     
   9.1299999999998498       0.99999999999997990     
   9.1399999999998496       0.99999999999998090     
   9.1499999999998494       0.99999999999998324     
   9.1599999999998492       0.99999999999998457     
   9.1699999999998489       0.99999999999998568     
   9.1799999999998487       0.99999999999998579     
   9.1899999999998485       0.99999999999998590     
   9.1999999999998483       0.99999999999998679     
   9.2099999999998481       0.99999999999998834     
   9.2199999999998479       0.99999999999998834     
   9.2299999999998477       0.99999999999999056     
   9.2399999999998474       0.99999999999999079     
   9.2499999999998472       0.99999999999999167     
   9.2599999999998470       0.99999999999999190     
   9.2699999999998468       0.99999999999999201     
   9.2799999999998466       0.99999999999999201     
   9.2899999999998464       0.99999999999999378     
   9.2999999999998462       0.99999999999999378     
   9.3099999999998460       0.99999999999999389     
   9.3199999999998457       0.99999999999999412     
   9.3299999999998455       0.99999999999999478     
   9.3399999999998453       0.99999999999999500     
   9.3499999999998451       0.99999999999999500     
   9.3599999999998449       0.99999999999999512     
   9.3699999999998447       0.99999999999999523     
   9.3799999999998445       0.99999999999999523     
   9.3899999999998442       0.99999999999999734     
   9.3999999999998440       0.99999999999999745     
   9.4099999999998438       0.99999999999999745     
   9.4199999999998436       0.99999999999999745     
   9.4299999999998434       0.99999999999999745     
   9.4399999999998432       0.99999999999999767     
   9.4499999999998430       0.99999999999999878     
   9.4599999999998428       0.99999999999999878     
   9.4699999999998425       0.99999999999999878     
   9.4799999999998423       0.99999999999999878     
   9.4899999999998421       0.99999999999999967     
   9.4999999999998419       0.99999999999999967     
   9.5099999999998417       0.99999999999999967     
   9.5199999999998415       0.99999999999999967     
   9.5299999999998413       0.99999999999999967     
   9.5399999999998411       0.99999999999999967     
   9.5499999999998408       0.99999999999999967     
   9.5599999999998406       0.99999999999999967     
   9.5699999999998404       0.99999999999999967     
   9.5799999999998402       0.99999999999999967     
   9.5899999999998400       0.99999999999999989     
   9.5999999999998398       0.99999999999999989     
   9.6099999999998396        1.0000000000000000     
   9.6199999999998393        1.0000000000000000     
   9.6299999999998391        1.0000000000000000     
   9.6399999999998389        1.0000000000000000     
   9.6499999999998387        1.0000000000000000     
   9.6599999999998385        1.0000000000000000     
   9.6699999999998383        1.0000000000000000     
   9.6799999999998381        1.0000000000000000     
   9.6899999999998379        1.0000000000000000     
   9.6999999999998376        1.0000000000000000     
   9.7099999999998374        1.0000000000000000     
   9.7199999999998372        1.0000000000000000     
   9.7299999999998370        1.0000000000000000     
   9.7399999999998368        1.0000000000000000     
   9.7499999999998366        1.0000000000000000     
   9.7599999999998364        1.0000000000000000     
   9.7699999999998361        1.0000000000000000     
   9.7799999999998359        1.0000000000000000     
   9.7899999999998357        1.0000000000000000     
   9.7999999999998355        1.0000000000000000     
   9.8099999999998353        1.0000000000000000     
   9.8199999999998351        1.0000000000000000     
   9.8299999999998349        1.0000000000000000     
   9.8399999999998347        1.0000000000000000     
   9.8499999999998344        1.0000000000000000     
   9.8599999999998342        1.0000000000000000     
   9.8699999999998340        1.0000000000000000     
   9.8799999999998338        1.0000000000000000     
   9.8899999999998336        1.0000000000000000     
   9.8999999999998334        1.0000000000000000     
   9.9099999999998332        1.0000000000000000     
   9.9199999999998330        1.0000000000000000     
   9.9299999999998327        1.0000000000000000     
   9.9399999999998325        1.0000000000000000     
   9.9499999999998323        1.0000000000000000     
   9.9599999999998321        1.0000000000000000     
   9.9699999999998319        1.0000000000000000     
   9.9799999999998317        1.0000000000000000     
   9.9899999999998315        1.0000000000000000     
   9.9999999999998312        1.0000000000000000     
