   0.0000000000000000        1.6768993601109134E-017
   1.0000000000000000E-002   3.5697846176440877E-003
   2.0000000000000000E-002   7.1398684070855334E-003
   2.9999999999999999E-002   1.0710547218258497E-002
   4.0000000000000001E-002   1.4282110269896155E-002
   5.0000000000000003E-002   1.7854836865238210E-002
   6.0000000000000005E-002   2.1428993145297146E-002
   7.0000000000000007E-002   2.5004828892182276E-002
   8.0000000000000002E-002   2.8582574394953722E-002
   8.9999999999999997E-002   3.2162437390440453E-002
   9.9999999999999992E-002   3.5744600091389807E-002
  0.10999999999999999        3.9329216314232973E-002
  0.11999999999999998        4.2916408718628958E-002
  0.12999999999999998        4.6506266170782941E-002
  0.13999999999999999        5.0098841242333970E-002
  0.14999999999999999        5.3694147856336583E-002
  0.16000000000000000        5.7292159091548008E-002
  0.17000000000000001        6.0892805155837691E-002
  0.18000000000000002        6.4495971539087815E-002
  0.19000000000000003        6.8101497355414473E-002
  0.20000000000000004        7.1709173883943600E-002
  0.21000000000000005        7.5318743316688169E-002
  0.22000000000000006        7.8929897721317310E-002
  0.23000000000000007        8.2542278225770399E-002
  0.24000000000000007        8.6155474430771858E-002
  0.25000000000000006        8.9769024055317670E-002
  0.26000000000000006        9.3382412819176960E-002
  0.27000000000000007        9.6995074565350933E-002
  0.28000000000000008       0.10060639162429014     
  0.29000000000000009       0.10421569542049182     
  0.30000000000000010       0.10782226732086880     
  0.31000000000000011       0.11142533972304978     
  0.32000000000000012       0.11502409738050956     
  0.33000000000000013       0.11861767896016724     
  0.34000000000000014       0.12220517882683231     
  0.35000000000000014       0.12578564904763595     
  0.36000000000000015       0.12935810160836284     
  0.37000000000000016       0.13292151083241646     
  0.38000000000000017       0.13647481599199571     
  0.39000000000000018       0.14001692409997088     
  0.40000000000000019       0.14354671286989787     
  0.41000000000000020       0.14706303383064909     
  0.42000000000000021       0.15056471558121590     
  0.43000000000000022       0.15405056717042984     
  0.44000000000000022       0.15751938158560147     
  0.45000000000000023       0.16096993933343495     
  0.46000000000000024       0.16440101209601657     
  0.47000000000000025       0.16781136644423800     
  0.48000000000000026       0.17119976759066358     
  0.49000000000000027       0.17456498316362953     
  0.50000000000000022       0.17790578698424211     
  0.51000000000000023       0.18122096282794189     
  0.52000000000000024       0.18450930815243213     
  0.53000000000000025       0.18776963777399572     
  0.54000000000000026       0.19100078747460644     
  0.55000000000000027       0.19420161752270274     
  0.56000000000000028       0.19737101609110616     
  0.57000000000000028       0.20050790255627296     
  0.58000000000000029       0.20361123066389095     
  0.59000000000000030       0.20667999154676009     
  0.60000000000000031       0.20971321658191799     
  0.61000000000000032       0.21270998007507569     
  0.62000000000000033       0.21566940176162977     
  0.63000000000000034       0.21859064911475357     
  0.64000000000000035       0.22147293945239890     
  0.65000000000000036       0.22431554183638810     
  0.66000000000000036       0.22711777875815989     
  0.67000000000000037       0.22987902760714393     
  0.68000000000000038       0.23259872191915032     
  0.69000000000000039       0.23527635240355071     
  0.70000000000000040       0.23791146774942959     
  0.71000000000000041       0.24050367521221191     
  0.72000000000000042       0.24305264098359200     
  0.73000000000000043       0.24555809034882439     
  0.74000000000000044       0.24801980763663103     
  0.75000000000000044       0.25043763596807206     
  0.76000000000000045       0.25281147681175914     
  0.77000000000000046       0.25514128935372343     
  0.78000000000000047       0.25742708969108546     
  0.79000000000000048       0.25966894985941741     
  0.80000000000000049       0.26186699670432573     
  0.81000000000000050       0.26402141060831757     
  0.82000000000000051       0.26613242408444243     
  0.83000000000000052       0.26820032024854151     
  0.84000000000000052       0.27022543118214332     
  0.85000000000000053       0.27220813619820083     
  0.86000000000000054       0.27414886002187844     
  0.87000000000000055       0.27604807089855821     
  0.88000000000000056       0.27790627864108636     
  0.89000000000000057       0.27972403262807061     
  0.90000000000000058       0.28150191976474154     
  0.91000000000000059       0.28324056241753776     
  0.92000000000000060       0.28494061633315654     
  0.93000000000000060       0.28660276855233896     
  0.94000000000000061       0.28822773532813978     
  0.95000000000000062       0.28981626005788258     
  0.96000000000000063       0.29136911123739601     
  0.97000000000000064       0.29288708044552497     
  0.98000000000000065       0.29437098036626297     
  0.99000000000000066       0.29582164285519186     
   1.0000000000000007       0.29723991705627256     
   1.0100000000000007       0.29862666757434225     
   1.0200000000000007       0.29998277270801832     
   1.0300000000000007       0.30130912274704463     
   1.0400000000000007       0.30260661833746189     
   1.0500000000000007       0.30387616891734986     
   1.0600000000000007       0.30511869122525476     
   1.0700000000000007       0.30633510788282348     
   1.0800000000000007       0.30752634605257184     
   1.0900000000000007       0.30869333617116751     
   1.1000000000000008       0.30983701075806264     
   1.1100000000000008       0.31095830329881707     
   1.1200000000000008       0.31205814720197950     
   1.1300000000000008       0.31313747482794585     
   1.1400000000000008       0.31419721658779975     
   1.1500000000000008       0.31523830010978549     
   1.1600000000000008       0.31626164947068974     
   1.1700000000000008       0.31726818448913130     
   1.1800000000000008       0.31825882007747286     
   1.1900000000000008       0.31923446564883989     
   1.2000000000000008       0.32019602457553492     
   1.2100000000000009       0.32114439369498399     
   1.2200000000000009       0.32208046285922348     
   1.2300000000000009       0.32300511452385844     
   1.2400000000000009       0.32391922337238915     
   1.2500000000000009       0.32482365597177471     
   1.2600000000000009       0.32571927045516341     
   1.2700000000000009       0.32660691622776578     
   1.2800000000000009       0.32748743369196509     
   1.2900000000000009       0.32836165398789752     
   1.3000000000000009       0.32923039874591120     
   1.3100000000000009       0.33009447984751783     
   1.3200000000000010       0.33095469919169795     
   1.3300000000000010       0.33181184846369083     
   1.3400000000000010       0.33266670890368433     
   1.3500000000000010       0.33352005107316796     
   1.3600000000000010       0.33437263461703198     
   1.3700000000000010       0.33522520801988870     
   1.3800000000000010       0.33607850835545117     
   1.3900000000000010       0.33693326102822502     
   1.4000000000000010       0.33779017950716689     
   1.4100000000000010       0.33864996505138611     
   1.4200000000000010       0.33951330642838301     
   1.4300000000000010       0.34038087962574909     
   1.4400000000000011       0.34125334755765935     
   1.4500000000000011       0.34213135976790715     
   1.4600000000000011       0.34301555213162377     
   1.4700000000000011       0.34390654655821024     
   1.4800000000000011       0.34480495069836020     
   1.4900000000000011       0.34571135765839162     
   1.5000000000000011       0.34662634572540552     
   1.5100000000000011       0.34755047810705481     
   1.5200000000000011       0.34848430268993164     
   1.5300000000000011       0.34942835182076637     
   1.5400000000000011       0.35038314211475924     
   1.5500000000000012       0.35134917429545104     
   1.5600000000000012       0.35232693307055168     
   1.5700000000000012       0.35331688704811848     
   1.5800000000000012       0.35431948869736180     
   1.5900000000000012       0.35533517435820000     
   1.6000000000000012       0.35636436430343471     
   1.6100000000000012       0.35740746285712749     
   1.6200000000000012       0.35846485857236604     
   1.6300000000000012       0.35953692447118263     
   1.6400000000000012       0.36062401834885588     
   1.6500000000000012       0.36172648314426015     
   1.6600000000000013       0.36284464737728700     
   1.6700000000000013       0.36397882565365186     
   1.6800000000000013       0.36512931923666764     
   1.6900000000000013       0.36629641668475221     
   1.7000000000000013       0.36748039455261300     
   1.7100000000000013       0.36868151815318989     
   1.7200000000000013       0.36990004237654289     
   1.7300000000000013       0.37113621256098989     
   1.7400000000000013       0.37239026541090431     
   1.7500000000000013       0.37366242995470383     
   1.7600000000000013       0.37495292853571210     
   1.7700000000000014       0.37626197782775878     
   1.7800000000000014       0.37758978986662250     
   1.7900000000000014       0.37893657308771705     
   1.8000000000000014       0.38030253335979131     
   1.8100000000000014       0.38168787500388285     
   1.8200000000000014       0.38309280178629490     
   1.8300000000000014       0.38451751787405236     
   1.8400000000000014       0.38596222874103936     
   1.8500000000000014       0.38742714201291717     
   1.8600000000000014       0.38891246823894737     
   1.8700000000000014       0.39041842157896345     
   1.8800000000000014       0.39194522039402790     
   1.8900000000000015       0.39349308772970676     
   1.9000000000000015       0.39506225168141151     
   1.9100000000000015       0.39665294563194142     
   1.9200000000000015       0.39826540835210839     
   1.9300000000000015       0.39989988395624115     
   1.9400000000000015       0.40155662170533440     
   1.9500000000000015       0.40323587565173952     
   1.9600000000000015       0.40493790412043457     
   1.9700000000000015       0.40666296902320576     
   1.9800000000000015       0.40841133500335847     
   1.9900000000000015       0.41018326840996838     
   2.0000000000000013       0.41197903610209868     
   2.0100000000000011       0.41379890408481756     
   2.0200000000000009       0.41564313598033525     
   2.0300000000000007       0.41751199133900085     
   2.0400000000000005       0.41940572379635138     
   2.0500000000000003       0.42132457908381910     
   2.0600000000000001       0.42326879290208202     
   2.0699999999999998       0.42523858866737146     
   2.0799999999999996       0.42723417514234169     
   2.0899999999999994       0.42925574396431743     
   2.0999999999999992       0.43130346708487582     
   2.1099999999999990       0.43337749413578769     
   2.1199999999999988       0.43547794973732851     
   2.1299999999999986       0.43760493076583651     
   2.1399999999999983       0.43975850359820295     
   2.1499999999999981       0.44193870135164087     
   2.1599999999999979       0.44414552113767697     
   2.1699999999999977       0.44637892134975182     
   2.1799999999999975       0.44863881900416563     
   2.1899999999999973       0.45092508715433621     
   2.1999999999999971       0.45323755239842206     
   2.2099999999999969       0.45557599250034131     
   2.2199999999999966       0.45794013414405060     
   2.2299999999999964       0.46032965084065497     
   2.2399999999999962       0.46274416100747673     
   2.2499999999999960       0.46518322623764563     
   2.2599999999999958       0.46764634977803882     
   2.2699999999999956       0.47013297523255382     
   2.2799999999999954       0.47264248550666083     
   2.2899999999999952       0.47517420200806049     
   2.2999999999999949       0.47772738411693894     
   2.3099999999999947       0.48030122893788757     
   2.3199999999999945       0.48289487134396825     
   2.3299999999999943       0.48550738432169366     
   2.3399999999999941       0.48813777962383437     
   2.3499999999999939       0.49078500873502712     
   2.3599999999999937       0.49344796415306291     
   2.3699999999999934       0.49612548098660730     
   2.3799999999999932       0.49881633886782722     
   2.3899999999999930       0.50151926417613091     
   2.3999999999999928       0.50423293256686896     
   2.4099999999999926       0.50695597179648300     
   2.4199999999999924       0.50968696483324172     
   2.4299999999999922       0.51242445324036157     
   2.4399999999999920       0.51516694081604386     
   2.4499999999999917       0.51791289747275260     
   2.4599999999999915       0.52066076333598599     
   2.4699999999999913       0.52340895304082435     
   2.4799999999999911       0.52615586020275817     
   2.4899999999999909       0.52889986203767891     
   2.4999999999999907       0.53163932410452763     
   2.5099999999999905       0.53437260514292173     
   2.5199999999999902       0.53709806197715448     
   2.5299999999999900       0.53981405445730779     
   2.5399999999999898       0.54251895040784237     
   2.5499999999999896       0.54521113055390880     
   2.5599999999999894       0.54788899339582808     
   2.5699999999999892       0.55055096000265280     
   2.5799999999999890       0.55319547869647345     
   2.5899999999999888       0.55582102960017044     
   2.5999999999999885       0.55842612902257571     
   2.6099999999999883       0.56100933365657346     
   2.6199999999999881       0.56356924456737900     
   2.6299999999999879       0.56610451095022563     
   2.6399999999999877       0.56861383363878648     
   2.6499999999999875       0.57109596834793719     
   2.6599999999999873       0.57354972863685760     
   2.6699999999999871       0.57597398858090909     
   2.6799999999999868       0.57836768514329506     
   2.6899999999999866       0.58072982023998021     
   2.6999999999999864       0.58305946249393903     
   2.7099999999999862       0.58535574867726037     
   2.7199999999999860       0.58761788484203514     
   2.7299999999999858       0.58984514714332725     
   2.7399999999999856       0.59203688235968077     
   2.7499999999999853       0.59419250811871949     
   2.7599999999999851       0.59631151283727390     
   2.7699999999999849       0.59839345538722333     
   2.7799999999999847       0.60043796449977627     
   2.7899999999999845       0.60244473792227682     
   2.7999999999999843       0.60441354134277070     
   2.8099999999999841       0.60634420709853010     
   2.8199999999999839       0.60823663268547212     
   2.8299999999999836       0.61009077908598641     
   2.8399999999999834       0.61190666893303136     
   2.8499999999999832       0.61368438452853125     
   2.8599999999999830       0.61542406573415098     
   2.8699999999999828       0.61712590775231368     
   2.8799999999999826       0.61879015881505739     
   2.8899999999999824       0.62041711779787789     
   2.8999999999999821       0.62200713177510325     
   2.9099999999999819       0.62356059353274607     
   2.9199999999999817       0.62507793905391129     
   2.9299999999999815       0.62655964499111361     
   2.9399999999999813       0.62800622613883372     
   2.9499999999999811       0.62941823291879784     
   2.9599999999999809       0.63079624888939800     
   2.9699999999999807       0.63214088828970538     
   2.9799999999999804       0.63345279362750273     
   2.9899999999999802       0.63473263331972118     
   2.9999999999999800       0.63598109939270009     
   3.0099999999999798       0.63719890524866429     
   3.0199999999999796       0.63838678350387446     
   3.0299999999999794       0.63954548390297428     
   3.0399999999999792       0.64067577131317510     
   3.0499999999999790       0.64177842380106465     
   3.0599999999999787       0.64285423079406756     
   3.0699999999999785       0.64390399132778497     
   3.0799999999999783       0.64492851237982285     
   3.0899999999999781       0.64592860729001289     
   3.0999999999999779       0.64690509426641085     
   3.1099999999999777       0.64785879497588372     
   3.1199999999999775       0.64879053321765889     
   3.1299999999999772       0.64970113367777649     
   3.1399999999999770       0.65059142076202259     
   3.1499999999999768       0.65146221750461020     
   3.1599999999999766       0.65231434454961301     
   3.1699999999999764       0.65314861920192302     
   3.1799999999999762       0.65396585454436196     
   3.1899999999999760       0.65476685861739869     
   3.1999999999999758       0.65555243365790461     
   3.2099999999999755       0.65632337539324770     
   3.2199999999999753       0.65708047238707967     
   3.2299999999999751       0.65782450543316229     
   3.2399999999999749       0.65855624699362802     
   3.2499999999999747       0.65927646067817058     
   3.2599999999999745       0.65998590076076635     
   3.2699999999999743       0.66068531173066258     
   3.2799999999999740       0.66137542787453818     
   3.2899999999999738       0.66205697288694332     
   3.2999999999999736       0.66273065950630838     
   3.3099999999999734       0.66339718917407231     
   3.3199999999999732       0.66405725171470598     
   3.3299999999999730       0.66471152503470010     
   3.3399999999999728       0.66536067483883155     
   3.3499999999999726       0.66600535436236774     
   3.3599999999999723       0.66664620411811970     
   3.3699999999999721       0.66728385165762649     
   3.3799999999999719       0.66791891134603298     
   3.3899999999999717       0.66855198415058270     
   3.3999999999999715       0.66918365744296171     
   3.4099999999999713       0.66981450481606630     
   3.4199999999999711       0.67044508591610708     
   3.4299999999999708       0.67107594629125267     
   3.4399999999999706       0.67170761725836636     
   3.4499999999999704       0.67234061578964655     
   3.4599999999999702       0.67297544442129287     
   3.4699999999999700       0.67361259118656003     
   3.4799999999999698       0.67425252957579096     
   3.4899999999999696       0.67489571852622854     
   3.4999999999999694       0.67554260244456488     
   3.5099999999999691       0.67619361126531974     
   3.5199999999999689       0.67684916054821065     
   3.5299999999999687       0.67750965161773224     
   3.5399999999999685       0.67817547174812631     
   3.5499999999999683       0.67884699439687235     
   3.5599999999999681       0.67952457948970657     
   3.5699999999999679       0.68020857375997235     
   3.5799999999999677       0.68089931114489477     
   3.5899999999999674       0.68159711324104810     
   3.5999999999999672       0.68230228982093921     
   3.6099999999999670       0.68301513941219227     
   3.6199999999999668       0.68373594994036890     
   3.6299999999999666       0.68446499943591677     
   3.6399999999999664       0.68520255680516928     
   3.6499999999999662       0.68594888266469767     
   3.6599999999999659       0.68670423023767357     
   3.6699999999999657       0.68746884631020233     
   3.6799999999999655       0.68824297224490849     
   3.6899999999999653       0.68902684504830802     
   3.6999999999999651       0.68982069848781158     
   3.7099999999999649       0.69062476425348762     
   3.7199999999999647       0.69143927315899678     
   3.7299999999999645       0.69226445637547629     
   3.7399999999999642       0.69310054669149712     
   3.7499999999999640       0.69394777979163225     
   3.7599999999999638       0.69480639554566770     
   3.7699999999999636       0.69567663929997048     
   3.7799999999999634       0.69655876316217513     
   3.7899999999999632       0.69745302726999236     
   3.7999999999999630       0.69835970103470590     
   3.8099999999999627       0.69927906434975495     
   3.8199999999999625       0.70021140875471755     
   3.8299999999999623       0.70115703854501488     
   3.8399999999999621       0.70211627181773728     
   3.8499999999999619       0.70308944144416607     
   3.8599999999999617       0.70407689595980327     
   3.8699999999999615       0.70507900036304427     
   3.8799999999999613       0.70609613681401984     
   3.8899999999999610       0.70712870522557003     
   3.8999999999999608       0.70817712373882313     
   3.9099999999999606       0.70924182907641331     
   3.9199999999999604       0.71032327676694684     
   3.9299999999999602       0.71142194123496505     
   3.9399999999999600       0.71253831575129511     
   3.9499999999999598       0.71367291223937113     
   3.9599999999999596       0.71482626093376733     
   3.9699999999999593       0.71599890988790371     
   3.9799999999999591       0.71719142432857563     
   3.9899999999999589       0.71840438585564581     
   3.9999999999999587       0.71963839148596564     
   4.0099999999999589       0.72089405254124428     
   4.0199999999999587       0.72217199338030535     
   4.0299999999999585       0.72347284997683303     
   4.0399999999999583       0.72479726834439162     
   4.0499999999999581       0.72614590281117508     
   4.0599999999999579       0.72751941414761656     
   4.0699999999999577       0.72891846755065048     
   4.0799999999999574       0.73034373048910384     
   4.0899999999999572       0.73179587041536509     
   4.0999999999999570       0.73327555234917341     
   4.1099999999999568       0.73478343634004595     
   4.1199999999999566       0.73632017481561052     
   4.1299999999999564       0.73788640982376796     
   4.1399999999999562       0.73948277017741415     
   4.1499999999999559       0.74110986851111982     
   4.1599999999999557       0.74276829825997515     
   4.1699999999999555       0.74445863057154149     
   4.1799999999999553       0.74618141116261361     
   4.1899999999999551       0.74793715713326148     
   4.1999999999999549       0.74972635375137153     
   4.2099999999999547       0.75154945122164885     
   4.2199999999999545       0.75340686145372571     
   4.2299999999999542       0.75529895484472898     
   4.2399999999999540       0.75722605709227964     
   4.2499999999999538       0.75918844605445079     
   4.2599999999999536       0.76118634867374435     
   4.2699999999999534       0.76321993798255960     
   4.2799999999999532       0.76528933020795720     
   4.2899999999999530       0.76739458199376109     
   4.2999999999999527       0.76953568775814951     
   4.3099999999999525       0.77171257720487718     
   4.3199999999999523       0.77392511300613132     
   4.3299999999999521       0.77617308867472834     
   4.3399999999999519       0.77845622664291847     
   4.3499999999999517       0.78077417656449344     
   4.3599999999999515       0.78312651385610554     
   4.3699999999999513       0.78551273849284053     
   4.3799999999999510       0.78793227407198296     
   4.3899999999999508       0.79038446715773247     
   4.3999999999999506       0.79286858691821926     
   4.4099999999999504       0.79538382506470784     
   4.4199999999999502       0.79792929610121444     
   4.4299999999999500       0.80050403789101543     
   4.4399999999999498       0.80310701254468653     
   4.4499999999999496       0.80573710763235518     
   4.4599999999999493       0.80839313772084387     
   4.4699999999999491       0.81107384623432655     
   4.4799999999999489       0.81377790763500257     
   4.4899999999999487       0.81650392991822651     
   4.4999999999999485       0.81925045741436975     
   4.5099999999999483       0.82201597388766301     
   4.5199999999999481       0.82479890592021077     
   4.5299999999999478       0.82759762656739977     
   4.5399999999999476       0.83041045926904722     
   4.5499999999999474       0.83323568199882070     
   4.5599999999999472       0.83607153163281545     
   4.5699999999999470       0.83891620851660920     
   4.5799999999999468       0.84176788120869039     
   4.5899999999999466       0.84462469137697438     
   4.5999999999999464       0.84748475882393626     
   4.6099999999999461       0.85034618661507722     
   4.6199999999999459       0.85320706628463483     
   4.6299999999999457       0.85606548309198516     
   4.6399999999999455       0.85891952130175053     
   4.6499999999999453       0.86176726946057824     
   4.6599999999999451       0.86460682564352853     
   4.6699999999999449       0.86743630264330351     
   4.6799999999999446       0.87025383307600912     
   4.6899999999999444       0.87305757437774700     
   4.6999999999999442       0.87584571366722963     
   4.7099999999999440       0.87861647245056940     
   4.7199999999999438       0.88136811114567637     
   4.7299999999999436       0.88409893340496071     
   4.7399999999999434       0.88680729021667659     
   4.7499999999999432       0.88949158376677406     
   4.7599999999999429       0.89215027104505162     
   4.7699999999999427       0.89478186718117458     
   4.7799999999999425       0.89738494849818118     
   4.7899999999999423       0.89995815527317291     
   4.7999999999999421       0.90250019419690897     
   4.8099999999999419       0.90500984052626177     
   4.8199999999999417       0.90748593992559201     
   4.8299999999999415       0.90992740999524013     
   4.8399999999999412       0.91233324148745432     
   4.8499999999999410       0.91470249921210911     
   4.8599999999999408       0.91703432263657769     
   4.8699999999999406       0.91932792618595593     
   4.8799999999999404       0.92158259925170005     
   4.8899999999999402       0.92379770591829802     
   4.8999999999999400       0.92597268441918690     
   4.9099999999999397       0.92810704633450014     
   4.9199999999999395       0.93020037554438628     
   4.9299999999999393       0.93225232695276050     
   4.9399999999999391       0.93426262499719392     
   4.9499999999999389       0.93623106196139627     
   4.9599999999999387       0.93815749610723798     
   4.9699999999999385       0.94004184964371940     
   4.9799999999999383       0.94188410655043076     
   4.9899999999999380       0.94368431027316635     
   4.9999999999999378       0.94544256130922022     
   5.0099999999999376       0.94715901469974717     
   5.0199999999999374       0.94883387744607417     
   5.0299999999999372       0.95046740586655998     
   5.0399999999999370       0.95205990290984632     
   5.0499999999999368       0.95361171543981360     
   5.0599999999999365       0.95512323150669742     
   5.0699999999999363       0.95659487761811379     
   5.0799999999999361       0.95802711602274837     
   5.0899999999999359       0.95942044201870014     
   5.0999999999999357       0.96077538129737716     
   5.1099999999999355       0.96209248733302255     
   5.1199999999999353       0.96337233882689721     
   5.1299999999999351       0.96461553721422044     
   5.1399999999999348       0.96582270424102179     
   5.1499999999999346       0.96699447961710516     
   5.1599999999999344       0.96813151875047643     
   5.1699999999999342       0.96923449056763511     
   5.1799999999999340       0.97030407542339991     
   5.1899999999999338       0.97134096310304752     
   5.1999999999999336       0.97234585091889258     
   5.2099999999999334       0.97331944190268904     
   5.2199999999999331       0.97426244309457921     
   5.2299999999999329       0.97517556392879612     
   5.2399999999999327       0.97605951471567787     
   5.2499999999999325       0.97691500521917207     
   5.2599999999999323       0.97774274332845967     
   5.2699999999999321       0.97854343382205478     
   5.2799999999999319       0.97931777722224878     
   5.2899999999999316       0.98006646873764869     
   5.2999999999999314       0.98079019729110295     
   5.3099999999999312       0.98148964463028776     
   5.3199999999999310       0.98216548451790120     
   5.3299999999999308       0.98281838199836313     
   5.3399999999999306       0.98344899273778952     
   5.3499999999999304       0.98405796243390131     
   5.3599999999999302       0.98464592629255165     
   5.3699999999999299       0.98521350856745249     
   5.3799999999999297       0.98576132215975631     
   5.3899999999999295       0.98628996827411175     
   5.3999999999999293       0.98680003612787814     
   5.4099999999999291       0.98729210271027090     
   5.4199999999999289       0.98776673258818137     
   5.4299999999999287       0.98822447775562672     
   5.4399999999999284       0.98866587752374757     
   5.4499999999999282       0.98909145844846280     
   5.4599999999999280       0.98950173429295163     
   5.4699999999999278       0.98989720602224729     
   5.4799999999999276       0.99027836182733642     
   5.4899999999999274       0.99064567717629581     
   5.4999999999999272       0.99099961489007626     
   5.5099999999999270       0.99134062524072541     
   5.5199999999999267       0.99166914606984780     
   5.5299999999999265       0.99198560292535820     
   5.5399999999999263       0.99229040921457834     
   5.5499999999999261       0.99258396637189128     
   5.5599999999999259       0.99286666403929846     
   5.5699999999999257       0.99313888025827846     
   5.5799999999999255       0.99340098167147117     
   5.5899999999999253       0.99365332373284898     
   5.5999999999999250       0.99389625092505929     
   5.6099999999999248       0.99413009698278010     
   5.6199999999999246       0.99435518512098409     
   5.6299999999999244       0.99457182826708923     
   5.6399999999999242       0.99478032929607929     
   5.6499999999999240       0.99498098126772982     
   5.6599999999999238       0.99517406766514604     
   5.6699999999999235       0.99535986263391030     
   5.6799999999999233       0.99553863122117570     
   5.6899999999999231       0.99571062961411350     
   5.6999999999999229       0.99587610537718030     
   5.7099999999999227       0.99603529768772858     
   5.7199999999999225       0.99618843756949671     
   5.7299999999999223       0.99633574812363657     
   5.7399999999999221       0.99647744475689726     
   5.7499999999999218       0.99661373540667197     
   5.7599999999999216       0.99674482076264270     
   5.7699999999999214       0.99687089448479860     
   5.7799999999999212       0.99699214341760101     
   5.7899999999999210       0.99710874780015590     
   5.7999999999999208       0.99722088147221954     
   5.8099999999999206       0.99732871207594764     
   5.8199999999999203       0.99743240125327270     
   5.8299999999999201       0.99753210483882471     
   5.8399999999999199       0.99762797304837691     
   5.8499999999999197       0.99772015066272990     
   5.8599999999999195       0.99780877720705685     
   5.8699999999999193       0.99789398712566069     
   5.8799999999999191       0.99797590995218055     
   5.8899999999999189       0.99805467047524654     
   5.8999999999999186       0.99813038889959749     
   5.9099999999999184       0.99820318100274419     
   5.9199999999999182       0.99827315828715280     
   5.9299999999999180       0.99834042812807977     
   5.9399999999999178       0.99840509391703358     
   5.9499999999999176       0.99846725520099699     
   5.9599999999999174       0.99852700781743808     
   5.9699999999999172       0.99858444402520508     
   5.9799999999999169       0.99863965263135546     
   5.9899999999999167       0.99869271911402846     
   5.9999999999999165       0.99874372574142090     
   6.0099999999999163       0.99879275168697312     
   6.0199999999999161       0.99883987314082345     
   6.0299999999999159       0.99888516341763334     
   6.0399999999999157       0.99892869306087684     
   6.0499999999999154       0.99897052994366697     
   6.0599999999999152       0.99901073936622753     
   6.0699999999999150       0.99904938415007294     
   6.0799999999999148       0.99908652472901116     
   6.0899999999999146       0.99912221923703226     
   6.0999999999999144       0.99915652359319251     
   6.1099999999999142       0.99918949158356452     
   6.1199999999999140       0.99922117494034524     
   6.1299999999999137       0.99925162341820384     
   6.1399999999999135       0.99928088486794631     
   6.1499999999999133       0.99930900530759781     
   6.1599999999999131       0.99933602899095264     
   6.1699999999999129       0.99936199847369556     
   6.1799999999999127       0.99938695467716399     
   6.1899999999999125       0.99941093694981742     
   6.1999999999999122       0.99943398312649379     
   6.2099999999999120       0.99945612958554253     
   6.2199999999999118       0.99947741130385648     
   6.2299999999999116       0.99949786190993206     
   6.2399999999999114       0.99951751373497488     
   6.2499999999999112       0.99953639786214454     
   6.2599999999999110       0.99955454417398615     
   6.2699999999999108       0.99957198139812231     
   6.2799999999999105       0.99958873715125307     
   6.2899999999999103       0.99960483798153621     
   6.2999999999999101       0.99962030940938307     
   6.3099999999999099       0.99963517596675000     
   6.3199999999999097       0.99964946123496878     
   6.3299999999999095       0.99966318788114528     
   6.3399999999999093       0.99967637769322082     
   6.3499999999999091       0.99968905161370503     
   6.3599999999999088       0.99970122977214315     
   6.3699999999999086       0.99971293151636820     
   6.3799999999999084       0.99972417544257297     
   6.3899999999999082       0.99973497942424372     
   6.3999999999999080       0.99974536064000386     
   6.4099999999999078       0.99975533560040375     
   6.4199999999999076       0.99976492017369145     
   6.4299999999999073       0.99977412961061274     
   6.4399999999999071       0.99978297856826481     
   6.4499999999999069       0.99979148113302918     
   6.4599999999999067       0.99979965084265709     
   6.4699999999999065       0.99980750070749069     
   6.4799999999999063       0.99981504323088510     
   6.4899999999999061       0.99982229042883741     
   6.4999999999999059       0.99982925384888499     
   6.5099999999999056       0.99983594458825886     
   6.5199999999999054       0.99984237331135717     
   6.5299999999999052       0.99984855026653285     
   6.5399999999999050       0.99985448530225185     
   6.5499999999999048       0.99986018788261621     
   6.5599999999999046       0.99986566710230418     
   6.5699999999999044       0.99987093170092478     
   6.5799999999999041       0.99987599007682038     
   6.5899999999999039       0.99988085030033969     
   6.5999999999999037       0.99988552012660137     
   6.6099999999999035       0.99989000700775454     
   6.6199999999999033       0.99989431810478058     
   6.6299999999999031       0.99989846029882601     
   6.6399999999999029       0.99990244020210284     
   6.6499999999999027       0.99990626416836692     
   6.6599999999999024       0.99990993830298669     
   6.6699999999999022       0.99991346847263085     
   6.6799999999999020       0.99991686031457128     
   6.6899999999999018       0.99992011924562740     
   6.6999999999999016       0.99992325047076458     
   6.7099999999999014       0.99992625899136733     
   6.7199999999999012       0.99992914961317181     
   6.7299999999999010       0.99993192695390876     
   6.7399999999999007       0.99993459545063956     
   6.7499999999999005       0.99993715936681393     
   6.7599999999999003       0.99993962279904147     
   6.7699999999999001       0.99994198968361658     
   6.7799999999998999       0.99994426380277668     
   6.7899999999998997       0.99994644879071970     
   6.7999999999998995       0.99994854813938849     
   6.8099999999998992       0.99995056520402947     
   6.8199999999998990       0.99995250320854334     
   6.8299999999998988       0.99995436525060544     
   6.8399999999998986       0.99995615430661033     
   6.8499999999998984       0.99995787323641061     
   6.8599999999998982       0.99995952478787287     
   6.8699999999998980       0.99996111160126000     
   6.8799999999998978       0.99996263621343495     
   6.8899999999998975       0.99996410106191258     
   6.8999999999998973       0.99996550848873822     
   6.9099999999998971       0.99996686074422592     
   6.9199999999998969       0.99996815999054578     
   6.9299999999998967       0.99996940830518177     
   6.9399999999998965       0.99997060768423163     
   6.9499999999998963       0.99997176004559962     
   6.9599999999998960       0.99997286723205769     
   6.9699999999998958       0.99997393101418419     
   6.9799999999998956       0.99997495309319107     
   6.9899999999998954       0.99997593510363636     
   6.9999999999998952       0.99997687861603601     
   7.0099999999998950       0.99997778513937208     
   7.0199999999998948       0.99997865612350090     
   7.0299999999998946       0.99997949296146726     
   7.0399999999998943       0.99998029699172986     
   7.0499999999998941       0.99998106950029675     
   7.0599999999998939       0.99998181172278600     
   7.0699999999998937       0.99998252484638916     
   7.0799999999998935       0.99998321001178236     
   7.0899999999998933       0.99998386831492736     
   7.0999999999998931       0.99998450080884560     
   7.1099999999998929       0.99998510850528077     
   7.1199999999998926       0.99998569237633028     
   7.1299999999998924       0.99998625335599078     
   7.1399999999998922       0.99998679234165289     
   7.1499999999998920       0.99998731019553533     
   7.1599999999998918       0.99998780774605989     
   7.1699999999998916       0.99998828578918086     
   7.1799999999998914       0.99998874508965441     
   7.1899999999998911       0.99998918638225975     
   7.1999999999998909       0.99998961037297429     
   7.2099999999998907       0.99999001774010543     
   7.2199999999998905       0.99999040913537185     
   7.2299999999998903       0.99999078518494355     
   7.2399999999998901       0.99999114649044618     
   7.2499999999998899       0.99999149362992423     
   7.2599999999998897       0.99999182715876034     
   7.2699999999998894       0.99999214761056565     
   7.2799999999998892       0.99999245549803673     
   7.2899999999998890       0.99999275131376819     
   7.2999999999998888       0.99999303553104746     
   7.3099999999998886       0.99999330860460367     
   7.3199999999998884       0.99999357097134578     
   7.3299999999998882       0.99999382305104934     
   7.3399999999998879       0.99999406524703705     
   7.3499999999998877       0.99999429794681893     
   7.3599999999998875       0.99999452152271073     
   7.3699999999998873       0.99999473633243718     
   7.3799999999998871       0.99999494271969491     
   7.3899999999998869       0.99999514101470777     
   7.3999999999998867       0.99999533153475351     
   7.4099999999998865       0.99999551458466929     
   7.4199999999998862       0.99999569045734349     
   7.4299999999998860       0.99999585943417990     
   7.4399999999998858       0.99999602178555091     
   7.4499999999998856       0.99999617777122973     
   7.4599999999998854       0.99999632764080193     
   7.4699999999998852       0.99999647163407035     
   7.4799999999998850       0.99999660998143503     
   7.4899999999998847       0.99999674290426455     
   7.4999999999998845       0.99999687061524545     
   7.5099999999998843       0.99999699331872671     
   7.5199999999998841       0.99999711121104873     
   7.5299999999998839       0.99999722448084893     
   7.5399999999998837       0.99999733330937168     
   7.5499999999998835       0.99999743787075424     
   7.5599999999998833       0.99999753833230809     
   7.5699999999998830       0.99999763485478221     
   7.5799999999998828       0.99999772759262484     
   7.5899999999998826       0.99999781669422871     
   7.5999999999998824       0.99999790230216734     
   7.6099999999998822       0.99999798455342492     
   7.6199999999998820       0.99999806357961418     
   7.6299999999998818       0.99999813950718919     
   7.6399999999998816       0.99999821245764331     
   7.6499999999998813       0.99999828254770928     
   7.6599999999998811       0.99999834988954006     
   7.6699999999998809       0.99999841459089422     
   7.6799999999998807       0.99999847675530262     
   7.6899999999998805       0.99999853648223846     
   7.6999999999998803       0.99999859386727319     
   7.7099999999998801       0.99999864900223401     
   7.7199999999998798       0.99999870197534291     
   7.7299999999998796       0.99999875287136908     
   7.7399999999998794       0.99999880177175193     
   7.7499999999998792       0.99999884875474032     
   7.7599999999998790       0.99999889389551688     
   7.7699999999998788       0.99999893726631328     
   7.7799999999998786       0.99999897893653034     
   7.7899999999998784       0.99999901897284715     
   7.7999999999998781       0.99999905743932971     
   7.8099999999998779       0.99999909439753021     
   7.8199999999998777       0.99999912990659034     
   7.8299999999998775       0.99999916402332911     
   7.8399999999998773       0.99999919680233962     
   7.8499999999998771       0.99999922829607513     
   7.8599999999998769       0.99999925855493021     
   7.8699999999998766       0.99999928762732548     
   7.8799999999998764       0.99999931555978305     
   7.8899999999998762       0.99999934239699895     
   7.8999999999998760       0.99999936818191726     
   7.9099999999998758       0.99999939295579943     
   7.9199999999998756       0.99999941675828863     
   7.9299999999998754       0.99999943962747306     
   7.9399999999998752       0.99999946159994713     
   7.9499999999998749       0.99999948271087236     
   7.9599999999998747       0.99999950299402984     
   7.9699999999998745       0.99999952248187640     
   7.9799999999998743       0.99999954120559609     
   7.9899999999998741       0.99999955919515060     
   7.9999999999998739       0.99999957647932713     
   8.0099999999998737       0.99999959308578401     
   8.0199999999998735       0.99999960904109353     
   8.0299999999998732       0.99999962437078882     
   8.0399999999998730       0.99999963909940004     
   8.0499999999998728       0.99999965325049611     
   8.0599999999998726       0.99999966684672126     
   8.0699999999998724       0.99999967990983152     
   8.0799999999998722       0.99999969246073028     
   8.0899999999998720       0.99999970451950448     
   8.0999999999998717       0.99999971610544724     
   8.1099999999998715       0.99999972723709973     
   8.1199999999998713       0.99999973793227503     
   8.1299999999998711       0.99999974820808823     
   8.1399999999998709       0.99999975808098041     
   8.1499999999998707       0.99999976756675224     
   8.1599999999998705       0.99999977668058204     
   8.1699999999998703       0.99999978543705448     
   8.1799999999998700       0.99999979385018134     
   8.1899999999998698       0.99999980193342397     
   8.1999999999998696       0.99999980969972047     
   8.2099999999998694       0.99999981716149600     
   8.2199999999998692       0.99999982433069112     
   8.2299999999998690       0.99999983121877867     
   8.2399999999998688       0.99999983783678126     
   8.2499999999998685       0.99999984419528787     
   8.2599999999998683       0.99999985030447391     
   8.2699999999998681       0.99999985617411624     
   8.2799999999998679       0.99999986181360689     
   8.2899999999998677       0.99999986723197043     
   8.2999999999998675       0.99999987243787603     
   8.3099999999998673       0.99999987743965690     
   8.3199999999998671       0.99999988224531444     
   8.3299999999998668       0.99999988686253916     
   8.3399999999998666       0.99999989129872102     
   8.3499999999998664       0.99999989556095781     
   8.3599999999998662       0.99999989965606828     
   8.3699999999998660       0.99999990359060931     
   8.3799999999998658       0.99999990737087396     
   8.3899999999998656       0.99999991100291286     
   8.3999999999998654       0.99999991449253722     
   8.4099999999998651       0.99999991784533304     
   8.4199999999998649       0.99999992106666147     
   8.4299999999998647       0.99999992416168160     
   8.4399999999998645       0.99999992713534303     
   8.4499999999998643       0.99999992999240617     
   8.4599999999998641       0.99999993273744303     
   8.4699999999998639       0.99999993537484488     
   8.4799999999998636       0.99999993790883257     
   8.4899999999998634       0.99999994034346129     
   8.4999999999998632       0.99999994268262782     
   8.5099999999998630       0.99999994493007327     
   8.5199999999998628       0.99999994708939577     
   8.5299999999998626       0.99999994916404955     
   8.5399999999998624       0.99999995115735496     
   8.5499999999998622       0.99999995307250211     
   8.5599999999998619       0.99999995491255544     
   8.5699999999998617       0.99999995668045971     
   8.5799999999998615       0.99999995837904232     
   8.5899999999998613       0.99999996001102331     
   8.5999999999998611       0.99999996157901272     
   8.6099999999998609       0.99999996308552086     
   8.6199999999998607       0.99999996453295814     
   8.6299999999998604       0.99999996592364060     
   8.6399999999998602       0.99999996725979423     
   8.6499999999998600       0.99999996854355544     
   8.6599999999998598       0.99999996977698036     
   8.6699999999998596       0.99999997096204218     
   8.6799999999998594       0.99999997210063618     
   8.6899999999998592       0.99999997319458567     
   8.6999999999998590       0.99999997424564180     
   8.7099999999998587       0.99999997525548323     
   8.7199999999998585       0.99999997622572945     
   8.7299999999998583       0.99999997715793232     
   8.7399999999998581       0.99999997805358254     
   8.7499999999998579       0.99999997891411396     
   8.7599999999998577       0.99999997974090338     
   8.7699999999998575       0.99999998053527372     
   8.7799999999998573       0.99999998129849688     
   8.7899999999998570       0.99999998203179263     
   8.7999999999998568       0.99999998273633617     
   8.8099999999998566       0.99999998341325413     
   8.8199999999998564       0.99999998406362989     
   8.8299999999998562       0.99999998468850382     
   8.8399999999998560       0.99999998528887624     
   8.8499999999998558       0.99999998586570682     
   8.8599999999998555       0.99999998641992105     
   8.8699999999998553       0.99999998695240400     
   8.8799999999998551       0.99999998746400642     
   8.8899999999998549       0.99999998795555023     
   8.8999999999998547       0.99999998842781990     
   8.9099999999998545       0.99999998888157193     
   8.9199999999998543       0.99999998931753209     
   8.9299999999998541       0.99999998973639703     
   8.9399999999998538       0.99999999013883889     
   8.9499999999998536       0.99999999052550026     
   8.9599999999998534       0.99999999089700020     
   8.9699999999998532       0.99999999125393435     
   8.9799999999998530       0.99999999159687236     
   8.9899999999998528       0.99999999192636368     
   8.9999999999998526       0.99999999224293568     
   9.0099999999998523       0.99999999254709449     
   9.0199999999998521       0.99999999283932717     
   9.0299999999998519       0.99999999312010035     
   9.0399999999998517       0.99999999338986656     
   9.0499999999998515       0.99999999364905301     
   9.0599999999998513       0.99999999389807759     
   9.0699999999998511       0.99999999413733687     
   9.0799999999998509       0.99999999436721509     
   9.0899999999998506       0.99999999458807975     
   9.0999999999998504       0.99999999480028390     
   9.1099999999998502       0.99999999500416814     
   9.1199999999998500       0.99999999520005700     
   9.1299999999998498       0.99999999538826578     
   9.1399999999998496       0.99999999556909458     
   9.1499999999998494       0.99999999574283283     
   9.1599999999998492       0.99999999590975897     
   9.1699999999998489       0.99999999607013912     
   9.1799999999998487       0.99999999622423130     
   9.1899999999998485       0.99999999637228087     
   9.1999999999998483       0.99999999651452642     
   9.2099999999998481       0.99999999665119388     
   9.2199999999998479       0.99999999678250207     
   9.2299999999998477       0.99999999690866170     
   9.2399999999998474       0.99999999702987530     
   9.2499999999998472       0.99999999714633503     
   9.2599999999998470       0.99999999725822875     
   9.2699999999998468       0.99999999736573530     
   9.2799999999998466       0.99999999746902646     
   9.2899999999998464       0.99999999756826774     
   9.2999999999998462       0.99999999766361680     
   9.3099999999998460       0.99999999775522797     
   9.3199999999998457       0.99999999784324689     
   9.3299999999998455       0.99999999792781369     
   9.3399999999998453       0.99999999800906592     
   9.3499999999998451       0.99999999808713202     
   9.3599999999998449       0.99999999816213647     
   9.3699999999998447       0.99999999823420016     
   9.3799999999998445       0.99999999830343789     
   9.3899999999998442       0.99999999836996045     
   9.3999999999998440       0.99999999843387588     
   9.4099999999998438       0.99999999849528487     
   9.4199999999998436       0.99999999855428501     
   9.4299999999998434       0.99999999861097244     
   9.4399999999998432       0.99999999866543643     
   9.4499999999998430       0.99999999871776568     
   9.4599999999998428       0.99999999876804291     
   9.4699999999998425       0.99999999881634893     
   9.4799999999998423       0.99999999886276036     
   9.4899999999998421       0.99999999890735225     
   9.4999999999998419       0.99999999895019587     
   9.5099999999998417       0.99999999899135872     
   9.5199999999998415       0.99999999903090764     
   9.5299999999998413       0.99999999906890713     
   9.5399999999998411       0.99999999910541570     
   9.5499999999998408       0.99999999914049231     
   9.5599999999998406       0.99999999917419391     
   9.5699999999998404       0.99999999920657545     
   9.5799999999998402       0.99999999923768579     
   9.5899999999998400       0.99999999926757566     
   9.5999999999998398       0.99999999929629413     
   9.6099999999998396       0.99999999932388717     
   9.6199999999998393       0.99999999935039829     
   9.6299999999998391       0.99999999937586936     
   9.6399999999998389       0.99999999940034234     
   9.6499999999998387       0.99999999942385476     
   9.6599999999998385       0.99999999944644602     
   9.6699999999998383       0.99999999946815088     
   9.6799999999998381       0.99999999948900553     
   9.6899999999998379       0.99999999950904128     
   9.6999999999998376       0.99999999952829233     
   9.7099999999998374       0.99999999954678798     
   9.7199999999998372       0.99999999956455887     
   9.7299999999998370       0.99999999958163299     
   9.7399999999998368       0.99999999959803809     
   9.7499999999998366       0.99999999961379882     
   9.7599999999998364       0.99999999962894204     
   9.7699999999998361       0.99999999964349140     
   9.7799999999998359       0.99999999965747033     
   9.7899999999998357       0.99999999967090059     
   9.7999999999998355       0.99999999968380482     
   9.8099999999998353       0.99999999969620357     
   9.8199999999998351       0.99999999970811515     
   9.8299999999998349       0.99999999971956066     
   9.8399999999998347       0.99999999973055598     
   9.8499999999998344       0.99999999974112164     
   9.8599999999998342       0.99999999975127185     
   9.8699999999998340       0.99999999976102483     
   9.8799999999998338       0.99999999977039533     
   9.8899999999998336       0.99999999977939780     
   9.8999999999998334       0.99999999978804777     
   9.9099999999998332       0.99999999979635901     
   9.9199999999998330       0.99999999980434373     
   9.9299999999998327       0.99999999981201537     
   9.9399999999998325       0.99999999981938614     
   9.9499999999998323       0.99999999982646737     
   9.9599999999998321       0.99999999983327248     
   9.9699999999998319       0.99999999983981025     
   9.9799999999998317       0.99999999984609145     
   9.9899999999998315       0.99999999985212629     
   9.9999999999998312       0.99999999985792420     
