   0.0000000000000000        1.0591537875175568E-003
   1.0000000000000000E-002   1.0803966741386394E-003
   2.0000000000000000E-002   1.1449761192064241E-003
   2.9999999999999999E-002   1.2554783405770936E-003
   4.0000000000000001E-002   1.4163278764131760E-003
   5.0000000000000003E-002   1.6339634890396588E-003
   6.0000000000000005E-002   1.9170938738535751E-003
   7.0000000000000007E-002   2.2770429925392005E-003
   8.0000000000000002E-002   2.7281982294525015E-003
   8.9999999999999997E-002   3.2885783183596445E-003
   9.9999999999999992E-002   3.9805423248647272E-003
  0.10999999999999999        4.8316658378430065E-003
  0.11999999999999998        5.8758161464062758E-003
  0.12999999999999998        7.1544644888104020E-003
  0.13999999999999999        8.7182805229077797E-003
  0.14999999999999999        1.0629061852618983E-002
  0.16000000000000000        1.2962059508285946E-002
  0.17000000000000001        1.5808768214180847E-002
  0.18000000000000002        1.9280257238214162E-002
  0.19000000000000003        2.3511122117000242E-002
  0.20000000000000004        2.8664137335975420E-002
  0.21000000000000005        3.4935681558088454E-002
  0.22000000000000006        4.2561984989523079E-002
  0.23000000000000007        5.1826205232928378E-002
  0.24000000000000007        6.3066262562823105E-002
  0.25000000000000006        7.6683242945823918E-002
  0.26000000000000006        9.3149987192752193E-002
  0.27000000000000007       0.11301920218846644     
  0.28000000000000008       0.13693002549017588     
  0.29000000000000009       0.16561141735358417     
  0.30000000000000010       0.19988002147441231     
  0.31000000000000011       0.24062922807390066     
  0.32000000000000012       0.28880514229457371     
  0.33000000000000013       0.34536415299311912     
  0.34000000000000014       0.41120610849233236     
  0.35000000000000014       0.48707724519645795     
  0.36000000000000015       0.57343873766978970     
  0.37000000000000016       0.67030099570163959     
  0.38000000000000017       0.77703153963762217     
  0.39000000000000018       0.89215580657020688     
  0.40000000000000019        1.0131845832873196     
  0.41000000000000020        1.1365156664634428     
  0.42000000000000021        1.2574648788015377     
  0.43000000000000022        1.3704751208062218     
  0.44000000000000022        1.4695256265867453     
  0.45000000000000023        1.5487173019195526     
  0.46000000000000024        1.6029545374349083     
  0.47000000000000025        1.6285991461193270     
  0.48000000000000026        1.6239593399144561     
  0.49000000000000027        1.5895065474259009     
  0.50000000000000022        1.5277774183122015     
  0.51000000000000023        1.4429939389092947     
  0.52000000000000024        1.3404944007962019     
  0.53000000000000025        1.2260951613994866     
  0.54000000000000026        1.1054960850063500     
  0.55000000000000027       0.98381125790863011     
  0.56000000000000028       0.86526529933149321     
  0.57000000000000028       0.75305690209135978     
  0.58000000000000029       0.64936312696593090     
  0.59000000000000030       0.55544338315154718     
  0.60000000000000031       0.47179973463177499     
  0.61000000000000032       0.39835644442336210     
  0.62000000000000033       0.33463208544531148     
  0.63000000000000034       0.27988842222139404     
  0.64000000000000035       0.23324932243514718     
  0.65000000000000036       0.19378929742801818     
  0.66000000000000036       0.16059497724116101     
  0.67000000000000037       0.13280447073323998     
  0.68000000000000038       0.10962983599795954     
  0.69000000000000039        9.0367392064059748E-002
  0.70000000000000040        7.4399774662082460E-002
  0.71000000000000041        6.1192748243809270E-002
  0.72000000000000042        5.0288977667665956E-002
  0.73000000000000043        4.1300295622466204E-002
  0.74000000000000044        3.3899485722154094E-002
  0.75000000000000044        2.7812221307942041E-002
  0.76000000000000045        2.2809531781490089E-002
  0.77000000000000046        1.8700986220563664E-002
  0.78000000000000047        1.5328665344258923E-002
  0.79000000000000048        1.2561919304166122E-002
  0.80000000000000049        1.0292866068532225E-002
  0.81000000000000050        8.4325630911554882E-003
  0.82000000000000051        6.9077760635344919E-003
  0.83000000000000052        5.6582678031635346E-003
  0.84000000000000052        4.6345342689663015E-003
  0.85000000000000053        3.7959210998290676E-003
  0.86000000000000054        3.1090614661644748E-003
  0.87000000000000055        2.5465836161191278E-003
  0.88000000000000056        2.0860437017436030E-003
  0.89000000000000057        1.7090460744434103E-003
  0.90000000000000058        1.4005191338512539E-003
  0.91000000000000059        1.1481199340082828E-003
  0.92000000000000060        9.4174517241351772E-004
  0.93000000000000060        7.7312998381581929E-004
  0.94000000000000061        6.3551910220708424E-004
  0.95000000000000062        5.2339766078280834E-004
  0.96000000000000063        4.3227115762168585E-004
  0.97000000000000064        3.5848593150776949E-004
  0.98000000000000065        2.9908310672181287E-004
  0.99000000000000066        2.5168023095888424E-004
   1.0000000000000007        2.1437591572611068E-004
   1.0100000000000007        1.8567370078456232E-004
   1.0200000000000007        1.6442209888938673E-004
   1.0300000000000007        1.4976846764104627E-004
   1.0400000000000007        1.4112482030518829E-004
   1.0500000000000007        1.3814424897712116E-004
   1.0600000000000007        1.4070700601608813E-004
   1.0700000000000007        1.4891566839937261E-004
   1.0800000000000007        1.6309922054444465E-004
   1.0900000000000007        1.8382617122425382E-004
   1.1000000000000008        2.1192726586281101E-004
   1.1100000000000008        2.4852863432609347E-004
   1.1200000000000008        2.9509672948993754E-004
   1.1300000000000008        3.5349677065366135E-004
   1.1400000000000008        4.2606700034635020E-004
   1.1500000000000008        5.1571162667283989E-004
   1.1600000000000008        6.2601603719673144E-004
   1.1700000000000008        7.6138869527662219E-004
   1.1800000000000008        9.2723507929000706E-004
   1.1900000000000008        1.1301701836045482E-003
   1.2000000000000008        1.3782773799428875E-003
   1.2100000000000009        1.6814229638350345E-003
   1.2200000000000009        2.0516374400247838E-003
   1.2300000000000009        2.5035764883764326E-003
   1.2400000000000009        3.0550766314378364E-003
   1.2500000000000009        3.7278227349103257E-003
   1.2600000000000009        4.5481464881866997E-003
   1.2700000000000009        5.5479766106546237E-003
   1.2800000000000009        6.7659622849233310E-003
   1.2900000000000009        8.2487904248182923E-003
   1.3000000000000009        1.0052713805310932E-002
   1.3100000000000009        1.2245299094143422E-002
   1.3200000000000010        1.4907389037569911E-002
   1.3300000000000010        1.8135248105230005E-002
   1.3400000000000010        2.2042821120826266E-002
   1.3500000000000010        2.6763973768896221E-002
   1.3600000000000010        3.2454494805505510E-002
   1.3700000000000010        3.9293513745385741E-002
   1.3800000000000010        4.7483816466707011E-002
   1.3900000000000010        5.7250319340174417E-002
   1.4000000000000010        6.8835693678208840E-002
   1.4100000000000010        8.2491837579003607E-002
   1.4200000000000010        9.8465624317312928E-002
   1.4300000000000010       0.11697721714443482     
   1.4400000000000011       0.13818939864351812     
   1.4500000000000011       0.16216706183852375     
   1.4600000000000011       0.18882754301546914     
   1.4700000000000011       0.21788509892799643     
   1.4800000000000011       0.24879658345212077     
   1.4900000000000011       0.28071981226653675     
   1.5000000000000011       0.31249999915019355     
   1.5100000000000011       0.34270093437073129     
   1.5200000000000011       0.36969377657283681     
   1.5300000000000011       0.39180574706335447     
   1.5400000000000011       0.40751442924415521     
   1.5500000000000012       0.41565526027560584     
   1.5600000000000012       0.41559764083247869     
   1.5700000000000012       0.40734610021367584     
   1.5800000000000012       0.39153955582581307     
   1.5900000000000012       0.36934886904528197     
   1.6000000000000012       0.34229998117814137     
   1.6100000000000012       0.31206631557566300     
   1.6200000000000012       0.28027492823567446     
   1.6300000000000012       0.24835859007223707     
   1.6400000000000012       0.21746784278005937     
   1.6500000000000012       0.18844054564611790     
   1.6600000000000013       0.16181594469451860     
   1.6700000000000013       0.13787658229246300     
   1.6800000000000013       0.11670270545027593     
   1.6900000000000013        9.8227745957367607E-002
   1.7000000000000013        8.2287875805751198E-002
   1.7100000000000013        6.8662379711250984E-002
   1.7200000000000013        5.7104193043865908E-002
   1.7300000000000013        4.7361472705899056E-002
   1.7400000000000013        3.9191758055998789E-002
   1.7500000000000013        3.2370431685248752E-002
   1.7600000000000013        2.6695047744788519E-002
   1.7700000000000014        2.1986826709515919E-002
   1.7800000000000014        1.8090320819817929E-002
   1.7900000000000014        1.4871986208992232E-002
   1.8000000000000014        1.2218176587943594E-002
   1.8100000000000014        1.0032902739799768E-002
   1.8200000000000014        8.2355765675314052E-003
   1.8300000000000014        6.7588698809040136E-003
   1.8400000000000014        5.5467577907639789E-003
   1.8500000000000014        4.5527770961221650E-003
   1.8600000000000014        3.7385052665905700E-003
   1.8700000000000014        3.0722510051146971E-003
   1.8800000000000014        2.5279394814718072E-003
   1.8900000000000015        2.0841718557541799E-003
   1.9000000000000015        1.7234378766775877E-003
   1.9100000000000015        1.4314612164925994E-003
   1.9200000000000015        1.1966588394498906E-003
   1.9300000000000015        1.0096978707016706E-003
   1.9400000000000015        8.6313563839576660E-004
   1.9500000000000015        7.5113076384633127E-004
   1.9600000000000015        6.6921530287022025E-004
   1.9700000000000015        6.1411982607422573E-004
   1.9800000000000015        5.8364513554193546E-004
   1.9900000000000015        5.7657594332605146E-004
   2.0000000000000013        5.9263335135747595E-004
   2.0100000000000011        6.3246444005107838E-004
   2.0200000000000009        6.9766866473769992E-004
   2.0300000000000007        7.9086219193357247E-004
   2.0400000000000005        9.1578278151073489E-004
   2.0500000000000003        1.0774394009569804E-003
   2.0600000000000001        1.2823125206705324E-003
   2.0699999999999998        1.5386129997960218E-003
   2.0799999999999996        1.8566097719816723E-003
   2.0899999999999994        2.2490391650048813E-003
   2.0999999999999992        2.7316118502211570E-003
   2.1099999999999990        3.3236370666319686E-003
   2.1199999999999988        4.0487881720913414E-003
   2.1299999999999986        4.9360387154289672E-003
   2.1399999999999983        6.0208043449912442E-003
   2.1499999999999981        7.3463330218061966E-003
   2.1599999999999979        8.9653943093990270E-003
   2.1699999999999977        1.0942328123671080E-002
   2.1799999999999975        1.3355524077331151E-002
   2.1899999999999973        1.6300414550762348E-002
   2.1999999999999971        1.9893077273494413E-002
   2.2099999999999969        2.4274556010344103E-002
   2.2199999999999966        2.9616019573744396E-002
   2.2299999999999964        3.6124887788681004E-002
   2.2399999999999962        4.4052054944942826E-002
   2.2499999999999960        5.3700331623323487E-002
   2.2599999999999958        6.5434196931321992E-002
   2.2699999999999956        7.9690894104203866E-002
   2.2799999999999954        9.6992797263902919E-002
   2.2899999999999952       0.11796080425532023     
   2.2999999999999949       0.14332824091802071     
   2.3099999999999947       0.17395435971411402     
   2.3199999999999945       0.21083593773411272     
   2.3299999999999943       0.25511468233484280     
   2.3399999999999941       0.30807710424187396     
   2.3499999999999939       0.37114221831466132     
   2.3599999999999937       0.44583095297985870     
   2.3699999999999934       0.53370969056369200     
   2.3799999999999932       0.63629932454081906     
   2.3899999999999930       0.75494128419544537     
   2.3999999999999928       0.89061412867061052     
   2.4099999999999926        1.0436997550053333     
   2.4199999999999924        1.2137080991747144     
   2.4299999999999922        1.3989837831912444     
   2.4399999999999920        1.5964361261222668     
   2.4499999999999917        1.8013513349150303     
   2.4599999999999915        2.0073557943906777     
   2.4699999999999913        2.2065941810725760     
   2.4799999999999911        2.3901598716611456     
   2.4899999999999909        2.5487686918555079     
   2.4999999999999907        2.6736104314119422     
   2.5099999999999905        2.7572624075009755     
   2.5199999999999902        2.7945219731851250     
   2.5299999999999900        2.7830187659301067     
   2.5399999999999898        2.7235010654071377     
   2.5499999999999896        2.6197454868475210     
   2.5599999999999894        2.4781045779879949     
   2.5699999999999892        2.3067707350455642     
   2.5799999999999890        2.1148835936836190     
   2.5899999999999888        1.9116288339754153     
   2.5999999999999885        1.7054629721535044     
   2.6099999999999883        1.5035562809368672     
   2.6199999999999881        1.3114894450903460     
   2.6299999999999879        1.1331867930843227     
   2.6399999999999877       0.97103304488586295     
   2.6499999999999875       0.82610591556319779     
   2.6599999999999873       0.69846035247622984     
   2.6699999999999871       0.58741446752858384     
   2.6799999999999868       0.49180505506026195     
   2.6899999999999866       0.41019680262737396     
   2.6999999999999864       0.34104140131858313     
   2.7099999999999862       0.28279031553600664     
   2.7199999999999860       0.23396871976222031     
   2.7299999999999858       0.19321919701094326     
   2.7399999999999856       0.15932330200743572     
   2.7499999999999853       0.13120784504958904     
   2.7599999999999851       0.10794128497177613     
   2.7699999999999849        8.8724230574810312E-002
   2.7799999999999847        7.2876875299718494E-002
   2.7899999999999845        5.9825265976443144E-002
   2.7999999999999843        4.9087617548546458E-002
   2.8099999999999841        4.0261393838775340E-002
   2.8199999999999839        3.3011537165670055E-002
   2.8299999999999836        2.7060007180623093E-002
   2.8399999999999834        2.2176649675549723E-002
   2.8499999999999832        1.8171333154725060E-002
   2.8599999999999830        1.4887246891540149E-002
   2.8699999999999828        1.2195234462543753E-002
   2.8799999999999826        9.9890329662008833E-003
   2.8899999999999824        8.1812929516122419E-003
   2.8999999999999821        6.7002643878064814E-003
   2.9099999999999819        5.4870458812910673E-003
   2.9199999999999817        4.4933073233364455E-003
   2.9299999999999815        3.6794084170806139E-003
   2.9399999999999813        3.0128468018249138E-003
   2.9499999999999811        2.4669798404659223E-003
   2.9599999999999809        2.0199729484038343E-003
   2.9699999999999807        1.6539351059650135E-003
   2.9799999999999804        1.3542087433617105E-003
   2.9899999999999802        1.1087867847715662E-003
   2.9999999999999800        9.0783433223509029E-004
   3.0099999999999798        7.4329635372206223E-004
   3.0199999999999796        6.0857598258682482E-004
   3.0299999999999794        4.9827086623862747E-004
   3.0399999999999792        4.0795705086234187E-004
   3.0499999999999790        3.3401192184328064E-004
   3.0599999999999787        2.7346914387350673E-004
   3.0699999999999785        2.2389982008575490E-004
   3.0799999999999783        1.8331515370988190E-004
   3.0899999999999781        1.5008675422673650E-004
   3.0999999999999779        1.2288130712529260E-004
   3.1099999999999777        1.0060715320750496E-004
   3.1199999999999775        8.2370470304866502E-005
   3.1299999999999772        6.7439440551827565E-005
   3.1399999999999770        5.5214877584565636E-005
   3.1499999999999768        4.5206209455761384E-005
   3.1599999999999766        3.7011774395859702E-005
   3.1699999999999764        3.0302719988285594E-005
   3.1799999999999762        2.4809797251269813E-005
   3.1899999999999760        2.0312561128141132E-005
   3.1999999999999758        1.6630530058713730E-005
   3.2099999999999755        1.3615935482604513E-005
   3.2199999999999753        1.1147788159609533E-005
   3.2299999999999751        9.1270411129006722E-006
   3.2399999999999749        7.4725931035917824E-006
   3.2499999999999747        6.1180445589787887E-006
   3.2599999999999745        5.0090295215069336E-006
   3.2699999999999743        4.1010479382604400E-006
   3.2799999999999740        3.3576539619777257E-006
   3.2899999999999738        2.7490148815290372E-006
   3.2999999999999736        2.2507046795325419E-006
   3.3099999999999734        1.8427207448040170E-006
   3.3199999999999732        1.5086909880600624E-006
   3.3299999999999730        1.2352131666831756E-006
   3.3399999999999728        1.0113083774240744E-006
   3.3499999999999726        8.2798695918809920E-007
   3.3599999999999723        6.7789969795950194E-007
   3.3699999999999721        5.5501743493216104E-007
   3.3799999999999719        4.5440837426893294E-007
   3.3899999999999717        3.7203842798934735E-007
   3.3999999999999715        3.0459894635926686E-007
   3.4099999999999713        2.4938672128261122E-007
   3.4199999999999711        2.0418038146815974E-007
   3.4299999999999708        1.6716850548689072E-007
   3.4399999999999706        1.3686450467127671E-007
   3.4499999999999704        1.1205518278051060E-007
   3.4599999999999702        9.1742819364591430E-008
   3.4699999999999700        7.5113250851559927E-008
   3.4799999999999698        6.1497475333593564E-008
   3.4899999999999696        5.0351946107821877E-008
   3.4999999999999694        4.1222581945702075E-008
   3.5099999999999691        3.3750780801221195E-008
   3.5199999999999689        2.7631971483596292E-008
   3.5299999999999687        2.2624125367344919E-008
   3.5399999999999685        1.8522961410775474E-008
   3.5499999999999683        1.5163796527741651E-008
   3.5599999999999681        1.2416734621080851E-008
   3.5699999999999679        1.0165202270262541E-008
   3.5799999999999677        8.3240823745818900E-009
   3.5899999999999674        6.8145490972992010E-009
   3.5999999999999672        5.5781306909737620E-009
   3.6099999999999670        4.5674576386915790E-009
   3.6199999999999668        3.7381210183457822E-009
   3.6299999999999666        3.0631054023213579E-009
   3.6399999999999664        2.5068836529328113E-009
   3.6499999999999662        2.0505819782847222E-009
   3.6599999999999659        1.6793974043414670E-009
   3.6699999999999657        1.3751962879094075E-009
   3.6799999999999655        1.1246559523564825E-009
   3.6899999999999653        9.2333550547200536E-010
   3.6999999999999651        7.5495167581678986E-010
   3.7099999999999649        6.1913438903994598E-010
   3.7199999999999647        5.0626171201831794E-010
   3.7299999999999645        4.1337304994478154E-010
   3.7399999999999642        3.3787788236310254E-010
   3.7499999999999640        2.7755576316793745E-010
   3.7599999999999638        2.2833587449948988E-010
   3.7699999999999636        1.8651747284885397E-010
   3.7799999999999634        1.5432100432137324E-010
   3.7899999999999632        1.2582527930279832E-010
   3.7999999999999630        1.0214052084580099E-010
   3.8099999999999627        8.2526580248600074E-011
   3.8199999999999625        6.6983457511195573E-011
   3.8299999999999623        5.4400929580915742E-011
   3.8399999999999621        4.5149070808651159E-011
   3.8499999999999619        3.7747583790839498E-011
   3.8599999999999617        3.1086245474808997E-011
   3.8699999999999615        2.3314684106106746E-011
   3.8799999999999613        2.1834386702544414E-011
   3.8899999999999610        1.6283271439185664E-011
   3.8999999999999608        1.3322676632060998E-011
   3.9099999999999606        1.2952602281170415E-011
   3.9199999999999604        1.0362081824936332E-011
   3.9299999999999602        6.6613383160304991E-012
   3.9399999999999600        6.6613383160304991E-012
   3.9499999999999598        5.9211896142493330E-012
   3.9599999999999596        4.4408922106870000E-012
   3.9699999999999593        2.9605948071246665E-012
   3.9799999999999591        3.7007435089058330E-012
   3.9899999999999589        2.2204461053435000E-012
   3.9999999999999587        3.7007435089058331E-013
   4.0099999999999589        2.2204461053435000E-012
   4.0199999999999587        7.4014870178116663E-013
   4.0299999999999585        3.7007435089058331E-013
   4.0399999999999583        3.7007435089058331E-013
   4.0499999999999581       -1.1102230526717500E-012
   4.0599999999999579       -1.1102230526717500E-012
   4.0699999999999577        0.0000000000000000     
   4.0799999999999574       -1.1102230526717500E-012
   4.0899999999999572        0.0000000000000000     
   4.0999999999999570       -1.1102230526717500E-012
   4.1099999999999568        0.0000000000000000     
   4.1199999999999566        0.0000000000000000     
   4.1299999999999564        0.0000000000000000     
   4.1399999999999562        0.0000000000000000     
   4.1499999999999559       -1.1102230526717500E-012
   4.1599999999999557        0.0000000000000000     
   4.1699999999999555        0.0000000000000000     
   4.1799999999999553        1.4802974035623333E-012
   4.1899999999999551        0.0000000000000000     
   4.1999999999999549        0.0000000000000000     
   4.2099999999999547        0.0000000000000000     
   4.2199999999999545        0.0000000000000000     
   4.2299999999999542        0.0000000000000000     
   4.2399999999999540        0.0000000000000000     
   4.2499999999999538        0.0000000000000000     
   4.2599999999999536        0.0000000000000000     
   4.2699999999999534        0.0000000000000000     
   4.2799999999999532        0.0000000000000000     
   4.2899999999999530        0.0000000000000000     
   4.2999999999999527        0.0000000000000000     
   4.3099999999999525        0.0000000000000000     
   4.3199999999999523        0.0000000000000000     
   4.3299999999999521        0.0000000000000000     
   4.3399999999999519        0.0000000000000000     
   4.3499999999999517        0.0000000000000000     
   4.3599999999999515        0.0000000000000000     
   4.3699999999999513        0.0000000000000000     
   4.3799999999999510        0.0000000000000000     
   4.3899999999999508        0.0000000000000000     
   4.3999999999999506        0.0000000000000000     
   4.4099999999999504        0.0000000000000000     
   4.4199999999999502        0.0000000000000000     
   4.4299999999999500        0.0000000000000000     
   4.4399999999999498        0.0000000000000000     
   4.4499999999999496        0.0000000000000000     
   4.4599999999999493        0.0000000000000000     
   4.4699999999999491        0.0000000000000000     
   4.4799999999999489        0.0000000000000000     
   4.4899999999999487        0.0000000000000000     
   4.4999999999999485        0.0000000000000000     
   4.5099999999999483        0.0000000000000000     
   4.5199999999999481        0.0000000000000000     
   4.5299999999999478        0.0000000000000000     
   4.5399999999999476        0.0000000000000000     
   4.5499999999999474        0.0000000000000000     
   4.5599999999999472        0.0000000000000000     
   4.5699999999999470        0.0000000000000000     
   4.5799999999999468        0.0000000000000000     
   4.5899999999999466        0.0000000000000000     
   4.5999999999999464        0.0000000000000000     
   4.6099999999999461        0.0000000000000000     
   4.6199999999999459        0.0000000000000000     
   4.6299999999999457        0.0000000000000000     
   4.6399999999999455        0.0000000000000000     
   4.6499999999999453        0.0000000000000000     
   4.6599999999999451        0.0000000000000000     
   4.6699999999999449        0.0000000000000000     
   4.6799999999999446        0.0000000000000000     
   4.6899999999999444        0.0000000000000000     
   4.6999999999999442        0.0000000000000000     
   4.7099999999999440        0.0000000000000000     
   4.7199999999999438        0.0000000000000000     
   4.7299999999999436        0.0000000000000000     
   4.7399999999999434        0.0000000000000000     
   4.7499999999999432        0.0000000000000000     
   4.7599999999999429        0.0000000000000000     
   4.7699999999999427        0.0000000000000000     
   4.7799999999999425        0.0000000000000000     
   4.7899999999999423        0.0000000000000000     
   4.7999999999999421        0.0000000000000000     
   4.8099999999999419        0.0000000000000000     
   4.8199999999999417        0.0000000000000000     
   4.8299999999999415        0.0000000000000000     
   4.8399999999999412        0.0000000000000000     
   4.8499999999999410        0.0000000000000000     
   4.8599999999999408        0.0000000000000000     
   4.8699999999999406        0.0000000000000000     
   4.8799999999999404        0.0000000000000000     
   4.8899999999999402        0.0000000000000000     
   4.8999999999999400        0.0000000000000000     
   4.9099999999999397        0.0000000000000000     
   4.9199999999999395        0.0000000000000000     
   4.9299999999999393        0.0000000000000000     
   4.9399999999999391        0.0000000000000000     
   4.9499999999999389        0.0000000000000000     
   4.9599999999999387        0.0000000000000000     
   4.9699999999999385        0.0000000000000000     
   4.9799999999999383        0.0000000000000000     
   4.9899999999999380        0.0000000000000000     
   4.9999999999999378        0.0000000000000000     
   5.0099999999999376        0.0000000000000000     
   5.0199999999999374        0.0000000000000000     
   5.0299999999999372        0.0000000000000000     
   5.0399999999999370        0.0000000000000000     
   5.0499999999999368        0.0000000000000000     
   5.0599999999999365        0.0000000000000000     
   5.0699999999999363        0.0000000000000000     
   5.0799999999999361        0.0000000000000000     
   5.0899999999999359        0.0000000000000000     
   5.0999999999999357        0.0000000000000000     
   5.1099999999999355        0.0000000000000000     
   5.1199999999999353        0.0000000000000000     
   5.1299999999999351        0.0000000000000000     
   5.1399999999999348        0.0000000000000000     
   5.1499999999999346        0.0000000000000000     
   5.1599999999999344        0.0000000000000000     
   5.1699999999999342        0.0000000000000000     
   5.1799999999999340        0.0000000000000000     
   5.1899999999999338        0.0000000000000000     
   5.1999999999999336        0.0000000000000000     
   5.2099999999999334        0.0000000000000000     
   5.2199999999999331        0.0000000000000000     
   5.2299999999999329        0.0000000000000000     
   5.2399999999999327        0.0000000000000000     
   5.2499999999999325        0.0000000000000000     
   5.2599999999999323        0.0000000000000000     
   5.2699999999999321        0.0000000000000000     
   5.2799999999999319        0.0000000000000000     
   5.2899999999999316        0.0000000000000000     
   5.2999999999999314        0.0000000000000000     
   5.3099999999999312        0.0000000000000000     
   5.3199999999999310        0.0000000000000000     
   5.3299999999999308        0.0000000000000000     
   5.3399999999999306        0.0000000000000000     
   5.3499999999999304        0.0000000000000000     
   5.3599999999999302        0.0000000000000000     
   5.3699999999999299        0.0000000000000000     
   5.3799999999999297        0.0000000000000000     
   5.3899999999999295        0.0000000000000000     
   5.3999999999999293        0.0000000000000000     
   5.4099999999999291        0.0000000000000000     
   5.4199999999999289        0.0000000000000000     
   5.4299999999999287        0.0000000000000000     
   5.4399999999999284        0.0000000000000000     
   5.4499999999999282        0.0000000000000000     
   5.4599999999999280        0.0000000000000000     
   5.4699999999999278        0.0000000000000000     
   5.4799999999999276        0.0000000000000000     
   5.4899999999999274        0.0000000000000000     
   5.4999999999999272        0.0000000000000000     
   5.5099999999999270        0.0000000000000000     
   5.5199999999999267        0.0000000000000000     
   5.5299999999999265        0.0000000000000000     
   5.5399999999999263        0.0000000000000000     
   5.5499999999999261        0.0000000000000000     
   5.5599999999999259        0.0000000000000000     
   5.5699999999999257        0.0000000000000000     
   5.5799999999999255        0.0000000000000000     
   5.5899999999999253        0.0000000000000000     
   5.5999999999999250        0.0000000000000000     
   5.6099999999999248        0.0000000000000000     
   5.6199999999999246        0.0000000000000000     
   5.6299999999999244        0.0000000000000000     
   5.6399999999999242        0.0000000000000000     
   5.6499999999999240        0.0000000000000000     
   5.6599999999999238        0.0000000000000000     
   5.6699999999999235        0.0000000000000000     
   5.6799999999999233        0.0000000000000000     
   5.6899999999999231        0.0000000000000000     
   5.6999999999999229        0.0000000000000000     
   5.7099999999999227        0.0000000000000000     
   5.7199999999999225        0.0000000000000000     
   5.7299999999999223        0.0000000000000000     
   5.7399999999999221        0.0000000000000000     
   5.7499999999999218        0.0000000000000000     
   5.7599999999999216        0.0000000000000000     
   5.7699999999999214        0.0000000000000000     
   5.7799999999999212        0.0000000000000000     
   5.7899999999999210        0.0000000000000000     
   5.7999999999999208        0.0000000000000000     
   5.8099999999999206        0.0000000000000000     
   5.8199999999999203        0.0000000000000000     
   5.8299999999999201        0.0000000000000000     
   5.8399999999999199        0.0000000000000000     
   5.8499999999999197        0.0000000000000000     
   5.8599999999999195        0.0000000000000000     
   5.8699999999999193        0.0000000000000000     
   5.8799999999999191        0.0000000000000000     
   5.8899999999999189        0.0000000000000000     
   5.8999999999999186        0.0000000000000000     
   5.9099999999999184        0.0000000000000000     
   5.9199999999999182        0.0000000000000000     
   5.9299999999999180        0.0000000000000000     
   5.9399999999999178        0.0000000000000000     
   5.9499999999999176        0.0000000000000000     
   5.9599999999999174        0.0000000000000000     
   5.9699999999999172        0.0000000000000000     
   5.9799999999999169        0.0000000000000000     
   5.9899999999999167        0.0000000000000000     
   5.9999999999999165        0.0000000000000000     
   6.0099999999999163        0.0000000000000000     
   6.0199999999999161        0.0000000000000000     
   6.0299999999999159        0.0000000000000000     
   6.0399999999999157        0.0000000000000000     
   6.0499999999999154        0.0000000000000000     
   6.0599999999999152        0.0000000000000000     
   6.0699999999999150        0.0000000000000000     
   6.0799999999999148        0.0000000000000000     
   6.0899999999999146        0.0000000000000000     
   6.0999999999999144        0.0000000000000000     
   6.1099999999999142        0.0000000000000000     
   6.1199999999999140        0.0000000000000000     
   6.1299999999999137        0.0000000000000000     
   6.1399999999999135        0.0000000000000000     
   6.1499999999999133        0.0000000000000000     
   6.1599999999999131        0.0000000000000000     
   6.1699999999999129        0.0000000000000000     
   6.1799999999999127        0.0000000000000000     
   6.1899999999999125        0.0000000000000000     
   6.1999999999999122        0.0000000000000000     
   6.2099999999999120        0.0000000000000000     
   6.2199999999999118        0.0000000000000000     
   6.2299999999999116        0.0000000000000000     
   6.2399999999999114        0.0000000000000000     
   6.2499999999999112        0.0000000000000000     
   6.2599999999999110        0.0000000000000000     
   6.2699999999999108        0.0000000000000000     
   6.2799999999999105        0.0000000000000000     
   6.2899999999999103        0.0000000000000000     
   6.2999999999999101        0.0000000000000000     
   6.3099999999999099        0.0000000000000000     
   6.3199999999999097        0.0000000000000000     
   6.3299999999999095        0.0000000000000000     
   6.3399999999999093        0.0000000000000000     
   6.3499999999999091        0.0000000000000000     
   6.3599999999999088        0.0000000000000000     
   6.3699999999999086        0.0000000000000000     
   6.3799999999999084        0.0000000000000000     
   6.3899999999999082        0.0000000000000000     
   6.3999999999999080        0.0000000000000000     
   6.4099999999999078        0.0000000000000000     
   6.4199999999999076        0.0000000000000000     
   6.4299999999999073        0.0000000000000000     
   6.4399999999999071        0.0000000000000000     
   6.4499999999999069        0.0000000000000000     
   6.4599999999999067        0.0000000000000000     
   6.4699999999999065        0.0000000000000000     
   6.4799999999999063        0.0000000000000000     
   6.4899999999999061        0.0000000000000000     
   6.4999999999999059        0.0000000000000000     
   6.5099999999999056        0.0000000000000000     
   6.5199999999999054        0.0000000000000000     
   6.5299999999999052        0.0000000000000000     
   6.5399999999999050        0.0000000000000000     
   6.5499999999999048        0.0000000000000000     
   6.5599999999999046        0.0000000000000000     
   6.5699999999999044        0.0000000000000000     
   6.5799999999999041        0.0000000000000000     
   6.5899999999999039        0.0000000000000000     
   6.5999999999999037        0.0000000000000000     
   6.6099999999999035        0.0000000000000000     
   6.6199999999999033        0.0000000000000000     
   6.6299999999999031        0.0000000000000000     
   6.6399999999999029        0.0000000000000000     
   6.6499999999999027        0.0000000000000000     
   6.6599999999999024        0.0000000000000000     
   6.6699999999999022        0.0000000000000000     
   6.6799999999999020        0.0000000000000000     
   6.6899999999999018        0.0000000000000000     
   6.6999999999999016        0.0000000000000000     
   6.7099999999999014        0.0000000000000000     
   6.7199999999999012        0.0000000000000000     
   6.7299999999999010        0.0000000000000000     
   6.7399999999999007        0.0000000000000000     
   6.7499999999999005        0.0000000000000000     
   6.7599999999999003        0.0000000000000000     
   6.7699999999999001        0.0000000000000000     
   6.7799999999998999        0.0000000000000000     
   6.7899999999998997        0.0000000000000000     
   6.7999999999998995        0.0000000000000000     
   6.8099999999998992        0.0000000000000000     
   6.8199999999998990        0.0000000000000000     
   6.8299999999998988        0.0000000000000000     
   6.8399999999998986        0.0000000000000000     
   6.8499999999998984        0.0000000000000000     
   6.8599999999998982        0.0000000000000000     
   6.8699999999998980        0.0000000000000000     
   6.8799999999998978        0.0000000000000000     
   6.8899999999998975        0.0000000000000000     
   6.8999999999998973        0.0000000000000000     
   6.9099999999998971        0.0000000000000000     
   6.9199999999998969        0.0000000000000000     
   6.9299999999998967        0.0000000000000000     
   6.9399999999998965        0.0000000000000000     
   6.9499999999998963        0.0000000000000000     
   6.9599999999998960        0.0000000000000000     
   6.9699999999998958        0.0000000000000000     
   6.9799999999998956        0.0000000000000000     
   6.9899999999998954        0.0000000000000000     
   6.9999999999998952        0.0000000000000000     
   7.0099999999998950        0.0000000000000000     
   7.0199999999998948        0.0000000000000000     
   7.0299999999998946        0.0000000000000000     
   7.0399999999998943        0.0000000000000000     
   7.0499999999998941        0.0000000000000000     
   7.0599999999998939        0.0000000000000000     
   7.0699999999998937        0.0000000000000000     
   7.0799999999998935        0.0000000000000000     
   7.0899999999998933        0.0000000000000000     
   7.0999999999998931        0.0000000000000000     
   7.1099999999998929        0.0000000000000000     
   7.1199999999998926        0.0000000000000000     
   7.1299999999998924        0.0000000000000000     
   7.1399999999998922        0.0000000000000000     
   7.1499999999998920        0.0000000000000000     
   7.1599999999998918        0.0000000000000000     
   7.1699999999998916        0.0000000000000000     
   7.1799999999998914        0.0000000000000000     
   7.1899999999998911        0.0000000000000000     
   7.1999999999998909        0.0000000000000000     
   7.2099999999998907        0.0000000000000000     
   7.2199999999998905        0.0000000000000000     
   7.2299999999998903        0.0000000000000000     
   7.2399999999998901        0.0000000000000000     
   7.2499999999998899        0.0000000000000000     
   7.2599999999998897        0.0000000000000000     
   7.2699999999998894        0.0000000000000000     
   7.2799999999998892        0.0000000000000000     
   7.2899999999998890        0.0000000000000000     
   7.2999999999998888        0.0000000000000000     
   7.3099999999998886        0.0000000000000000     
   7.3199999999998884        0.0000000000000000     
   7.3299999999998882        0.0000000000000000     
   7.3399999999998879        0.0000000000000000     
   7.3499999999998877        0.0000000000000000     
   7.3599999999998875        0.0000000000000000     
   7.3699999999998873        0.0000000000000000     
   7.3799999999998871        0.0000000000000000     
   7.3899999999998869        0.0000000000000000     
   7.3999999999998867        0.0000000000000000     
   7.4099999999998865        0.0000000000000000     
   7.4199999999998862        0.0000000000000000     
   7.4299999999998860        0.0000000000000000     
   7.4399999999998858        0.0000000000000000     
   7.4499999999998856        0.0000000000000000     
   7.4599999999998854        0.0000000000000000     
   7.4699999999998852        0.0000000000000000     
   7.4799999999998850        0.0000000000000000     
   7.4899999999998847        0.0000000000000000     
   7.4999999999998845        0.0000000000000000     
   7.5099999999998843        0.0000000000000000     
   7.5199999999998841        0.0000000000000000     
   7.5299999999998839        0.0000000000000000     
   7.5399999999998837        0.0000000000000000     
   7.5499999999998835        0.0000000000000000     
   7.5599999999998833        0.0000000000000000     
   7.5699999999998830        0.0000000000000000     
   7.5799999999998828        0.0000000000000000     
   7.5899999999998826        0.0000000000000000     
   7.5999999999998824        0.0000000000000000     
   7.6099999999998822        0.0000000000000000     
   7.6199999999998820        0.0000000000000000     
   7.6299999999998818        0.0000000000000000     
   7.6399999999998816        0.0000000000000000     
   7.6499999999998813        0.0000000000000000     
   7.6599999999998811        0.0000000000000000     
   7.6699999999998809        0.0000000000000000     
   7.6799999999998807        0.0000000000000000     
   7.6899999999998805        0.0000000000000000     
   7.6999999999998803        0.0000000000000000     
   7.7099999999998801        0.0000000000000000     
   7.7199999999998798        0.0000000000000000     
   7.7299999999998796        0.0000000000000000     
   7.7399999999998794        0.0000000000000000     
   7.7499999999998792        0.0000000000000000     
   7.7599999999998790        0.0000000000000000     
   7.7699999999998788        0.0000000000000000     
   7.7799999999998786        0.0000000000000000     
   7.7899999999998784        0.0000000000000000     
   7.7999999999998781        0.0000000000000000     
   7.8099999999998779        0.0000000000000000     
   7.8199999999998777        0.0000000000000000     
   7.8299999999998775        0.0000000000000000     
   7.8399999999998773        0.0000000000000000     
   7.8499999999998771        0.0000000000000000     
   7.8599999999998769        0.0000000000000000     
   7.8699999999998766        0.0000000000000000     
   7.8799999999998764        0.0000000000000000     
   7.8899999999998762        0.0000000000000000     
   7.8999999999998760        0.0000000000000000     
   7.9099999999998758        0.0000000000000000     
   7.9199999999998756        0.0000000000000000     
   7.9299999999998754        0.0000000000000000     
   7.9399999999998752        0.0000000000000000     
   7.9499999999998749        0.0000000000000000     
   7.9599999999998747        0.0000000000000000     
   7.9699999999998745        0.0000000000000000     
   7.9799999999998743        0.0000000000000000     
   7.9899999999998741        0.0000000000000000     
   7.9999999999998739        0.0000000000000000     
   8.0099999999998737        0.0000000000000000     
   8.0199999999998735        0.0000000000000000     
   8.0299999999998732        0.0000000000000000     
   8.0399999999998730        0.0000000000000000     
   8.0499999999998728        0.0000000000000000     
   8.0599999999998726        0.0000000000000000     
   8.0699999999998724        0.0000000000000000     
   8.0799999999998722        0.0000000000000000     
   8.0899999999998720        0.0000000000000000     
   8.0999999999998717        0.0000000000000000     
   8.1099999999998715        0.0000000000000000     
   8.1199999999998713        0.0000000000000000     
   8.1299999999998711        0.0000000000000000     
   8.1399999999998709        0.0000000000000000     
   8.1499999999998707        0.0000000000000000     
   8.1599999999998705        0.0000000000000000     
   8.1699999999998703        0.0000000000000000     
   8.1799999999998700        0.0000000000000000     
   8.1899999999998698        0.0000000000000000     
   8.1999999999998696        0.0000000000000000     
   8.2099999999998694        0.0000000000000000     
   8.2199999999998692        0.0000000000000000     
   8.2299999999998690        0.0000000000000000     
   8.2399999999998688        0.0000000000000000     
   8.2499999999998685        0.0000000000000000     
   8.2599999999998683        0.0000000000000000     
   8.2699999999998681        0.0000000000000000     
   8.2799999999998679        0.0000000000000000     
   8.2899999999998677        0.0000000000000000     
   8.2999999999998675        0.0000000000000000     
   8.3099999999998673        0.0000000000000000     
   8.3199999999998671        0.0000000000000000     
   8.3299999999998668        0.0000000000000000     
   8.3399999999998666        0.0000000000000000     
   8.3499999999998664        0.0000000000000000     
   8.3599999999998662        0.0000000000000000     
   8.3699999999998660        0.0000000000000000     
   8.3799999999998658        0.0000000000000000     
   8.3899999999998656        0.0000000000000000     
   8.3999999999998654        0.0000000000000000     
   8.4099999999998651        0.0000000000000000     
   8.4199999999998649        0.0000000000000000     
   8.4299999999998647        0.0000000000000000     
   8.4399999999998645        0.0000000000000000     
   8.4499999999998643        0.0000000000000000     
   8.4599999999998641        0.0000000000000000     
   8.4699999999998639        0.0000000000000000     
   8.4799999999998636        0.0000000000000000     
   8.4899999999998634        0.0000000000000000     
   8.4999999999998632        0.0000000000000000     
   8.5099999999998630        0.0000000000000000     
   8.5199999999998628        0.0000000000000000     
   8.5299999999998626        0.0000000000000000     
   8.5399999999998624        0.0000000000000000     
   8.5499999999998622        0.0000000000000000     
   8.5599999999998619        0.0000000000000000     
   8.5699999999998617        0.0000000000000000     
   8.5799999999998615        0.0000000000000000     
   8.5899999999998613        0.0000000000000000     
   8.5999999999998611        0.0000000000000000     
   8.6099999999998609        0.0000000000000000     
   8.6199999999998607        0.0000000000000000     
   8.6299999999998604        0.0000000000000000     
   8.6399999999998602        0.0000000000000000     
   8.6499999999998600        0.0000000000000000     
   8.6599999999998598        0.0000000000000000     
   8.6699999999998596        0.0000000000000000     
   8.6799999999998594        0.0000000000000000     
   8.6899999999998592        0.0000000000000000     
   8.6999999999998590        0.0000000000000000     
   8.7099999999998587        0.0000000000000000     
   8.7199999999998585        0.0000000000000000     
   8.7299999999998583        0.0000000000000000     
   8.7399999999998581        0.0000000000000000     
   8.7499999999998579        0.0000000000000000     
   8.7599999999998577        0.0000000000000000     
   8.7699999999998575        0.0000000000000000     
   8.7799999999998573        0.0000000000000000     
   8.7899999999998570        0.0000000000000000     
   8.7999999999998568        0.0000000000000000     
   8.8099999999998566        0.0000000000000000     
   8.8199999999998564        0.0000000000000000     
   8.8299999999998562        0.0000000000000000     
   8.8399999999998560        0.0000000000000000     
   8.8499999999998558        0.0000000000000000     
   8.8599999999998555        0.0000000000000000     
   8.8699999999998553        0.0000000000000000     
   8.8799999999998551        0.0000000000000000     
   8.8899999999998549        0.0000000000000000     
   8.8999999999998547        0.0000000000000000     
   8.9099999999998545        0.0000000000000000     
   8.9199999999998543        0.0000000000000000     
   8.9299999999998541        0.0000000000000000     
   8.9399999999998538        0.0000000000000000     
   8.9499999999998536        0.0000000000000000     
   8.9599999999998534        0.0000000000000000     
   8.9699999999998532        0.0000000000000000     
   8.9799999999998530        0.0000000000000000     
   8.9899999999998528        0.0000000000000000     
   8.9999999999998526        0.0000000000000000     
   9.0099999999998523        0.0000000000000000     
   9.0199999999998521        0.0000000000000000     
   9.0299999999998519        0.0000000000000000     
   9.0399999999998517        0.0000000000000000     
   9.0499999999998515        0.0000000000000000     
   9.0599999999998513        0.0000000000000000     
   9.0699999999998511        0.0000000000000000     
   9.0799999999998509        0.0000000000000000     
   9.0899999999998506        0.0000000000000000     
   9.0999999999998504        0.0000000000000000     
   9.1099999999998502        0.0000000000000000     
   9.1199999999998500        0.0000000000000000     
   9.1299999999998498        0.0000000000000000     
   9.1399999999998496        0.0000000000000000     
   9.1499999999998494        0.0000000000000000     
   9.1599999999998492        0.0000000000000000     
   9.1699999999998489        0.0000000000000000     
   9.1799999999998487        0.0000000000000000     
   9.1899999999998485        0.0000000000000000     
   9.1999999999998483        0.0000000000000000     
   9.2099999999998481        0.0000000000000000     
   9.2199999999998479        0.0000000000000000     
   9.2299999999998477        0.0000000000000000     
   9.2399999999998474        0.0000000000000000     
   9.2499999999998472        0.0000000000000000     
   9.2599999999998470        0.0000000000000000     
   9.2699999999998468        0.0000000000000000     
   9.2799999999998466        0.0000000000000000     
   9.2899999999998464        0.0000000000000000     
   9.2999999999998462        0.0000000000000000     
   9.3099999999998460        0.0000000000000000     
   9.3199999999998457        0.0000000000000000     
   9.3299999999998455        0.0000000000000000     
   9.3399999999998453        0.0000000000000000     
   9.3499999999998451        0.0000000000000000     
   9.3599999999998449        0.0000000000000000     
   9.3699999999998447        0.0000000000000000     
   9.3799999999998445        0.0000000000000000     
   9.3899999999998442        0.0000000000000000     
   9.3999999999998440        0.0000000000000000     
   9.4099999999998438        0.0000000000000000     
   9.4199999999998436        0.0000000000000000     
   9.4299999999998434        0.0000000000000000     
   9.4399999999998432        0.0000000000000000     
   9.4499999999998430        0.0000000000000000     
   9.4599999999998428        0.0000000000000000     
   9.4699999999998425        0.0000000000000000     
   9.4799999999998423        0.0000000000000000     
   9.4899999999998421        0.0000000000000000     
   9.4999999999998419        0.0000000000000000     
   9.5099999999998417        0.0000000000000000     
   9.5199999999998415        0.0000000000000000     
   9.5299999999998413        0.0000000000000000     
   9.5399999999998411        0.0000000000000000     
   9.5499999999998408        0.0000000000000000     
   9.5599999999998406        0.0000000000000000     
   9.5699999999998404        0.0000000000000000     
   9.5799999999998402        0.0000000000000000     
   9.5899999999998400        0.0000000000000000     
   9.5999999999998398        0.0000000000000000     
   9.6099999999998396        0.0000000000000000     
   9.6199999999998393        0.0000000000000000     
   9.6299999999998391        0.0000000000000000     
   9.6399999999998389        0.0000000000000000     
   9.6499999999998387        0.0000000000000000     
   9.6599999999998385        0.0000000000000000     
   9.6699999999998383        0.0000000000000000     
   9.6799999999998381        0.0000000000000000     
   9.6899999999998379        0.0000000000000000     
   9.6999999999998376        0.0000000000000000     
   9.7099999999998374        0.0000000000000000     
   9.7199999999998372        0.0000000000000000     
   9.7299999999998370        0.0000000000000000     
   9.7399999999998368        0.0000000000000000     
   9.7499999999998366        0.0000000000000000     
   9.7599999999998364        0.0000000000000000     
   9.7699999999998361        0.0000000000000000     
   9.7799999999998359        0.0000000000000000     
   9.7899999999998357        0.0000000000000000     
   9.7999999999998355        0.0000000000000000     
   9.8099999999998353        0.0000000000000000     
   9.8199999999998351        0.0000000000000000     
   9.8299999999998349        0.0000000000000000     
   9.8399999999998347        0.0000000000000000     
   9.8499999999998344        0.0000000000000000     
   9.8599999999998342        0.0000000000000000     
   9.8699999999998340        0.0000000000000000     
   9.8799999999998338        0.0000000000000000     
   9.8899999999998336        0.0000000000000000     
   9.8999999999998334        0.0000000000000000     
   9.9099999999998332        0.0000000000000000     
   9.9199999999998330        0.0000000000000000     
   9.9299999999998327        0.0000000000000000     
   9.9399999999998325        0.0000000000000000     
   9.9499999999998323        0.0000000000000000     
   9.9599999999998321        0.0000000000000000     
   9.9699999999998319        0.0000000000000000     
   9.9799999999998317        0.0000000000000000     
   9.9899999999998315        0.0000000000000000     
   9.9999999999998312        0.0000000000000000     
