   0.0000000000000000        7.6675460630788492E-002
   1.0000000000000000E-002   7.7031020279140758E-002
   2.0000000000000000E-002   7.8100200512164347E-002
   2.9999999999999999E-002   7.9890493929529252E-002
   4.0000000000000001E-002   8.2414349543833934E-002
   5.0000000000000003E-002   8.5689111032335299E-002
   6.0000000000000005E-002   8.9736922680864029E-002
   7.0000000000000007E-002   9.4584595319579814E-002
   8.0000000000000002E-002  0.10026342222164479     
   8.9999999999999997E-002  0.10680893252152680     
   9.9999999999999992E-002  0.11426056730196545     
  0.10999999999999999       0.12266126104304979     
  0.11999999999999998       0.13205690880852752     
  0.12999999999999998       0.14249569741926618     
  0.13999999999999999       0.15402727713255621     
  0.14999999999999999       0.16670174925045647     
  0.16000000000000000       0.18056844488891569     
  0.17000000000000001       0.19567447125973303     
  0.18000000000000002       0.21206300465455130     
  0.19000000000000003       0.22977131436948509     
  0.20000000000000004       0.24882850960936798     
  0.21000000000000005       0.26925301248010358     
  0.22000000000000006       0.29104977494093753     
  0.23000000000000007       0.31420727640859591     
  0.24000000000000007       0.33869436158205385     
  0.25000000000000006       0.36445700469770287     
  0.26000000000000006       0.39141511597877715     
  0.27000000000000007       0.41945953701317046     
  0.28000000000000008       0.44844940196385891     
  0.29000000000000009       0.47821006782817310     
  0.30000000000000010       0.50853183577193561     
  0.31000000000000011       0.53916969256831870     
  0.32000000000000012       0.56984429217463373     
  0.33000000000000013       0.60024436858876473     
  0.34000000000000014       0.63003071977258807     
  0.35000000000000014       0.65884182793702273     
  0.36000000000000015       0.68630108590045191     
  0.37000000000000016       0.71202548774290275     
  0.38000000000000017       0.73563552295128465     
  0.39000000000000018       0.75676589776966507     
  0.40000000000000019       0.77507660819027568     
  0.41000000000000020       0.79026381849906902     
  0.42000000000000021       0.80206996817670795     
  0.43000000000000022       0.81029254493801073     
  0.44000000000000022       0.81479102426848860     
  0.45000000000000023       0.81549158161129398     
  0.46000000000000024       0.81238932252743978     
  0.47000000000000025       0.80554793484807063     
  0.48000000000000026       0.79509682920362634     
  0.49000000000000027       0.78122598481517569     
  0.50000000000000022       0.76417884315168061     
  0.51000000000000023       0.74424368377203554     
  0.52000000000000024       0.72174397012448577     
  0.53000000000000025       0.69702816813258783     
  0.54000000000000026       0.67045952082810611     
  0.55000000000000027       0.64240621438379442     
  0.56000000000000028       0.61323230209375190     
  0.57000000000000028       0.58328967127275322     
  0.58000000000000029       0.55291125099142702     
  0.59000000000000030       0.52240557265806509     
  0.60000000000000031       0.49205271595759581     
  0.61000000000000032       0.46210160348977092     
  0.62000000000000033       0.43276855120169566     
  0.63000000000000034       0.40423693968131369     
  0.64000000000000035       0.37665784363856608     
  0.65000000000000036       0.35015144264831544     
  0.66000000000000036       0.32480903377347420     
  0.67000000000000037       0.30069547394071949     
  0.68000000000000038       0.27785189451843045     
  0.69000000000000039       0.25629855003172697     
  0.70000000000000040       0.23603768518825699     
  0.71000000000000041       0.21705632741120753     
  0.72000000000000042       0.19932893441976743     
  0.73000000000000043       0.18281984698295314     
  0.74000000000000044       0.16748551500037387     
  0.75000000000000044       0.15327648035410393     
  0.76000000000000045       0.14013911219122333     
  0.77000000000000046       0.12801709983296158     
  0.78000000000000047       0.11685271540008139     
  0.79000000000000048       0.10658786295333249     
  0.80000000000000049        9.7164933792314015E-002
  0.81000000000000050        8.8527488968797141E-002
  0.82000000000000051        8.0620790253629115E-002
  0.83000000000000052        7.3392200254437087E-002
  0.84000000000000052        6.6791471166996200E-002
  0.85000000000000053        6.0770940122329420E-002
  0.86000000000000054        5.5285647340993248E-002
  0.87000000000000055        5.0293391493679451E-002
  0.88000000000000056        4.5754734857831075E-002
  0.89000000000000057        4.1632969136095092E-002
  0.90000000000000058        3.7894051219348558E-002
  0.91000000000000059        3.4506516685080389E-002
  0.92000000000000060        3.1441377562871603E-002
  0.93000000000000060        2.8672009714617863E-002
  0.94000000000000061        2.6174034205114664E-002
  0.95000000000000062        2.3925196183129147E-002
  0.96000000000000063        2.1905244044769342E-002
  0.97000000000000064        2.0095811087430613E-002
  0.98000000000000065        1.8480301298050870E-002
  0.99000000000000066        1.7043780556177991E-002
   1.0000000000000007        1.5772874156126247E-002
   1.0100000000000007        1.4655671279845977E-002
   1.0200000000000007        1.3681636857726375E-002
   1.0300000000000007        1.2841531043446694E-002
   1.0400000000000007        1.2127336412510495E-002
   1.0500000000000007        1.1532192880415177E-002
   1.0600000000000007        1.1050340264707234E-002
   1.0700000000000007        1.0677068304752721E-002
   1.0800000000000007        1.0408673965819903E-002
   1.0900000000000007        1.0242425749617725E-002
   1.1000000000000008        1.0176534724135468E-002
   1.1100000000000008        1.0210131922577644E-002
   1.1200000000000008        1.0343251747402851E-002
   1.1300000000000008        1.0576820908223200E-002
   1.1400000000000008        1.0912652415405075E-002
   1.1500000000000008        1.1353444029434452E-002
   1.1600000000000008        1.1902780474308497E-002
   1.1700000000000008        1.2565138609925967E-002
   1.1800000000000008        1.3345894582548172E-002
   1.1900000000000008        1.4251331802468644E-002
   1.2000000000000008        1.5288648366756275E-002
   1.2100000000000009        1.6465962263125210E-002
   1.2200000000000009        1.7792312387176715E-002
   1.2300000000000009        1.9277653045384164E-002
   1.2400000000000009        2.0932839151425072E-002
   1.2500000000000009        2.2769598921100986E-002
   1.2600000000000009        2.4800490280886434E-002
   1.2700000000000009        2.7038836676266054E-002
   1.2800000000000009        2.9498637379127200E-002
   1.2900000000000009        3.2194446786206164E-002
   1.3000000000000009        3.5141216643902531E-002
   1.3100000000000009        3.8354094654372423E-002
   1.3200000000000010        4.1848172570289395E-002
   1.3300000000000010        4.5638176748779846E-002
   1.3400000000000010        4.9738094350793627E-002
   1.3500000000000010        5.4160728990679551E-002
   1.3600000000000010        5.8917180866007217E-002
   1.3700000000000010        6.4016248361242270E-002
   1.3800000000000010        6.9463750960408008E-002
   1.3900000000000010        7.5261777218996878E-002
   1.4000000000000010        8.1407866624204073E-002
   1.4100000000000010        8.7894140453642064E-002
   1.4200000000000010        9.4706404318093476E-002
   1.4300000000000010       0.10182325356998134     
   1.4400000000000011       0.10921522202251920     
   1.4500000000000011       0.11684402380073163     
   1.4600000000000011       0.12466194676942428     
   1.4700000000000011       0.13261146292378762     
   1.4800000000000011       0.14062512493925192     
   1.4900000000000011       0.14862581752941023     
   1.5000000000000011       0.15652742588154997     
   1.5100000000000011       0.16423597007269203     
   1.5200000000000011       0.17165123357247380     
   1.5300000000000011       0.17866888555652341     
   1.5400000000000011       0.18518306215123270     
   1.5500000000000012       0.19108933306961318     
   1.5600000000000012       0.19628794061946644     
   1.5700000000000012       0.20068716220844304     
   1.5800000000000012       0.20420661956389882     
   1.5900000000000012       0.20678034252251909     
   1.6000000000000012       0.20835939568302994     
   1.6100000000000012       0.20891389419272210     
   1.6200000000000012       0.20843427003761159     
   1.6300000000000012       0.20693169965433103     
   1.6400000000000012       0.20443766264713695     
   1.6500000000000012       0.20100266363723543     
   1.6600000000000013       0.19669420805290502     
   1.6700000000000013       0.19159417180300878     
   1.6800000000000013       0.18579573935536889     
   1.6900000000000013       0.17940010234604017     
   1.7000000000000013       0.17251311070429812     
   1.7100000000000013       0.16524205258963778     
   1.7200000000000013       0.15769271125027418     
   1.7300000000000013       0.14996681085129640     
   1.7400000000000013       0.14215992388925053     
   1.7500000000000013       0.13435987419035536     
   1.7600000000000013       0.12664563503299661     
   1.7700000000000014       0.11908669381532209     
   1.7800000000000014       0.11174283406350055     
   1.7900000000000014       0.10466427245503461     
   1.8000000000000014        9.7892082351970403E-002
   1.8100000000000014        9.1458834926215149E-002
   1.8200000000000014        8.5389392907124453E-002
   1.8300000000000014        7.9701799026999878E-002
   1.8400000000000014        7.4408209859581589E-002
   1.8500000000000014        6.9515835222563174E-002
   1.8600000000000014        6.5027852517468787E-002
   1.8700000000000014        6.0944273950645743E-002
   1.8800000000000014        5.7262752062446916E-002
   1.8900000000000015        5.3979315319808367E-002
   1.9000000000000015        5.1089030573022214E-002
   1.9100000000000015        4.8586593069021210E-002
   1.9200000000000015        4.6466847552979772E-002
   1.9300000000000015        4.4725245942871916E-002
   1.9400000000000015        4.3358248249843155E-002
   1.9500000000000015        4.2363674034074456E-002
   1.9600000000000015        4.1741011855727234E-002
   1.9700000000000015        4.1491694008565734E-002
   1.9800000000000015        4.1619343400719856E-002
   1.9900000000000015        4.2129998888192736E-002
   2.0000000000000013        4.3032324691701686E-002
   2.0100000000000011        4.4337808760832487E-002
   2.0200000000000009        4.6060954166038975E-002
   2.0300000000000007        4.8219466773801019E-002
   2.0400000000000005        5.0834441598674195E-002
   2.0500000000000003        5.3930549340283879E-002
   2.0600000000000001        5.7536223671616975E-002
   2.0699999999999998        6.1683848825269220E-002
   2.0799999999999996        6.6409945936798206E-002
   2.0899999999999994        7.1755355422914599E-002
   2.0999999999999992        7.7765411272484833E-002
   2.1099999999999990        8.4490101655607483E-002
   2.1199999999999988        9.1984208546837143E-002
   2.1299999999999986       0.10030741710440594     
   2.1399999999999983       0.10952438343106850     
   2.1499999999999981       0.11970474691288946     
   2.1599999999999979       0.13092307069981568     
   2.1699999999999977       0.14325869103045949     
   2.1799999999999975       0.15679545307621867     
   2.1899999999999973       0.17162130789709437     
   2.1999999999999971       0.18782774200247143     
   2.2099999999999969       0.20550900817045401     
   2.2199999999999966       0.22476112387660663     
   2.2299999999999964       0.24568060202182770     
   2.2399999999999962       0.26836287834862566     
   2.2499999999999960       0.29290040123204331     
   2.2599999999999958       0.31938035309903462     
   2.2699999999999956       0.34788197921482328     
   2.2799999999999954       0.37847350959647436     
   2.2899999999999952       0.41120867402670996     
   2.2999999999999949       0.44612282903713568     
   2.3099999999999947       0.48322873977331104     
   2.3199999999999945       0.52251208859409803     
   2.3299999999999943       0.56392681584807225     
   2.3399999999999941       0.60739043526320602     
   2.3499999999999939       0.65277950488314740     
   2.3599999999999937       0.69992547197302324     
   2.3699999999999934       0.74861114305492693     
   2.3799999999999932       0.79856805434336808     
   2.3899999999999930       0.84947502864279578     
   2.3999999999999928       0.90095819803736299     
   2.4099999999999926       0.95259274368793534     
   2.4199999999999924        1.0039065527600008     
   2.4299999999999922        1.0543859176709507     
   2.4399999999999920        1.1034833070757537     
   2.4499999999999917        1.1506271264585168     
   2.4599999999999915        1.1952332665962142     
   2.4699999999999913        1.2367181199131216     
   2.4799999999999911        1.2745126378382083     
   2.4899999999999909        1.3080769162082526     
   2.4999999999999907        1.3369147377438593     
   2.5099999999999905        1.3605874754116056     
   2.5199999999999902        1.3787267693201439     
   2.5299999999999900        1.3910454312966565     
   2.5399999999999898        1.3973461014832527     
   2.5499999999999896        1.3975272754457027     
   2.5599999999999894        1.3915864328180827     
   2.5699999999999892        1.3796201239866301     
   2.5799999999999890        1.3618210047204704     
   2.5899999999999888        1.3384719441162449     
   2.5999999999999885        1.3099374628968674     
   2.6099999999999883        1.2766528797674366     
   2.6199999999999881        1.2391116458708376     
   2.6299999999999879        1.1978514236981559     
   2.6399999999999877        1.1534395111474847     
   2.6499999999999875        1.1064582194826611     
   2.6599999999999873        1.0574907852863491     
   2.6699999999999871        1.0071083334239075     
   2.6799999999999868       0.95585831711573022     
   2.6899999999999866       0.90425475044120496     
   2.6999999999999864       0.85277042867355080     
   2.7099999999999862       0.80183121217856124     
   2.7199999999999860       0.75181233985586093     
   2.7299999999999858       0.70303664469663685     
   2.7399999999999856       0.65577447202153905     
   2.7499999999999853       0.61024505182147470     
   2.7599999999999851       0.56661905021014813     
   2.7699999999999849       0.52502201883175903     
   2.7799999999999847       0.48553847182496507     
   2.7899999999999845       0.44821634315286935     
   2.7999999999999843       0.41307160888569450     
   2.8099999999999841       0.38009289520367434     
   2.8199999999999839       0.34924593023180800     
   2.8299999999999836       0.32047773387483414     
   2.8399999999999834       0.29372047255700356     
   2.8499999999999832       0.26889493443247164     
   2.8599999999999830       0.24591360421706202     
   2.8699999999999828       0.22468333576984142     
   2.8799999999999826       0.20510763487936026     
   2.8899999999999824       0.18708857480272437     
   2.8999999999999821       0.17052837398664425     
   2.9099999999999819       0.15533066907268719     
   2.9199999999999817       0.14140151800526948     
   2.9299999999999815       0.12865016780973923     
   2.9399999999999813       0.11698962037416394     
   2.9499999999999811       0.10633702719783360     
   2.9599999999999809        9.6613941628572217E-002
   2.9699999999999807        8.7746453887787956E-002
   2.9799999999999804        7.9665231421807425E-002
   2.9899999999999802        7.2305484041889620E-002
   2.9999999999999800        6.5606870562793879E-002
   3.0099999999999798        5.9513361189244655E-002
   3.0199999999999796        5.3973067391364676E-002
   3.0299999999999794        4.8938049265524725E-002
   3.0399999999999792        4.4364108227666510E-002
   3.0499999999999790        4.0210571637246950E-002
   3.0599999999999787        3.6440074452630970E-002
   3.0699999999999785        3.3018341929261376E-002
   3.0799999999999783        2.9913976535936030E-002
   3.0899999999999781        2.7098251254682792E-002
   3.0999999999999779        2.4544911100170552E-002
   3.1099999999999777        2.2229983872383018E-002
   3.1199999999999775        2.0131600985769323E-002
   3.1299999999999772        1.8229828679720370E-002
   3.1399999999999770        1.6506509817242439E-002
   3.1499999999999768        1.4945116207805134E-002
   3.1599999999999766        1.3530611169036462E-002
   3.1699999999999764        1.2249322136399092E-002
   3.1799999999999762        1.1088822754264005E-002
   3.1899999999999760        1.0037824104674995E-002
   3.1999999999999758        9.0860745525542536E-003
   3.2099999999999755        8.2242676565859440E-003
   3.2199999999999753        7.4439576791139718E-003
   3.2299999999999751        6.7374821558556092E-003
   3.2399999999999749        6.0978910249979701E-003
   3.2499999999999747        5.5188818678873512E-003
   3.2599999999999745        4.9947407401542236E-003
   3.2699999999999743        4.5202882071013230E-003
   3.2799999999999740        4.0908301450017287E-003
   3.2899999999999738        3.7021129241697885E-003
   3.2999999999999736        3.3502826126123090E-003
   3.3099999999999734        3.0318478560908599E-003
   3.3199999999999732        2.7436461240103044E-003
   3.3299999999999730        2.4828130425600847E-003
   3.3399999999999728        2.2467545345918978E-003
   3.3499999999999726        2.0331214884004556E-003
   3.3599999999999723        1.8397868082102402E-003
   3.3699999999999721        1.6648245557673855E-003
   3.3799999999999719        1.5064910369498271E-003
   3.3899999999999717        1.3632076447503180E-003
   3.3999999999999715        1.2335452976499765E-003
   3.4099999999999713        1.1162103606021966E-003
   3.4199999999999711        1.0100318209386885E-003
   3.4299999999999708        9.1394972604401218E-004
   3.4399999999999706        8.2700468221831667E-004
   3.4499999999999704        7.4832834043585229E-004
   3.4599999999999702        6.7713477194726124E-004
   3.4699999999999700        6.1271267247833816E-004
   3.4799999999999698        5.5441828474310636E-004
   3.4899999999999696        5.0166899365954607E-004
   3.4999999999999694        4.5393754541815922E-004
   3.5099999999999691        4.1074677753069377E-004
   3.5199999999999689        3.7166486281962338E-004
   3.5299999999999687        3.3630103163620695E-004
   3.5399999999999685        3.0430165101525959E-004
   3.5499999999999683        2.7534671072667200E-004
   3.5599999999999681        2.4914661898664374E-004
   3.5699999999999679        2.2543932198397274E-004
   3.5799999999999677        2.0398768467883691E-004
   3.5899999999999674        1.8457712195687426E-004
   3.5999999999999672        1.6701346033958325E-004
   3.6099999999999670        1.5112098834012391E-004
   3.6199999999999668        1.3674071267297629E-004
   3.6299999999999666        1.2372875694222418E-004
   3.6399999999999664        1.1195493565256254E-004
   3.6499999999999662        1.0130144682913456E-004
   3.6599999999999659        9.1661694070872487E-005
   3.6699999999999657        8.2939219996218576E-005
   3.6799999999999655        7.5046744974998532E-005
   3.6899999999999653        6.7905297361178468E-005
   3.6999999999999651        6.1443415149971232E-005
   3.7099999999999649        5.5596432196932371E-005
   3.7199999999999647        5.0305834843700918E-005
   3.7299999999999645        4.5518689598015803E-005
   3.7399999999999642        4.1187084506483236E-005
   3.7499999999999640        3.7267671280086002E-005
   3.7599999999999638        3.3721235267787732E-005
   3.7699999999999636        3.0512275052070325E-005
   3.7799999999999634        2.7608679559062760E-005
   3.7899999999999632        2.4981390735770301E-005
   3.7999999999999630        2.2604119055417189E-005
   3.8099999999999627        2.0453070587612916E-005
   3.8199999999999625        1.8506717737291833E-005
   3.8299999999999623        1.6745583953959508E-005
   3.8399999999999621        1.5152040745911258E-005
   3.8499999999999619        1.3710139758995468E-005
   3.8599999999999617        1.2405453552124066E-005
   3.8699999999999615        1.1224923959307298E-005
   3.8799999999999613        1.0156737559634621E-005
   3.8899999999999610        9.1901980016236589E-006
   3.8999999999999608        8.3156382030804447E-006
   3.9099999999999606        7.5243034076045489E-006
   3.9199999999999604        6.8082703233434038E-006
   3.9299999999999602        6.1603805096091453E-006
   3.9399999999999600        5.5741459154005487E-006
   3.9499999999999598        5.0436963288451965E-006
   3.9599999999999596        4.5637256239000237E-006
   3.9699999999999593        4.1294301429718798E-006
   3.9799999999999591        3.7364653982184847E-006
   3.9899999999999589        3.3808921332117869E-006
   3.9999999999999587        3.0591580042575836E-006
   4.0099999999999589        2.7680419767243129E-006
   4.0199999999999587        2.5046265694667298E-006
   4.0299999999999585        2.2662798137012985E-006
   4.0399999999999583        2.0506163026807671E-006
   4.0499999999999581        1.8554745246401712E-006
   4.0599999999999579        1.6789035401202038E-006
   4.0699999999999577        1.5191336535749052E-006
   4.0799999999999574        1.3745699370705251E-006
   4.0899999999999572        1.2437635495233273E-006
   4.0999999999999570        1.1254022072850534E-006
   4.1099999999999568        1.0183037078417837E-006
   4.1199999999999566        9.2139899891238254E-007
   4.1299999999999564        8.3371746799305222E-007
   4.1399999999999562        7.5437833812867268E-007
   4.1499999999999559        6.8259177813585600E-007
   4.1599999999999557        6.1763401510284776E-007
   4.1699999999999555        5.5885751143417722E-007
   4.1799999999999553        5.0567616187662141E-007
   4.1899999999999551        4.5755363617715204E-007
   4.1999999999999549        4.1401041049560283E-007
   4.2099999999999547        3.7461497813883531E-007
   4.2199999999999545        3.3896331043426464E-007
   4.2299999999999542        3.0670846267793092E-007
   4.2399999999999540        2.7752236395776960E-007
   4.2499999999999538        2.5111062012764729E-007
   4.2599999999999536        2.2721417914194051E-007
   4.2699999999999534        2.0559332533986000E-007
   4.2799999999999532        1.8602601411087132E-007
   4.2899999999999530        1.6832387761037114E-007
   4.2999999999999527        1.5230446918337045E-007
   4.3099999999999525        1.3781161745379341E-007
   4.3199999999999523        1.2469803282998559E-007
   4.3299999999999521        1.1283039602703866E-007
   4.3399999999999519        1.0209389147758878E-007
   4.3499999999999517        9.2377959469307398E-008
   4.3599999999999515        8.3588046005541993E-008
   4.3699999999999513        7.5631354942806735E-008
   4.3799999999999510        6.8436184375616559E-008
   4.3899999999999508        6.1922043132652785E-008
   4.3999999999999506        5.6030829540825603E-008
   4.4099999999999504        5.0697965625904568E-008
   4.4199999999999502        4.5872843720405422E-008
   4.4299999999999500        4.1509019493291389E-008
   4.4399999999999498        3.7559956094937973E-008
   4.4499999999999496        3.3984297716633152E-008
   4.4599999999999493        3.0749477815498569E-008
   4.4699999999999491        2.7822929848655837E-008
   4.4799999999999489        2.5176158091086380E-008
   4.4899999999999487        2.2779556594718962E-008
   4.4999999999999485        2.0612031121552817E-008
   4.5099999999999483        1.8651747284885396E-008
   4.5199999999999481        1.6874280177557928E-008
   4.5299999999999478        1.5270377940798136E-008
   4.5399999999999476        1.3816355816149036E-008
   4.5499999999999474        1.2502591870487465E-008
   4.5599999999999472        1.1312802832374241E-008
   4.5699999999999470        1.0234406173879082E-008
   4.5799999999999468        9.2629610027912986E-009
   4.5899999999999466        8.3814438989699301E-009
   4.5999999999999464        7.5817132266953791E-009
   4.6099999999999461        6.8611784655114149E-009
   4.6199999999999459        6.2072570874877532E-009
   4.6299999999999457        5.6177286465190542E-009
   4.6399999999999455        5.0826011351312707E-009
   4.6499999999999453        4.6003942559208411E-009
   4.6599999999999451        4.1611160014137184E-009
   4.6699999999999449        3.7658765946625757E-009
   4.6799999999999446        3.4061643255969286E-009
   4.6899999999999444        3.0808689711641063E-009
   4.6999999999999442        2.7892503826623260E-009
   4.7099999999999440        2.5257574448282308E-009
   4.7199999999999438        2.2829886706440084E-009
   4.7299999999999436        2.0668652497239078E-009
   4.7399999999999434        1.8696156206992269E-009
   4.7499999999999432        1.6904996348681845E-009
   4.7599999999999429        1.5317377383361241E-009
   4.7699999999999427        1.3866685927870156E-009
   4.7799999999999425        1.2541819751681868E-009
   4.7899999999999423        1.1327975880760756E-009
   4.7999999999999421        1.0247358776160253E-009
   4.8099999999999419        9.2888662073536421E-010
   4.8199999999999417        8.4080892522340523E-010
   4.8299999999999415        7.6124293978192987E-010
   4.8399999999999412        6.8833829265648491E-010
   4.8499999999999410        6.2246505819796112E-010
   4.8599999999999408        5.6251301335368656E-010
   4.8699999999999406        5.0996245552722377E-010
   4.8799999999999404        4.6148271556055734E-010
   4.8899999999999402        4.1744386780457795E-010
   4.8999999999999400        3.7747583790839493E-010
   4.9099999999999397        3.4194870022289896E-010
   4.9199999999999395        3.0753178559007473E-010
   4.9299999999999393        2.7977620927328095E-010
   4.9399999999999391        2.5313085600915897E-010
   4.9499999999999389        2.3018624625394279E-010
   4.9599999999999387        2.0835185955139839E-010
   4.9699999999999385        1.8651747284885397E-010
   4.9799999999999383        1.7023420140966831E-010
   4.9899999999999380        1.5321078126870149E-010
   4.9999999999999378        1.3914795593485931E-010
   5.0099999999999376        1.2582527930279832E-010
   5.0199999999999374        1.1213252831984676E-010
   5.0299999999999372        1.0103029779312924E-010
   5.0399999999999370        9.3258736424426983E-011
   5.0499999999999368        8.4376952003052990E-011
   5.0599999999999365        7.5495167581678996E-011
   5.0699999999999363        6.8833829265648488E-011
   5.0799999999999361        6.2172490949617993E-011
   5.0899999999999359        5.7361524388040420E-011
   5.0999999999999357        5.1070260422900495E-011
   5.1099999999999355        4.4778996457760576E-011
   5.1199999999999353        4.0708178597964163E-011
   5.1299999999999351        3.7747583790839498E-011
   5.1399999999999348        3.4046840281933661E-011
   5.1499999999999346        3.1086245474808997E-011
   5.1599999999999344        2.8125650667684335E-011
   5.1699999999999342        2.4794981509669081E-011
   5.1799999999999340        2.2944609755216163E-011
   5.1899999999999338        1.9984014948091498E-011
   5.1999999999999336        1.8503717544529166E-011
   5.2099999999999334        1.8873791895419749E-011
   5.2199999999999331        1.5543122737404498E-011
   5.2299999999999329        1.4062825333842164E-011
   5.2399999999999327        1.3322676632060998E-011
   5.2499999999999325        9.9920074740457491E-012
   5.2599999999999323        9.2518587722645830E-012
   5.2699999999999321        1.0362081824936332E-011
   5.2799999999999319        7.4014870178116661E-012
   5.2899999999999316        8.5117100704834153E-012
   5.2999999999999314        5.5511152633587492E-012
   5.3099999999999312        4.8109665615775830E-012
   5.3199999999999310        4.8109665615775830E-012
   5.3299999999999308        3.3306691580152496E-012
   5.3399999999999306        4.4408922106870000E-012
   5.3499999999999304        4.4408922106870000E-012
   5.3599999999999302        5.5511152633587492E-012
   5.3699999999999299        2.5905204562340830E-012
   5.3799999999999297        4.0708178597964161E-012
   5.3899999999999295        1.1102230526717500E-012
   5.3999999999999293        4.0708178597964161E-012
   5.4099999999999291        2.2204461053435000E-012
   5.4199999999999289        2.2204461053435000E-012
   5.4299999999999287        2.2204461053435000E-012
   5.4399999999999284        3.3306691580152496E-012
   5.4499999999999282        2.2204461053435000E-012
   5.4599999999999280        7.4014870178116663E-013
   5.4699999999999278        7.4014870178116663E-013
   5.4799999999999276        7.4014870178116663E-013
   5.4899999999999274        1.4802974035623333E-012
   5.4999999999999272        1.4802974035623333E-012
   5.5099999999999270        3.7007435089058331E-013
   5.5199999999999267       -1.1102230526717500E-012
   5.5299999999999265        1.8503717544529165E-012
   5.5399999999999263        1.8503717544529165E-012
   5.5499999999999261        1.4802974035623333E-012
   5.5599999999999259        1.4802974035623333E-012
   5.5699999999999257        0.0000000000000000     
   5.5799999999999255        1.4802974035623333E-012
   5.5899999999999253        1.4802974035623333E-012
   5.5999999999999250       -1.1102230526717500E-012
   5.6099999999999248        0.0000000000000000     
   5.6199999999999246       -1.1102230526717500E-012
   5.6299999999999244        0.0000000000000000     
   5.6399999999999242        0.0000000000000000     
   5.6499999999999240        0.0000000000000000     
   5.6599999999999238        0.0000000000000000     
   5.6699999999999235       -1.1102230526717500E-012
   5.6799999999999233        0.0000000000000000     
   5.6899999999999231       -1.1102230526717500E-012
   5.6999999999999229       -1.1102230526717500E-012
   5.7099999999999227        0.0000000000000000     
   5.7199999999999225        0.0000000000000000     
   5.7299999999999223        0.0000000000000000     
   5.7399999999999221        0.0000000000000000     
   5.7499999999999218        0.0000000000000000     
   5.7599999999999216        0.0000000000000000     
   5.7699999999999214        0.0000000000000000     
   5.7799999999999212        0.0000000000000000     
   5.7899999999999210        0.0000000000000000     
   5.7999999999999208       -1.1102230526717500E-012
   5.8099999999999206       -1.1102230526717500E-012
   5.8199999999999203        0.0000000000000000     
   5.8299999999999201        0.0000000000000000     
   5.8399999999999199        0.0000000000000000     
   5.8499999999999197        0.0000000000000000     
   5.8599999999999195        0.0000000000000000     
   5.8699999999999193        0.0000000000000000     
   5.8799999999999191        0.0000000000000000     
   5.8899999999999189        0.0000000000000000     
   5.8999999999999186        0.0000000000000000     
   5.9099999999999184        0.0000000000000000     
   5.9199999999999182        0.0000000000000000     
   5.9299999999999180        0.0000000000000000     
   5.9399999999999178        0.0000000000000000     
   5.9499999999999176        0.0000000000000000     
   5.9599999999999174        0.0000000000000000     
   5.9699999999999172        0.0000000000000000     
   5.9799999999999169        0.0000000000000000     
   5.9899999999999167        0.0000000000000000     
   5.9999999999999165        0.0000000000000000     
   6.0099999999999163        0.0000000000000000     
   6.0199999999999161        0.0000000000000000     
   6.0299999999999159        0.0000000000000000     
   6.0399999999999157        0.0000000000000000     
   6.0499999999999154        0.0000000000000000     
   6.0599999999999152        0.0000000000000000     
   6.0699999999999150        0.0000000000000000     
   6.0799999999999148        0.0000000000000000     
   6.0899999999999146        0.0000000000000000     
   6.0999999999999144        0.0000000000000000     
   6.1099999999999142        0.0000000000000000     
   6.1199999999999140        0.0000000000000000     
   6.1299999999999137        0.0000000000000000     
   6.1399999999999135        0.0000000000000000     
   6.1499999999999133        0.0000000000000000     
   6.1599999999999131        0.0000000000000000     
   6.1699999999999129        0.0000000000000000     
   6.1799999999999127        0.0000000000000000     
   6.1899999999999125        0.0000000000000000     
   6.1999999999999122        0.0000000000000000     
   6.2099999999999120        0.0000000000000000     
   6.2199999999999118        0.0000000000000000     
   6.2299999999999116        0.0000000000000000     
   6.2399999999999114        0.0000000000000000     
   6.2499999999999112        0.0000000000000000     
   6.2599999999999110        0.0000000000000000     
   6.2699999999999108        0.0000000000000000     
   6.2799999999999105        0.0000000000000000     
   6.2899999999999103        0.0000000000000000     
   6.2999999999999101        0.0000000000000000     
   6.3099999999999099        0.0000000000000000     
   6.3199999999999097        0.0000000000000000     
   6.3299999999999095        0.0000000000000000     
   6.3399999999999093        0.0000000000000000     
   6.3499999999999091        0.0000000000000000     
   6.3599999999999088        0.0000000000000000     
   6.3699999999999086        0.0000000000000000     
   6.3799999999999084        0.0000000000000000     
   6.3899999999999082        0.0000000000000000     
   6.3999999999999080        0.0000000000000000     
   6.4099999999999078        0.0000000000000000     
   6.4199999999999076        0.0000000000000000     
   6.4299999999999073        0.0000000000000000     
   6.4399999999999071        0.0000000000000000     
   6.4499999999999069        0.0000000000000000     
   6.4599999999999067        0.0000000000000000     
   6.4699999999999065        0.0000000000000000     
   6.4799999999999063        0.0000000000000000     
   6.4899999999999061        0.0000000000000000     
   6.4999999999999059        0.0000000000000000     
   6.5099999999999056        0.0000000000000000     
   6.5199999999999054        0.0000000000000000     
   6.5299999999999052        0.0000000000000000     
   6.5399999999999050        0.0000000000000000     
   6.5499999999999048        0.0000000000000000     
   6.5599999999999046        0.0000000000000000     
   6.5699999999999044        0.0000000000000000     
   6.5799999999999041        0.0000000000000000     
   6.5899999999999039        0.0000000000000000     
   6.5999999999999037        0.0000000000000000     
   6.6099999999999035        0.0000000000000000     
   6.6199999999999033        0.0000000000000000     
   6.6299999999999031        0.0000000000000000     
   6.6399999999999029        0.0000000000000000     
   6.6499999999999027        0.0000000000000000     
   6.6599999999999024        0.0000000000000000     
   6.6699999999999022        0.0000000000000000     
   6.6799999999999020        0.0000000000000000     
   6.6899999999999018        0.0000000000000000     
   6.6999999999999016        0.0000000000000000     
   6.7099999999999014        0.0000000000000000     
   6.7199999999999012        0.0000000000000000     
   6.7299999999999010        0.0000000000000000     
   6.7399999999999007        0.0000000000000000     
   6.7499999999999005        0.0000000000000000     
   6.7599999999999003        0.0000000000000000     
   6.7699999999999001        0.0000000000000000     
   6.7799999999998999        0.0000000000000000     
   6.7899999999998997        0.0000000000000000     
   6.7999999999998995        0.0000000000000000     
   6.8099999999998992        0.0000000000000000     
   6.8199999999998990        0.0000000000000000     
   6.8299999999998988        0.0000000000000000     
   6.8399999999998986        0.0000000000000000     
   6.8499999999998984        0.0000000000000000     
   6.8599999999998982        0.0000000000000000     
   6.8699999999998980        0.0000000000000000     
   6.8799999999998978        0.0000000000000000     
   6.8899999999998975        0.0000000000000000     
   6.8999999999998973        0.0000000000000000     
   6.9099999999998971        0.0000000000000000     
   6.9199999999998969        0.0000000000000000     
   6.9299999999998967        0.0000000000000000     
   6.9399999999998965        0.0000000000000000     
   6.9499999999998963        0.0000000000000000     
   6.9599999999998960        0.0000000000000000     
   6.9699999999998958        0.0000000000000000     
   6.9799999999998956        0.0000000000000000     
   6.9899999999998954        0.0000000000000000     
   6.9999999999998952        0.0000000000000000     
   7.0099999999998950        0.0000000000000000     
   7.0199999999998948        0.0000000000000000     
   7.0299999999998946        0.0000000000000000     
   7.0399999999998943        0.0000000000000000     
   7.0499999999998941        0.0000000000000000     
   7.0599999999998939        0.0000000000000000     
   7.0699999999998937        0.0000000000000000     
   7.0799999999998935        0.0000000000000000     
   7.0899999999998933        0.0000000000000000     
   7.0999999999998931        0.0000000000000000     
   7.1099999999998929        0.0000000000000000     
   7.1199999999998926        0.0000000000000000     
   7.1299999999998924        0.0000000000000000     
   7.1399999999998922        0.0000000000000000     
   7.1499999999998920        0.0000000000000000     
   7.1599999999998918        0.0000000000000000     
   7.1699999999998916        0.0000000000000000     
   7.1799999999998914        0.0000000000000000     
   7.1899999999998911        0.0000000000000000     
   7.1999999999998909        0.0000000000000000     
   7.2099999999998907        0.0000000000000000     
   7.2199999999998905        0.0000000000000000     
   7.2299999999998903        0.0000000000000000     
   7.2399999999998901        0.0000000000000000     
   7.2499999999998899        0.0000000000000000     
   7.2599999999998897        0.0000000000000000     
   7.2699999999998894        0.0000000000000000     
   7.2799999999998892        0.0000000000000000     
   7.2899999999998890        0.0000000000000000     
   7.2999999999998888        0.0000000000000000     
   7.3099999999998886        0.0000000000000000     
   7.3199999999998884        0.0000000000000000     
   7.3299999999998882        0.0000000000000000     
   7.3399999999998879        0.0000000000000000     
   7.3499999999998877        0.0000000000000000     
   7.3599999999998875        0.0000000000000000     
   7.3699999999998873        0.0000000000000000     
   7.3799999999998871        0.0000000000000000     
   7.3899999999998869        0.0000000000000000     
   7.3999999999998867        0.0000000000000000     
   7.4099999999998865        0.0000000000000000     
   7.4199999999998862        0.0000000000000000     
   7.4299999999998860        0.0000000000000000     
   7.4399999999998858        0.0000000000000000     
   7.4499999999998856        0.0000000000000000     
   7.4599999999998854        0.0000000000000000     
   7.4699999999998852        0.0000000000000000     
   7.4799999999998850        0.0000000000000000     
   7.4899999999998847        0.0000000000000000     
   7.4999999999998845        0.0000000000000000     
   7.5099999999998843        0.0000000000000000     
   7.5199999999998841        0.0000000000000000     
   7.5299999999998839        0.0000000000000000     
   7.5399999999998837        0.0000000000000000     
   7.5499999999998835        0.0000000000000000     
   7.5599999999998833        0.0000000000000000     
   7.5699999999998830        0.0000000000000000     
   7.5799999999998828        0.0000000000000000     
   7.5899999999998826        0.0000000000000000     
   7.5999999999998824        0.0000000000000000     
   7.6099999999998822        0.0000000000000000     
   7.6199999999998820        0.0000000000000000     
   7.6299999999998818        0.0000000000000000     
   7.6399999999998816        0.0000000000000000     
   7.6499999999998813        0.0000000000000000     
   7.6599999999998811        0.0000000000000000     
   7.6699999999998809        0.0000000000000000     
   7.6799999999998807        0.0000000000000000     
   7.6899999999998805        0.0000000000000000     
   7.6999999999998803        0.0000000000000000     
   7.7099999999998801        0.0000000000000000     
   7.7199999999998798        0.0000000000000000     
   7.7299999999998796        0.0000000000000000     
   7.7399999999998794        0.0000000000000000     
   7.7499999999998792        0.0000000000000000     
   7.7599999999998790        0.0000000000000000     
   7.7699999999998788        0.0000000000000000     
   7.7799999999998786        0.0000000000000000     
   7.7899999999998784        0.0000000000000000     
   7.7999999999998781        0.0000000000000000     
   7.8099999999998779        0.0000000000000000     
   7.8199999999998777        0.0000000000000000     
   7.8299999999998775        0.0000000000000000     
   7.8399999999998773        0.0000000000000000     
   7.8499999999998771        0.0000000000000000     
   7.8599999999998769        0.0000000000000000     
   7.8699999999998766        0.0000000000000000     
   7.8799999999998764        0.0000000000000000     
   7.8899999999998762        0.0000000000000000     
   7.8999999999998760        0.0000000000000000     
   7.9099999999998758        0.0000000000000000     
   7.9199999999998756        0.0000000000000000     
   7.9299999999998754        0.0000000000000000     
   7.9399999999998752        0.0000000000000000     
   7.9499999999998749        0.0000000000000000     
   7.9599999999998747        0.0000000000000000     
   7.9699999999998745        0.0000000000000000     
   7.9799999999998743        0.0000000000000000     
   7.9899999999998741        0.0000000000000000     
   7.9999999999998739        0.0000000000000000     
   8.0099999999998737        0.0000000000000000     
   8.0199999999998735        0.0000000000000000     
   8.0299999999998732        0.0000000000000000     
   8.0399999999998730        0.0000000000000000     
   8.0499999999998728        0.0000000000000000     
   8.0599999999998726        0.0000000000000000     
   8.0699999999998724        0.0000000000000000     
   8.0799999999998722        0.0000000000000000     
   8.0899999999998720        0.0000000000000000     
   8.0999999999998717        0.0000000000000000     
   8.1099999999998715        0.0000000000000000     
   8.1199999999998713        0.0000000000000000     
   8.1299999999998711        0.0000000000000000     
   8.1399999999998709        0.0000000000000000     
   8.1499999999998707        0.0000000000000000     
   8.1599999999998705        0.0000000000000000     
   8.1699999999998703        0.0000000000000000     
   8.1799999999998700        0.0000000000000000     
   8.1899999999998698        0.0000000000000000     
   8.1999999999998696        0.0000000000000000     
   8.2099999999998694        0.0000000000000000     
   8.2199999999998692        0.0000000000000000     
   8.2299999999998690        0.0000000000000000     
   8.2399999999998688        0.0000000000000000     
   8.2499999999998685        0.0000000000000000     
   8.2599999999998683        0.0000000000000000     
   8.2699999999998681        0.0000000000000000     
   8.2799999999998679        0.0000000000000000     
   8.2899999999998677        0.0000000000000000     
   8.2999999999998675        0.0000000000000000     
   8.3099999999998673        0.0000000000000000     
   8.3199999999998671        0.0000000000000000     
   8.3299999999998668        0.0000000000000000     
   8.3399999999998666        0.0000000000000000     
   8.3499999999998664        0.0000000000000000     
   8.3599999999998662        0.0000000000000000     
   8.3699999999998660        0.0000000000000000     
   8.3799999999998658        0.0000000000000000     
   8.3899999999998656        0.0000000000000000     
   8.3999999999998654        0.0000000000000000     
   8.4099999999998651        0.0000000000000000     
   8.4199999999998649        0.0000000000000000     
   8.4299999999998647        0.0000000000000000     
   8.4399999999998645        0.0000000000000000     
   8.4499999999998643        0.0000000000000000     
   8.4599999999998641        0.0000000000000000     
   8.4699999999998639        0.0000000000000000     
   8.4799999999998636        0.0000000000000000     
   8.4899999999998634        0.0000000000000000     
   8.4999999999998632        0.0000000000000000     
   8.5099999999998630        0.0000000000000000     
   8.5199999999998628        0.0000000000000000     
   8.5299999999998626        0.0000000000000000     
   8.5399999999998624        0.0000000000000000     
   8.5499999999998622        0.0000000000000000     
   8.5599999999998619        0.0000000000000000     
   8.5699999999998617        0.0000000000000000     
   8.5799999999998615        0.0000000000000000     
   8.5899999999998613        0.0000000000000000     
   8.5999999999998611        0.0000000000000000     
   8.6099999999998609        0.0000000000000000     
   8.6199999999998607        0.0000000000000000     
   8.6299999999998604        0.0000000000000000     
   8.6399999999998602        0.0000000000000000     
   8.6499999999998600        0.0000000000000000     
   8.6599999999998598        0.0000000000000000     
   8.6699999999998596        0.0000000000000000     
   8.6799999999998594        0.0000000000000000     
   8.6899999999998592        0.0000000000000000     
   8.6999999999998590        0.0000000000000000     
   8.7099999999998587        0.0000000000000000     
   8.7199999999998585        0.0000000000000000     
   8.7299999999998583        0.0000000000000000     
   8.7399999999998581        0.0000000000000000     
   8.7499999999998579        0.0000000000000000     
   8.7599999999998577        0.0000000000000000     
   8.7699999999998575        0.0000000000000000     
   8.7799999999998573        0.0000000000000000     
   8.7899999999998570        0.0000000000000000     
   8.7999999999998568        0.0000000000000000     
   8.8099999999998566        0.0000000000000000     
   8.8199999999998564        0.0000000000000000     
   8.8299999999998562        0.0000000000000000     
   8.8399999999998560        0.0000000000000000     
   8.8499999999998558        0.0000000000000000     
   8.8599999999998555        0.0000000000000000     
   8.8699999999998553        0.0000000000000000     
   8.8799999999998551        0.0000000000000000     
   8.8899999999998549        0.0000000000000000     
   8.8999999999998547        0.0000000000000000     
   8.9099999999998545        0.0000000000000000     
   8.9199999999998543        0.0000000000000000     
   8.9299999999998541        0.0000000000000000     
   8.9399999999998538        0.0000000000000000     
   8.9499999999998536        0.0000000000000000     
   8.9599999999998534        0.0000000000000000     
   8.9699999999998532        0.0000000000000000     
   8.9799999999998530        0.0000000000000000     
   8.9899999999998528        0.0000000000000000     
   8.9999999999998526        0.0000000000000000     
   9.0099999999998523        0.0000000000000000     
   9.0199999999998521        0.0000000000000000     
   9.0299999999998519        0.0000000000000000     
   9.0399999999998517        0.0000000000000000     
   9.0499999999998515        0.0000000000000000     
   9.0599999999998513        0.0000000000000000     
   9.0699999999998511        0.0000000000000000     
   9.0799999999998509        0.0000000000000000     
   9.0899999999998506        0.0000000000000000     
   9.0999999999998504        0.0000000000000000     
   9.1099999999998502        0.0000000000000000     
   9.1199999999998500        0.0000000000000000     
   9.1299999999998498        0.0000000000000000     
   9.1399999999998496        0.0000000000000000     
   9.1499999999998494        0.0000000000000000     
   9.1599999999998492        0.0000000000000000     
   9.1699999999998489        0.0000000000000000     
   9.1799999999998487        0.0000000000000000     
   9.1899999999998485        0.0000000000000000     
   9.1999999999998483        0.0000000000000000     
   9.2099999999998481        0.0000000000000000     
   9.2199999999998479        0.0000000000000000     
   9.2299999999998477        0.0000000000000000     
   9.2399999999998474        0.0000000000000000     
   9.2499999999998472        0.0000000000000000     
   9.2599999999998470        0.0000000000000000     
   9.2699999999998468        0.0000000000000000     
   9.2799999999998466        0.0000000000000000     
   9.2899999999998464        0.0000000000000000     
   9.2999999999998462        0.0000000000000000     
   9.3099999999998460        0.0000000000000000     
   9.3199999999998457        0.0000000000000000     
   9.3299999999998455        0.0000000000000000     
   9.3399999999998453        0.0000000000000000     
   9.3499999999998451        0.0000000000000000     
   9.3599999999998449        0.0000000000000000     
   9.3699999999998447        0.0000000000000000     
   9.3799999999998445        0.0000000000000000     
   9.3899999999998442        0.0000000000000000     
   9.3999999999998440        0.0000000000000000     
   9.4099999999998438        0.0000000000000000     
   9.4199999999998436        0.0000000000000000     
   9.4299999999998434        0.0000000000000000     
   9.4399999999998432        0.0000000000000000     
   9.4499999999998430        0.0000000000000000     
   9.4599999999998428        0.0000000000000000     
   9.4699999999998425        0.0000000000000000     
   9.4799999999998423        0.0000000000000000     
   9.4899999999998421        0.0000000000000000     
   9.4999999999998419        0.0000000000000000     
   9.5099999999998417        0.0000000000000000     
   9.5199999999998415        0.0000000000000000     
   9.5299999999998413        0.0000000000000000     
   9.5399999999998411        0.0000000000000000     
   9.5499999999998408        0.0000000000000000     
   9.5599999999998406        0.0000000000000000     
   9.5699999999998404        0.0000000000000000     
   9.5799999999998402        0.0000000000000000     
   9.5899999999998400        0.0000000000000000     
   9.5999999999998398        0.0000000000000000     
   9.6099999999998396        0.0000000000000000     
   9.6199999999998393        0.0000000000000000     
   9.6299999999998391        0.0000000000000000     
   9.6399999999998389        0.0000000000000000     
   9.6499999999998387        0.0000000000000000     
   9.6599999999998385        0.0000000000000000     
   9.6699999999998383        0.0000000000000000     
   9.6799999999998381        0.0000000000000000     
   9.6899999999998379        0.0000000000000000     
   9.6999999999998376        0.0000000000000000     
   9.7099999999998374        0.0000000000000000     
   9.7199999999998372        0.0000000000000000     
   9.7299999999998370        0.0000000000000000     
   9.7399999999998368        0.0000000000000000     
   9.7499999999998366        0.0000000000000000     
   9.7599999999998364        0.0000000000000000     
   9.7699999999998361        0.0000000000000000     
   9.7799999999998359        0.0000000000000000     
   9.7899999999998357        0.0000000000000000     
   9.7999999999998355        0.0000000000000000     
   9.8099999999998353        0.0000000000000000     
   9.8199999999998351        0.0000000000000000     
   9.8299999999998349        0.0000000000000000     
   9.8399999999998347        0.0000000000000000     
   9.8499999999998344        0.0000000000000000     
   9.8599999999998342        0.0000000000000000     
   9.8699999999998340        0.0000000000000000     
   9.8799999999998338        0.0000000000000000     
   9.8899999999998336        0.0000000000000000     
   9.8999999999998334        0.0000000000000000     
   9.9099999999998332        0.0000000000000000     
   9.9199999999998330        0.0000000000000000     
   9.9299999999998327        0.0000000000000000     
   9.9399999999998325        0.0000000000000000     
   9.9499999999998323        0.0000000000000000     
   9.9599999999998321        0.0000000000000000     
   9.9699999999998319        0.0000000000000000     
   9.9799999999998317        0.0000000000000000     
   9.9899999999998315        0.0000000000000000     
   9.9999999999998312        0.0000000000000000     
