   0.0000000000000000       0.24383370318955130     
   1.0000000000000000E-002  0.24418793629970828     
   2.0000000000000000E-002  0.24524986587069544     
   2.9999999999999999E-002  0.24701716611849026     
   4.0000000000000001E-002  0.24948590596459100     
   5.0000000000000003E-002  0.25265046777978545     
   6.0000000000000005E-002  0.25650343543159454     
   7.0000000000000007E-002  0.26103545350155960     
   8.0000000000000002E-002  0.26623506012538672     
   8.9999999999999997E-002  0.27208849653957184     
   9.9999999999999992E-002  0.27857949710958657     
  0.10999999999999999       0.28568906432423380     
  0.11999999999999998       0.29339523399387996     
  0.12999999999999998       0.30167283667892564     
  0.13999999999999999       0.31049326212698031     
  0.14999999999999999       0.31982423426800394     
  0.16000000000000000       0.32962960500607991     
  0.17000000000000001       0.33986917563353769     
  0.18000000000000002       0.35049855517141776     
  0.19000000000000003       0.36146906518311073     
  0.20000000000000004       0.37272770066927091     
  0.21000000000000005       0.38421715635692738     
  0.22000000000000006       0.39587592713856440     
  0.23000000000000007       0.40763849042283473     
  0.24000000000000007       0.41943557680884824     
  0.25000000000000006       0.43119453371695021     
  0.26000000000000006       0.44283978443333988     
  0.27000000000000007       0.45429338250786389     
  0.28000000000000008       0.46547565856387019     
  0.29000000000000009       0.47630595355810423     
  0.30000000000000010       0.48670342932009625     
  0.31000000000000011       0.49658794405242274     
  0.32000000000000012       0.50588097748380279     
  0.33000000000000013       0.51450658767989987     
  0.34000000000000014       0.52239237931238625     
  0.35000000000000014       0.52947046158949695     
  0.36000000000000015       0.53567837315293365     
  0.37000000000000016       0.54095995119483498     
  0.38000000000000017       0.54526612279945585     
  0.39000000000000018       0.54855559814539168     
  0.40000000000000019       0.55079544761077137     
  0.41000000000000020       0.55196154792911656     
  0.42000000000000021       0.55203888622682773     
  0.43000000000000022       0.55102171483369633     
  0.44000000000000022       0.54891355405563635     
  0.45000000000000023       0.54572704438613906     
  0.46000000000000024       0.54148365379379204     
  0.47000000000000025       0.53621324952565086     
  0.48000000000000026       0.52995354718578824     
  0.49000000000000027       0.52274945263337103     
  0.50000000000000022       0.51465231431613623     
  0.51000000000000023       0.50571910507834950     
  0.52000000000000024       0.49601155321011853     
  0.53000000000000025       0.48559524258371017     
  0.54000000000000026       0.47453870117801578     
  0.55000000000000027       0.46291249626975794     
  0.56000000000000028       0.45078835306847503     
  0.57000000000000028       0.43823831176097316     
  0.58000000000000029       0.42533393584820328     
  0.59000000000000030       0.41214558242341465     
  0.60000000000000031       0.39874174276323487     
  0.61000000000000032       0.38518845925934947     
  0.62000000000000033       0.37154882254563099     
  0.63000000000000034       0.35788255053199564     
  0.64000000000000035       0.34424564915695693     
  0.65000000000000036       0.33069015295412574     
  0.66000000000000036       0.31726394204954184     
  0.67000000000000037       0.30401063097661690     
  0.68000000000000038       0.29096952371787138     
  0.69000000000000039       0.27817562867008266     
  0.70000000000000040       0.26565972674821148     
  0.71000000000000041       0.25344848557809990     
  0.72000000000000042       0.24156461267200280     
  0.73000000000000043       0.23002704062889653     
  0.74000000000000044       0.21885113763922326     
  0.75000000000000044       0.20804893697500396     
  0.76000000000000045       0.19762937965760563     
  0.77000000000000046       0.18759856499974195     
  0.78000000000000047       0.17796000433506351     
  0.79000000000000048       0.16871487386784970     
  0.80000000000000049       0.15986226313125995     
  0.81000000000000050       0.15139941619605912     
  0.82000000000000051       0.14332196327068689     
  0.83000000000000052       0.13562414090521077     
  0.84000000000000052       0.12829899942894019     
  0.85000000000000053       0.12133859673881953     
  0.86000000000000054       0.11473417786019702     
  0.87000000000000055       0.10847634007795526     
  0.88000000000000056       0.10255518367551970     
  0.89000000000000057        9.6960448534089319E-002
  0.90000000000000058        9.1681637058637896E-002
  0.91000000000000059        8.6708123984941265E-002
  0.92000000000000060        8.2029253785644601E-002
  0.93000000000000060        7.7634426394608755E-002
  0.94000000000000061        7.3513172074709351E-002
  0.95000000000000062        6.9655216241725437E-002
  0.96000000000000063        6.6050535064333019E-002
  0.97000000000000064        6.2689402655616344E-002
  0.98000000000000065        5.9562430634825379E-002
  0.99000000000000066        5.6660600816274664E-002
   1.0000000000000007        5.3975291725378634E-002
   1.0100000000000007        5.1498299596045849E-002
   1.0200000000000007        4.9221854469838393E-002
   1.0300000000000007        4.7138631938546699E-002
   1.0400000000000007        4.5241761029271223E-002
   1.0500000000000007        4.3524828679430895E-002
   1.0600000000000007        4.1981881188472264E-002
   1.0700000000000007        4.0607422980017023E-002
   1.0800000000000007        3.9396412958618905E-002
   1.0900000000000007        3.8344258696450605E-002
   1.1000000000000008        3.7446808625359575E-002
   1.1100000000000008        3.6700342379338356E-002
   1.1200000000000008        3.6101559369681693E-002
   1.1300000000000008        3.5647565655072447E-002
   1.1400000000000008        3.5335859098917025E-002
   1.1500000000000008        3.5164312786521913E-002
   1.1600000000000008        3.5131156641210831E-002
   1.1700000000000008        3.5234957122554693E-002
   1.1800000000000008        3.5474594883387091E-002
   1.1900000000000008        3.5849240211762910E-002
   1.2000000000000008        3.6358326082884196E-002
   1.2100000000000009        3.7001518587430310E-002
   1.2200000000000009        3.7778684538857354E-002
   1.2300000000000009        3.8689855994115847E-002
   1.2400000000000009        3.9735191475270999E-002
   1.2500000000000009        4.0914933630614665E-002
   1.2600000000000009        4.2229363137325261E-002
   1.2700000000000009        4.3678748641533448E-002
   1.2800000000000009        4.5263292576407134E-002
   1.2900000000000009        4.6983072764442142E-002
   1.3000000000000009        4.8837979783627188E-002
   1.3100000000000009        5.0827650124036478E-002
   1.3200000000000010        5.2951395346254565E-002
   1.3300000000000010        5.5208127498534480E-002
   1.3400000000000010        5.7596281272652705E-002
   1.3500000000000010        6.0113733515374523E-002
   1.3600000000000010        6.2757720899216107E-002
   1.3700000000000010        6.5524756819843211E-002
   1.3800000000000010        6.8410548758561521E-002
   1.3900000000000010        7.1409917636870268E-002
   1.4000000000000010        7.4516720922807062E-002
   1.4100000000000010        7.7723781472403886E-002
   1.4200000000000010        8.1022824381148259E-002
   1.4300000000000010        8.4404424234232847E-002
   1.4400000000000011        8.7857965404169694E-002
   1.4500000000000011        9.1371618082832104E-002
   1.4600000000000011        9.4932332792280791E-002
   1.4700000000000011        9.8525856092037775E-002
   1.4800000000000011       0.10213676997317700     
   1.4900000000000011       0.10574855724627578     
   1.5000000000000011       0.10934369472206541     
   1.5100000000000011       0.11290377551617058     
   1.5200000000000011       0.11640966109612143     
   1.5300000000000011       0.11984166290794802     
   1.5400000000000011       0.12317975247132074     
   1.5500000000000012       0.12640379789864756     
   1.5600000000000012       0.12949382369309739     
   1.5700000000000012       0.13243028967551171     
   1.5800000000000012       0.13519438387246366     
   1.5900000000000012       0.13776832330683883     
   1.6000000000000012       0.14013565587287199     
   1.6100000000000012       0.14228155596192468     
   1.6200000000000012       0.14419310620149850     
   1.6300000000000012       0.14585955767322376     
   1.6400000000000012       0.14727256130975749     
   1.6500000000000012       0.14842636376815210     
   1.6600000000000013       0.14931796201708228     
   1.6700000000000013       0.14994721207893660     
   1.6800000000000013       0.15031688876768243     
   1.6900000000000013       0.15043269481041191     
   1.7000000000000013       0.15030321942778799     
   1.7100000000000013       0.14993984804321184     
   1.7200000000000013       0.14935662637366506     
   1.7300000000000013       0.14857008354309822     
   1.7400000000000013       0.14759902005799916     
   1.7500000000000013       0.14646426736925525     
   1.7600000000000013       0.14518842637613624     
   1.7700000000000014       0.14379559250217627     
   1.7800000000000014       0.14231107497763423     
   1.7900000000000014       0.14076111763953636     
   1.8000000000000014       0.13917262799978156     
   1.8100000000000014       0.13757292059709866     
   1.8200000000000014       0.13598947968381583     
   1.8300000000000014       0.13444974532135909     
   1.8400000000000014       0.13298092587449609     
   1.8500000000000014       0.13160983882746224     
   1.8600000000000014       0.13036278085303016     
   1.8700000000000014       0.12926542711333608     
   1.8800000000000014       0.12834275896183087     
   1.8900000000000015       0.12761901848121851     
   1.9000000000000015       0.12711768776706453     
   1.9100000000000015       0.12686149037478625     
   1.9200000000000015       0.12687241206245919     
   1.9300000000000015       0.12717173773640347     
   1.9400000000000015       0.12778010142153673     
   1.9500000000000015       0.12871754604966160     
   1.9600000000000015       0.13000358989104924     
   1.9700000000000015       0.13165729658615344     
   1.9800000000000015       0.13369734584031234     
   1.9900000000000015       0.13614210201365243     
   2.0000000000000013       0.13900967800142647     
   2.0100000000000011       0.14231799196840036     
   2.0200000000000009       0.14608481467497939     
   2.0300000000000007       0.15032780524059147     
   2.0400000000000005       0.15506453340379861     
   2.0500000000000003       0.16031248637852533     
   2.0600000000000001       0.16608905858102627     
   2.0699999999999998       0.17241152255749240     
   2.0799999999999996       0.17929697958671229     
   2.0899999999999994       0.18676228846846832     
   2.0999999999999992       0.19482397118029751     
   2.1099999999999990       0.20349809414561268     
   2.1199999999999988       0.21280012404968182     
   2.1299999999999986       0.22274475727823481     
   2.1399999999999983       0.23334572230988007     
   2.1499999999999981       0.24461555465150223     
   2.1599999999999979       0.25656534423846294     
   2.1699999999999977       0.26920445564113643     
   2.1799999999999975       0.28254022190406508     
   2.1899999999999973       0.29657761340898048     
   2.1999999999999971       0.31131888380982364     
   2.2099999999999969       0.32676319583576513     
   2.2199999999999966       0.34290623057766911     
   2.2299999999999964       0.35973978476000079     
   2.2399999999999962       0.37725136149877780     
   2.2499999999999960       0.39542376096010984     
   2.2599999999999958       0.41423467841703432     
   2.2699999999999956       0.43365631814696753     
   2.2799999999999954       0.45365503248995603     
   2.2899999999999952       0.47419099628094763     
   2.2999999999999949       0.49521792742154425     
   2.3099999999999947       0.51668286483668713     
   2.3199999999999945       0.53852601523186350     
   2.3299999999999943       0.56068067986728198     
   2.3399999999999941       0.58307327209879456     
   2.3499999999999939       0.60562343549323250     
   2.3599999999999937       0.62824427100150737     
   2.3699999999999934       0.65084267995226142     
   2.3799999999999932       0.67331982741798546     
   2.3899999999999930       0.69557172807296863     
   2.3999999999999928       0.71748995376958347     
   2.4099999999999926       0.73896245904167557     
   2.4199999999999924       0.75987451761235614     
   2.4299999999999922       0.78010975971213126     
   2.4399999999999920       0.79955129704446648     
   2.4499999999999917       0.81808291927585497     
   2.4599999999999915       0.83559034351266614     
   2.4699999999999913       0.85196249605713026     
   2.4799999999999911       0.86709280424308288     
   2.4899999999999909       0.88088047511177459     
   2.4999999999999907       0.89323173731630456     
   2.5099999999999905       0.90406102285858125     
   2.5199999999999902       0.91329206603514645     
   2.5299999999999900       0.92085889837568313     
   2.5399999999999898       0.92670672011662514     
   2.5499999999999896       0.93079263113500732     
   2.5599999999999894       0.93308620684966037     
   2.5699999999999892       0.93356990759842751     
   2.5799999999999890       0.93223931321455655     
   2.5899999999999888       0.92910317792871122     
   2.5999999999999885       0.92418330420368555     
   2.6099999999999883       0.91751423775168950     
   2.6199999999999881       0.90914278950019867     
   2.6299999999999879       0.89912739376622353     
   2.6399999999999877       0.88753731523781543     
   2.6499999999999875       0.87445172039442154     
   2.6599999999999873       0.85995863172501885     
   2.6699999999999871       0.84415378531937069     
   2.6799999999999868       0.82713941431507265     
   2.6899999999999866       0.80902298165940101     
   2.6999999999999864       0.78991588636130083     
   2.7099999999999862       0.76993216715849677     
   2.7199999999999860       0.74918722686732109     
   2.7299999999999858       0.72779659922725137     
   2.7399999999999856       0.70587477810695709     
   2.7499999999999853       0.68353412657553569     
   2.7599999999999851       0.66088388047408420     
   2.7699999999999849       0.63802925813690115     
   2.7799999999999847       0.61507068467854553     
   2.7899999999999845       0.59210313611291687     
   2.7999999999999843       0.56921560543227712     
   2.8099999999999841       0.54649068988608862     
   2.8199999999999839       0.52400429609864474     
   2.8299999999999836       0.50182545737076689     
   2.8399999999999834       0.48001625559402256     
   2.8499999999999832       0.45863183882675923     
   2.8599999999999830       0.43772052436554754     
   2.8699999999999828       0.41732397656572129     
   2.8799999999999826       0.39747744834514553     
   2.8899999999999824       0.37821007529303530     
   2.8999999999999821       0.35954521160420722     
   2.9099999999999819       0.34150079759223839     
   2.9199999999999817       0.32408974935009488     
   2.9299999999999815       0.30732036172029942     
   2.9399999999999813       0.29119671699366428     
   2.9499999999999811       0.27571909244765669     
   2.9599999999999809       0.26088436101313089     
   2.9699999999999807       0.24668638023005787     
   2.9799999999999804       0.23311636557566173     
   2.9899999999999802       0.22016324518790209     
   2.9999999999999800       0.20781399369261477     
   3.0099999999999798       0.19605394359878134     
   3.0199999999999796       0.18486707333627792     
   3.0299999999999794       0.17423627159748625     
   3.0399999999999792       0.16414357794677656     
   3.0499999999999790       0.15457040019764764     
   3.0599999999999787       0.14549770928166780     
   3.0699999999999785       0.13690621251608309     
   3.0799999999999783       0.12877650644896513     
   3.0899999999999781       0.12108921052127748     
   3.0999999999999779       0.11382508285740378     
   3.1099999999999777       0.10696511954758435     
   3.1199999999999775       0.10049063880448901     
   3.1299999999999772        9.4383351356077075E-002
   3.1399999999999770        8.8625418365471373E-002
   3.1499999999999768        8.3199498140447470E-002
   3.1599999999999766        7.8088782909387464E-002
   3.1699999999999764        7.3277026621172484E-002
   3.1799999999999762        6.8748565049379470E-002
   3.1899999999999760        6.4488328975902218E-002
   3.1999999999999758        6.0481851453105494E-002
   3.2099999999999755        5.6715269962468694E-002
   3.2199999999999753        5.3175324144642287E-002
   3.2299999999999751        4.9849349852538076E-002
   3.2399999999999749        4.6725270074145425E-002
   3.2499999999999747        4.3791583280925507E-002
   3.2599999999999745        4.1037349671129812E-002
   3.2699999999999743        3.8452175748524504E-002
   3.2799999999999740        3.6026197564591106E-002
   3.2899999999999738        3.3750062996035911E-002
   3.2999999999999736        3.1614913304077591E-002
   3.3099999999999734        2.9612364241318939E-002
   3.3199999999999732        2.7734486879952575E-002
   3.3299999999999730        2.5973788385103180E-002
   3.3399999999999728        2.4323192835816753E-002
   3.3499999999999726        2.2776022263561128E-002
   3.3599999999999723        2.1325977962268483E-002
   3.3699999999999721        1.9967122234510522E-002
   3.3799999999999719        1.8693860506637745E-002
   3.3899999999999717        1.7500924034649937E-002
   3.3999999999999715        1.6383353115218113E-002
   3.4099999999999713        1.5336480870599288E-002
   3.4199999999999711        1.4355917655183634E-002
   3.4299999999999708        1.3437536062487243E-002
   3.4399999999999706        1.2577456559698509E-002
   3.4499999999999704        1.1772033716471389E-002
   3.4599999999999702        1.1017843107068910E-002
   3.4699999999999700        1.0311668748374416E-002
   3.4799999999999698        9.6504912058869019E-003
   3.4899999999999696        9.0314762284602040E-003
   3.4999999999999694        8.4519639953300960E-003
   3.5099999999999691        7.9094588820782189E-003
   3.5199999999999689        7.4016197737508949E-003
   3.5299999999999687        6.9262509069067208E-003
   3.5399999999999685        6.4812931802708217E-003
   3.5499999999999683        6.0648159509266242E-003
   3.5599999999999681        5.6750092909726704E-003
   3.5699999999999679        5.3101766597729062E-003
   3.5799999999999677        4.9687280272350956E-003
   3.5899999999999674        4.6491733383903049E-003
   3.5999999999999672        4.3501164010598817E-003
   3.6099999999999670        4.0702490973374998E-003
   3.6199999999999668        3.8083459644979150E-003
   3.6299999999999666        3.5632590575323166E-003
   3.6399999999999664        3.3339131370715321E-003
   3.6499999999999662        3.1193011757582288E-003
   3.6599999999999659        2.9184800663096277E-003
   3.6699999999999657        2.7305666253621412E-003
   3.6799999999999655        2.5547338818106761E-003
   3.6899999999999653        2.3902074885677211E-003
   3.6999999999999651        2.2362624649838784E-003
   3.7099999999999649        2.0922200470525425E-003
   3.7199999999999647        1.9574448005524065E-003
   3.7299999999999645        1.8313418750032613E-003
   3.7399999999999642        1.7133544188816924E-003
   3.7499999999999640        1.6029611982851480E-003
   3.7599999999999638        1.4996743286537276E-003
   3.7699999999999636        1.4030371501733288E-003
   3.7799999999999634        1.3126222438070564E-003
   3.7899999999999632        1.2280295899902876E-003
   3.7999999999999630        1.1488847940316408E-003
   3.8099999999999627        1.0748374865591128E-003
   3.8199999999999625        1.0055597532020895E-003
   3.8299999999999623        9.4074473876341327E-004
   3.8399999999999621        8.8010527748169024E-004
   3.8499999999999619        8.2337264578821127E-004
   3.8599999999999617        7.7029537723636004E-004
   3.8699999999999615        7.2063815986508591E-004
   3.8799999999999613        6.7418080970517186E-004
   3.8899999999999610        6.3071729239517072E-004
   3.8999999999999608        5.9005481705435572E-004
   3.9099999999999606        5.5201299232816403E-004
   3.9199999999999604        5.1642302665752440E-004
   3.9299999999999602        4.8312699386630762E-004
   3.9399999999999600        4.5197711632730906E-004
   3.9499999999999598        4.2283513703859373E-004
   3.9599999999999596        3.9557168550109566E-004
   3.9699999999999593        3.7006573528213887E-004
   3.9799999999999591        3.4620403252812003E-004
   3.9899999999999589        3.2388062115911727E-004
   3.9999999999999587        3.0299637944328363E-004
   4.0099999999999589        2.8345854898471706E-004
   4.0199999999999587        2.6518035909799418E-004
   4.0299999999999585        2.4808061759845732E-004
   4.0399999999999583        2.3208337718018651E-004
   4.0499999999999581        2.1711756626683490E-004
   4.0599999999999579        2.0311670460948983E-004
   4.0699999999999577        1.9001858696562172E-004
   4.0799999999999574        1.7776502043881324E-004
   4.0899999999999572        1.6630156292871188E-004
   4.0999999999999570        1.5557727138795291E-004
   4.1099999999999568        1.4554450077926812E-004
   4.1199999999999566        1.3615866334212051E-004
   4.1299999999999564        1.2737804901412567E-004
   4.1399999999999562        1.1916364316943394E-004
   4.1499999999999559        1.1147893325488198E-004
   4.1599999999999557        1.0428976797670230E-004
   4.1699999999999555        9.7564200203961336E-005
   4.1799999999999553        9.1272337273484521E-005
   4.1899999999999551        8.5386211278796188E-005
   4.1999999999999549        7.9879659721141579E-005
   4.2099999999999547        7.4728210878956489E-005
   4.2199999999999545        6.9908966031705254E-005
   4.2299999999999542        6.5400499077212910E-005
   4.2399999999999540        6.1182781591609303E-005
   4.2499999999999538        5.7237054043454812E-005
   4.2599999999999536        5.3545779904520979E-005
   4.2699999999999534        5.0092554148907169E-005
   4.2799999999999532        4.6862028960614668E-005
   4.2899999999999530        4.3839831947115113E-005
   4.2999999999999527        4.1012541899480502E-005
   4.3099999999999525        3.8367576659854918E-005
   4.3199999999999523        3.5893192011231442E-005
   4.3299999999999521        3.3578376206262143E-005
   4.3399999999999519        3.1412847284219053E-005
   4.3499999999999517        2.9386973227452952E-005
   4.3599999999999515        2.7491751699822666E-005
   4.3699999999999513        2.5718752407614908E-005
   4.3799999999999510        2.4060095912787691E-005
   4.3899999999999508        2.2508409039011045E-005
   4.3999999999999506        2.1056792490161324E-005
   4.4099999999999504        1.9698792262077571E-005
   4.4199999999999502        1.8428372812171126E-005
   4.4299999999999500        1.7239882549992348E-005
   4.4399999999999498        1.6128041162184154E-005
   4.4499999999999496        1.5087904825492994E-005
   4.4599999999999493        1.4114849183348726E-005
   4.4699999999999491        1.3204545661106154E-005
   4.4799999999999489        1.2352953046853560E-005
   4.4899999999999487        1.1556276968271262E-005
   4.4999999999999485        1.0810982752715311E-005
   4.5099999999999483        1.0113753886371618E-005
   4.5199999999999481        9.4614915516630018E-006
   4.5299999999999478        8.8512953833829404E-006
   4.5399999999999476        8.2804525515022322E-006
   4.5499999999999474        7.7464243459737700E-006
   4.5599999999999472        7.2468355370949476E-006
   4.5699999999999470        6.7794674366135899E-006
   4.5799999999999468        6.3422398566033396E-006
   4.5899999999999466        5.9332094441290829E-006
   4.5999999999999464        5.5505613545740529E-006
   4.6099999999999461        5.1925886199947694E-006
   4.6199999999999459        4.8577050092047210E-006
   4.6299999999999457        4.5444176422724214E-006
   4.6399999999999455        4.2513351321571062E-006
   4.6499999999999453        3.9771556498109309E-006
   4.6599999999999451        3.7206561920227904E-006
   4.6699999999999449        3.4806983175707568E-006
   4.6799999999999446        3.2562217634395298E-006
   4.6899999999999444        3.0462188171716331E-006
   4.6999999999999442        2.8497578165886999E-006
   4.7099999999999440        2.6659692720033131E-006
   4.7199999999999438        2.4940311557635564E-006
   4.7299999999999436        2.3331859256731574E-006
   4.7399999999999434        2.1827142497125735E-006
   4.7499999999999432        2.0419418524144796E-006
   4.7599999999999429        1.9102501545013639E-006
   4.7699999999999427        1.7870546235359938E-006
   4.7799999999999425        1.6718008881407359E-006
   4.7899999999999423        1.5639806511946420E-006
   4.7999999999999421        1.4631150364876590E-006
   4.8099999999999419        1.3687561615366219E-006
   4.8199999999999417        1.2804810313584630E-006
   4.8299999999999415        1.1978995875873433E-006
   4.8399999999999412        1.1206394429076793E-006
   4.8499999999999410        1.0483691032196611E-006
   4.8599999999999408        9.8075707442347786E-007
   4.8699999999999406        9.1750248607185563E-007
   4.8799999999999404        8.5833083551502181E-007
   4.8899999999999402        8.0297603929468540E-007
   4.8999999999999400        7.5118820470540818E-007
   4.9099999999999397        7.0274260409761136E-007
   4.9199999999999395        6.5742080108568195E-007
   4.9299999999999393        6.1502277048296373E-007
   4.9399999999999391        5.7535773896157249E-007
   4.9499999999999389        5.3825056883494911E-007
   4.9599999999999387        5.0353666953553516E-007
   4.9699999999999385        4.7106394050511458E-007
   4.9799999999999383        4.4068120637134849E-007
   4.9899999999999380        4.1226069896459218E-007
   4.9999999999999378        3.8567594537542856E-007
   5.0099999999999376        3.6080001010150211E-007
   5.0199999999999374        3.3753149277066890E-007
   5.0299999999999372        3.1576288678399533E-007
   5.0399999999999370        2.9540065584929368E-007
   5.0499999999999368        2.7634691530075344E-007
   5.0599999999999365        2.5852570737785422E-007
   5.0699999999999363        2.4185154490554037E-007
   5.0799999999999361        2.2625383620137946E-007
   5.0899999999999359        2.1166171202717607E-007
   5.0999999999999357        1.9801050189011199E-007
   5.1099999999999355        1.8524062381969373E-007
   5.1199999999999353        1.7329582651458614E-007
   5.1299999999999351        1.6211958111769053E-007
   5.1399999999999348        1.5166313033327707E-007
   5.1499999999999346        1.4188317546229163E-007
   5.1599999999999344        1.3273003402312709E-007
   5.1699999999999342        1.2417021428702790E-007
   5.1799999999999340        1.1616337814974697E-007
   5.1899999999999338        1.0867362839924789E-007
   5.1999999999999336        1.0166423515620481E-007
   5.2099999999999334        9.5105684991134173E-008
   5.2199999999999331        8.8972535292412244E-008
   5.2299999999999329        8.3233607295976532E-008
   5.2399999999999327        7.7867714245238512E-008
   5.2499999999999325        7.2842844708846181E-008
   5.2599999999999323        6.8144380749939327E-008
   5.2699999999999321        6.3751043093341770E-008
   5.2799999999999319        5.9640812315175524E-008
   5.2899999999999316        5.5793149288966124E-008
   5.2999999999999314        5.2197136821362315E-008
   5.3099999999999312        4.8828350005205346E-008
   5.3199999999999310        4.5680590095117762E-008
   5.3299999999999308        4.2734058113326936E-008
   5.3399999999999306        3.9978762052358819E-008
   5.3499999999999304        3.7396383231844332E-008
   5.3599999999999302        3.4987569281897522E-008
   5.3699999999999299        3.2729745667114074E-008
   5.3799999999999297        3.0620229348450027E-008
   5.3899999999999295        2.8645235056334710E-008
   5.3999999999999293        2.6799766787031095E-008
   5.4099999999999291        2.5070316826731675E-008
   5.4199999999999289        2.3454294654980218E-008
   5.4299999999999287        2.1941338189951793E-008
   5.4399999999999284        2.0524323500391751E-008
   5.4499999999999282        1.9201677770308804E-008
   5.4599999999999280        1.7964519215281584E-008
   5.4699999999999278        1.6804336125239606E-008
   5.4799999999999276        1.5720758425831978E-008
   5.4899999999999274        1.4707494853093562E-008
   5.4999999999999272        1.3758624217410107E-008
   5.5099999999999270        1.2871555998325378E-008
   5.5199999999999267        1.2042589452330472E-008
   5.5299999999999265        1.1262842795004012E-008
   5.5399999999999263        1.0538237215960251E-008
   5.5499999999999261        9.8598909307778109E-009
   5.5599999999999259        9.2244732702986796E-009
   5.5699999999999257        8.6297637884175120E-009
   5.5799999999999255        8.0724318159762935E-009
   5.5899999999999253        7.5498868325187894E-009
   5.5999999999999250        7.0647193585012335E-009
   5.6099999999999248        6.6080476095022553E-009
   5.6199999999999246        6.1806117342236321E-009
   5.6299999999999244        5.7816715839635839E-009
   5.6399999999999242        5.4127074561256708E-009
   5.6499999999999240        5.0622470458322888E-009
   5.6599999999999238        4.7325107991887795E-009
   5.6699999999999235        4.4279396084058290E-009
   5.6799999999999233        4.1433524325709713E-009
   5.6899999999999231        3.8798594947368753E-009
   5.6999999999999229        3.6248782669732638E-009
   5.7099999999999227        3.3928416489648676E-009
   5.7199999999999225        3.1737576332376424E-009
   5.7299999999999223        2.9679962941424782E-009
   5.7399999999999221        2.7807386725918428E-009
   5.7499999999999218        2.5997723150063475E-009
   5.7599999999999216        2.4313884853511324E-009
   5.7699999999999214        2.2752171092753059E-009
   5.7799999999999212        2.1271873689190727E-009
   5.7899999999999210        1.9895197103877758E-009
   5.7999999999999208        1.8625842080323058E-009
   5.8099999999999206        1.7423100439928661E-009
   5.8199999999999203        1.6298074413221288E-009
   5.8299999999999201        1.5265566974236562E-009
   5.8399999999999199        1.4240461022269647E-009
   5.8499999999999197        1.3326377375569904E-009
   5.8599999999999195        1.2467804881503752E-009
   5.8699999999999193        1.1653641309544469E-009
   5.8799999999999191        1.0935697068816738E-009
   5.8899999999999189        1.0210351341071195E-009
   5.8999999999999186        9.5553197399948609E-010
   5.9099999999999184        8.9483978045343036E-010
   5.9199999999999182        8.3858847911806163E-010
   5.9299999999999180        7.8307732648447428E-010
   5.9399999999999178        7.3274721476335498E-010
   5.9499999999999176        6.8574777220025093E-010
   5.9599999999999174        6.4318922184783377E-010
   5.9699999999999172        6.0137082019719789E-010
   5.9799999999999169        5.6103271595012423E-010
   5.9899999999999167        5.2587565261551884E-010
   5.9999999999999165        4.9330910973714753E-010
   6.0099999999999163        4.5963234380610442E-010
   6.0199999999999161        4.2743587527862364E-010
   6.0299999999999159        4.0079052201450171E-010
   6.0399999999999157        3.7599554050483265E-010
   6.0499999999999154        3.5083048464427295E-010
   6.0599999999999152        3.3047639534529088E-010
   6.0699999999999150        3.0679163688829356E-010
   6.0799999999999148        2.8791784499287383E-010
   6.0899999999999146        2.6867397874656346E-010
   6.0999999999999144        2.5276078165826839E-010
   6.1099999999999142        2.3721765892086390E-010
   6.1199999999999140        2.2130446183256880E-010
   6.1299999999999137        2.0761171084961723E-010
   6.1399999999999135        1.9317881116488449E-010
   6.1499999999999133        1.8022620888371405E-010
   6.1599999999999131        1.6764368095343423E-010
   6.1699999999999129        1.5765167347938849E-010
   6.1799999999999127        1.4691951730356158E-010
   6.1899999999999125        1.3914795593485931E-010
   6.1999999999999122        1.3026617151348532E-010
   6.2099999999999120        1.1990408968854899E-010
   6.2199999999999118        1.1139237961806559E-010
   6.2299999999999116        1.0473104130203507E-010
   6.2399999999999114        9.9179926038676325E-011
   6.2499999999999112        9.1778439020864651E-011
   6.2599999999999110        8.8447769862849403E-011
   6.2699999999999108        8.1786431546818908E-011
   6.2799999999999105        7.5495167581678996E-011
   6.2899999999999103        6.9944052318320237E-011
   6.2999999999999101        6.5503160107633241E-011
   6.3099999999999099        6.2172490949617993E-011
   6.3199999999999097        5.7731598738931003E-011
   6.3299999999999095        5.5141078282696908E-011
   6.3399999999999093        5.1070260422900495E-011
   6.3499999999999091        4.5519145159541742E-011
   6.3599999999999088        4.4408922106869993E-011
   6.3699999999999086        4.0338104247073580E-011
   6.3799999999999084        3.9597955545292413E-011
   6.3899999999999082        3.7007435089058332E-011
   6.3999999999999080        3.5157063334605410E-011
   6.4099999999999078        3.2566542878371329E-011
   6.4199999999999076        3.0716171123918413E-011
   6.4299999999999073        2.8495725018574918E-011
   6.4399999999999071        2.5165055860559664E-011
   6.4499999999999069        2.4424907158778498E-011
   6.4599999999999067        2.3684758456997332E-011
   6.4699999999999065        2.1464312351653830E-011
   6.4799999999999063        1.9984014948091498E-011
   6.4899999999999061        1.9243866246310332E-011
   6.4999999999999059        1.7763568842748000E-011
   6.5099999999999056        1.7393494491857414E-011
   6.5199999999999054        1.5543122737404498E-011
   6.5299999999999052        1.3322676632060998E-011
   6.5399999999999050        1.3322676632060998E-011
   6.5499999999999048        1.2582527930279832E-011
   6.5599999999999046        1.2582527930279832E-011
   6.5699999999999044        1.2212453579389249E-011
   6.5799999999999041        1.0732156175826915E-011
   6.5899999999999039        9.2518587722645830E-012
   6.5999999999999037        8.8817844213739999E-012
   6.6099999999999035        8.8817844213739999E-012
   6.6199999999999033        7.0314126669210838E-012
   6.6299999999999031        7.4014870178116661E-012
   6.6399999999999029        8.5117100704834153E-012
   6.6499999999999027        6.6613383160304991E-012
   6.6599999999999024        4.8109665615775830E-012
   6.6699999999999022        4.8109665615775830E-012
   6.6799999999999020        4.4408922106870000E-012
   6.6899999999999018        6.2912639651399161E-012
   6.6999999999999016        4.4408922106870000E-012
   6.7099999999999014        4.4408922106870000E-012
   6.7199999999999012        4.4408922106870000E-012
   6.7299999999999010        2.9605948071246665E-012
   6.7399999999999007        5.5511152633587492E-012
   6.7499999999999005        4.0708178597964161E-012
   6.7599999999999003        4.0708178597964161E-012
   6.7699999999999001        3.7007435089058330E-012
   6.7799999999998999        2.2204461053435000E-012
   6.7899999999998997        2.2204461053435000E-012
   6.7999999999998995        2.2204461053435000E-012
   6.8099999999998992        2.2204461053435000E-012
   6.8199999999998990        2.2204461053435000E-012
   6.8299999999998988        2.2204461053435000E-012
   6.8399999999998986        7.4014870178116663E-013
   6.8499999999998984        3.7007435089058331E-013
   6.8599999999998982        3.7007435089058331E-013
   6.8699999999998980        7.4014870178116663E-013
   6.8799999999998978        3.3306691580152496E-012
   6.8899999999998975        3.7007435089058331E-013
   6.8999999999998973        7.4014870178116663E-013
   6.9099999999998971        1.4802974035623333E-012
   6.9199999999998969        1.8503717544529165E-012
   6.9299999999998967        0.0000000000000000     
   6.9399999999998965        7.4014870178116663E-013
   6.9499999999998963        1.8503717544529165E-012
   6.9599999999998960        1.8503717544529165E-012
   6.9699999999998958        7.4014870178116663E-013
   6.9799999999998956        1.4802974035623333E-012
   6.9899999999998954        1.8503717544529165E-012
   6.9999999999998952        1.4802974035623333E-012
   7.0099999999998950        1.8503717544529165E-012
   7.0199999999998948       -1.1102230526717500E-012
   7.0299999999998946       -1.1102230526717500E-012
   7.0399999999998943       -1.1102230526717500E-012
   7.0499999999998941        0.0000000000000000     
   7.0599999999998939        1.8503717544529165E-012
   7.0699999999998937        0.0000000000000000     
   7.0799999999998935        0.0000000000000000     
   7.0899999999998933        0.0000000000000000     
   7.0999999999998931        1.8503717544529165E-012
   7.1099999999998929        1.8503717544529165E-012
   7.1199999999998926        0.0000000000000000     
   7.1299999999998924        0.0000000000000000     
   7.1399999999998922        0.0000000000000000     
   7.1499999999998920       -1.1102230526717500E-012
   7.1599999999998918       -1.1102230526717500E-012
   7.1699999999998916        0.0000000000000000     
   7.1799999999998914       -1.1102230526717500E-012
   7.1899999999998911        0.0000000000000000     
   7.1999999999998909        0.0000000000000000     
   7.2099999999998907        0.0000000000000000     
   7.2199999999998905        0.0000000000000000     
   7.2299999999998903       -1.1102230526717500E-012
   7.2399999999998901        0.0000000000000000     
   7.2499999999998899        0.0000000000000000     
   7.2599999999998897        1.8503717544529165E-012
   7.2699999999998894        0.0000000000000000     
   7.2799999999998892        0.0000000000000000     
   7.2899999999998890       -1.1102230526717500E-012
   7.2999999999998888       -1.1102230526717500E-012
   7.3099999999998886        0.0000000000000000     
   7.3199999999998884        0.0000000000000000     
   7.3299999999998882        0.0000000000000000     
   7.3399999999998879        0.0000000000000000     
   7.3499999999998877        0.0000000000000000     
   7.3599999999998875        0.0000000000000000     
   7.3699999999998873        0.0000000000000000     
   7.3799999999998871        0.0000000000000000     
   7.3899999999998869        0.0000000000000000     
   7.3999999999998867        0.0000000000000000     
   7.4099999999998865        0.0000000000000000     
   7.4199999999998862        0.0000000000000000     
   7.4299999999998860        0.0000000000000000     
   7.4399999999998858        0.0000000000000000     
   7.4499999999998856        0.0000000000000000     
   7.4599999999998854        0.0000000000000000     
   7.4699999999998852        0.0000000000000000     
   7.4799999999998850        0.0000000000000000     
   7.4899999999998847        0.0000000000000000     
   7.4999999999998845        0.0000000000000000     
   7.5099999999998843        0.0000000000000000     
   7.5199999999998841        0.0000000000000000     
   7.5299999999998839        0.0000000000000000     
   7.5399999999998837        0.0000000000000000     
   7.5499999999998835        0.0000000000000000     
   7.5599999999998833        0.0000000000000000     
   7.5699999999998830        0.0000000000000000     
   7.5799999999998828        0.0000000000000000     
   7.5899999999998826        0.0000000000000000     
   7.5999999999998824        0.0000000000000000     
   7.6099999999998822        0.0000000000000000     
   7.6199999999998820        0.0000000000000000     
   7.6299999999998818        0.0000000000000000     
   7.6399999999998816        0.0000000000000000     
   7.6499999999998813        0.0000000000000000     
   7.6599999999998811        0.0000000000000000     
   7.6699999999998809        0.0000000000000000     
   7.6799999999998807        0.0000000000000000     
   7.6899999999998805        0.0000000000000000     
   7.6999999999998803        0.0000000000000000     
   7.7099999999998801        0.0000000000000000     
   7.7199999999998798        0.0000000000000000     
   7.7299999999998796        0.0000000000000000     
   7.7399999999998794        0.0000000000000000     
   7.7499999999998792        0.0000000000000000     
   7.7599999999998790        0.0000000000000000     
   7.7699999999998788        0.0000000000000000     
   7.7799999999998786        0.0000000000000000     
   7.7899999999998784        0.0000000000000000     
   7.7999999999998781        0.0000000000000000     
   7.8099999999998779        0.0000000000000000     
   7.8199999999998777        0.0000000000000000     
   7.8299999999998775        0.0000000000000000     
   7.8399999999998773        0.0000000000000000     
   7.8499999999998771        0.0000000000000000     
   7.8599999999998769        0.0000000000000000     
   7.8699999999998766        0.0000000000000000     
   7.8799999999998764        0.0000000000000000     
   7.8899999999998762        0.0000000000000000     
   7.8999999999998760        0.0000000000000000     
   7.9099999999998758        0.0000000000000000     
   7.9199999999998756        0.0000000000000000     
   7.9299999999998754        0.0000000000000000     
   7.9399999999998752        0.0000000000000000     
   7.9499999999998749        0.0000000000000000     
   7.9599999999998747        0.0000000000000000     
   7.9699999999998745        0.0000000000000000     
   7.9799999999998743        0.0000000000000000     
   7.9899999999998741        0.0000000000000000     
   7.9999999999998739        0.0000000000000000     
   8.0099999999998737        0.0000000000000000     
   8.0199999999998735        0.0000000000000000     
   8.0299999999998732        0.0000000000000000     
   8.0399999999998730        0.0000000000000000     
   8.0499999999998728        0.0000000000000000     
   8.0599999999998726        0.0000000000000000     
   8.0699999999998724        0.0000000000000000     
   8.0799999999998722        0.0000000000000000     
   8.0899999999998720        0.0000000000000000     
   8.0999999999998717        0.0000000000000000     
   8.1099999999998715        0.0000000000000000     
   8.1199999999998713        0.0000000000000000     
   8.1299999999998711        0.0000000000000000     
   8.1399999999998709        0.0000000000000000     
   8.1499999999998707        0.0000000000000000     
   8.1599999999998705        0.0000000000000000     
   8.1699999999998703        0.0000000000000000     
   8.1799999999998700        0.0000000000000000     
   8.1899999999998698        0.0000000000000000     
   8.1999999999998696        0.0000000000000000     
   8.2099999999998694        0.0000000000000000     
   8.2199999999998692        0.0000000000000000     
   8.2299999999998690        0.0000000000000000     
   8.2399999999998688        0.0000000000000000     
   8.2499999999998685        0.0000000000000000     
   8.2599999999998683        0.0000000000000000     
   8.2699999999998681        0.0000000000000000     
   8.2799999999998679        0.0000000000000000     
   8.2899999999998677        0.0000000000000000     
   8.2999999999998675        0.0000000000000000     
   8.3099999999998673        0.0000000000000000     
   8.3199999999998671        0.0000000000000000     
   8.3299999999998668        0.0000000000000000     
   8.3399999999998666        0.0000000000000000     
   8.3499999999998664        0.0000000000000000     
   8.3599999999998662        0.0000000000000000     
   8.3699999999998660        0.0000000000000000     
   8.3799999999998658        0.0000000000000000     
   8.3899999999998656        0.0000000000000000     
   8.3999999999998654        0.0000000000000000     
   8.4099999999998651        0.0000000000000000     
   8.4199999999998649        0.0000000000000000     
   8.4299999999998647        0.0000000000000000     
   8.4399999999998645        0.0000000000000000     
   8.4499999999998643        0.0000000000000000     
   8.4599999999998641        0.0000000000000000     
   8.4699999999998639        0.0000000000000000     
   8.4799999999998636        0.0000000000000000     
   8.4899999999998634        0.0000000000000000     
   8.4999999999998632        0.0000000000000000     
   8.5099999999998630        0.0000000000000000     
   8.5199999999998628        0.0000000000000000     
   8.5299999999998626        0.0000000000000000     
   8.5399999999998624        0.0000000000000000     
   8.5499999999998622        0.0000000000000000     
   8.5599999999998619        0.0000000000000000     
   8.5699999999998617        0.0000000000000000     
   8.5799999999998615        0.0000000000000000     
   8.5899999999998613        0.0000000000000000     
   8.5999999999998611        0.0000000000000000     
   8.6099999999998609        0.0000000000000000     
   8.6199999999998607        0.0000000000000000     
   8.6299999999998604        0.0000000000000000     
   8.6399999999998602        0.0000000000000000     
   8.6499999999998600        0.0000000000000000     
   8.6599999999998598        0.0000000000000000     
   8.6699999999998596        0.0000000000000000     
   8.6799999999998594        0.0000000000000000     
   8.6899999999998592        0.0000000000000000     
   8.6999999999998590        0.0000000000000000     
   8.7099999999998587        0.0000000000000000     
   8.7199999999998585        0.0000000000000000     
   8.7299999999998583        0.0000000000000000     
   8.7399999999998581        0.0000000000000000     
   8.7499999999998579        0.0000000000000000     
   8.7599999999998577        0.0000000000000000     
   8.7699999999998575        0.0000000000000000     
   8.7799999999998573        0.0000000000000000     
   8.7899999999998570        0.0000000000000000     
   8.7999999999998568        0.0000000000000000     
   8.8099999999998566        0.0000000000000000     
   8.8199999999998564        0.0000000000000000     
   8.8299999999998562        0.0000000000000000     
   8.8399999999998560        0.0000000000000000     
   8.8499999999998558        0.0000000000000000     
   8.8599999999998555        0.0000000000000000     
   8.8699999999998553        0.0000000000000000     
   8.8799999999998551        0.0000000000000000     
   8.8899999999998549        0.0000000000000000     
   8.8999999999998547        0.0000000000000000     
   8.9099999999998545        0.0000000000000000     
   8.9199999999998543        0.0000000000000000     
   8.9299999999998541        0.0000000000000000     
   8.9399999999998538        0.0000000000000000     
   8.9499999999998536        0.0000000000000000     
   8.9599999999998534        0.0000000000000000     
   8.9699999999998532        0.0000000000000000     
   8.9799999999998530        0.0000000000000000     
   8.9899999999998528        0.0000000000000000     
   8.9999999999998526        0.0000000000000000     
   9.0099999999998523        0.0000000000000000     
   9.0199999999998521        0.0000000000000000     
   9.0299999999998519        0.0000000000000000     
   9.0399999999998517        0.0000000000000000     
   9.0499999999998515        0.0000000000000000     
   9.0599999999998513        0.0000000000000000     
   9.0699999999998511        0.0000000000000000     
   9.0799999999998509        0.0000000000000000     
   9.0899999999998506        0.0000000000000000     
   9.0999999999998504        0.0000000000000000     
   9.1099999999998502        0.0000000000000000     
   9.1199999999998500        0.0000000000000000     
   9.1299999999998498        0.0000000000000000     
   9.1399999999998496        0.0000000000000000     
   9.1499999999998494        0.0000000000000000     
   9.1599999999998492        0.0000000000000000     
   9.1699999999998489        0.0000000000000000     
   9.1799999999998487        0.0000000000000000     
   9.1899999999998485        0.0000000000000000     
   9.1999999999998483        0.0000000000000000     
   9.2099999999998481        0.0000000000000000     
   9.2199999999998479        0.0000000000000000     
   9.2299999999998477        0.0000000000000000     
   9.2399999999998474        0.0000000000000000     
   9.2499999999998472        0.0000000000000000     
   9.2599999999998470        0.0000000000000000     
   9.2699999999998468        0.0000000000000000     
   9.2799999999998466        0.0000000000000000     
   9.2899999999998464        0.0000000000000000     
   9.2999999999998462        0.0000000000000000     
   9.3099999999998460        0.0000000000000000     
   9.3199999999998457        0.0000000000000000     
   9.3299999999998455        0.0000000000000000     
   9.3399999999998453        0.0000000000000000     
   9.3499999999998451        0.0000000000000000     
   9.3599999999998449        0.0000000000000000     
   9.3699999999998447        0.0000000000000000     
   9.3799999999998445        0.0000000000000000     
   9.3899999999998442        0.0000000000000000     
   9.3999999999998440        0.0000000000000000     
   9.4099999999998438        0.0000000000000000     
   9.4199999999998436        0.0000000000000000     
   9.4299999999998434        0.0000000000000000     
   9.4399999999998432        0.0000000000000000     
   9.4499999999998430        0.0000000000000000     
   9.4599999999998428        0.0000000000000000     
   9.4699999999998425        0.0000000000000000     
   9.4799999999998423        0.0000000000000000     
   9.4899999999998421        0.0000000000000000     
   9.4999999999998419        0.0000000000000000     
   9.5099999999998417        0.0000000000000000     
   9.5199999999998415        0.0000000000000000     
   9.5299999999998413        0.0000000000000000     
   9.5399999999998411        0.0000000000000000     
   9.5499999999998408        0.0000000000000000     
   9.5599999999998406        0.0000000000000000     
   9.5699999999998404        0.0000000000000000     
   9.5799999999998402        0.0000000000000000     
   9.5899999999998400        0.0000000000000000     
   9.5999999999998398        0.0000000000000000     
   9.6099999999998396        0.0000000000000000     
   9.6199999999998393        0.0000000000000000     
   9.6299999999998391        0.0000000000000000     
   9.6399999999998389        0.0000000000000000     
   9.6499999999998387        0.0000000000000000     
   9.6599999999998385        0.0000000000000000     
   9.6699999999998383        0.0000000000000000     
   9.6799999999998381        0.0000000000000000     
   9.6899999999998379        0.0000000000000000     
   9.6999999999998376        0.0000000000000000     
   9.7099999999998374        0.0000000000000000     
   9.7199999999998372        0.0000000000000000     
   9.7299999999998370        0.0000000000000000     
   9.7399999999998368        0.0000000000000000     
   9.7499999999998366        0.0000000000000000     
   9.7599999999998364        0.0000000000000000     
   9.7699999999998361        0.0000000000000000     
   9.7799999999998359        0.0000000000000000     
   9.7899999999998357        0.0000000000000000     
   9.7999999999998355        0.0000000000000000     
   9.8099999999998353        0.0000000000000000     
   9.8199999999998351        0.0000000000000000     
   9.8299999999998349        0.0000000000000000     
   9.8399999999998347        0.0000000000000000     
   9.8499999999998344        0.0000000000000000     
   9.8599999999998342        0.0000000000000000     
   9.8699999999998340        0.0000000000000000     
   9.8799999999998338        0.0000000000000000     
   9.8899999999998336        0.0000000000000000     
   9.8999999999998334        0.0000000000000000     
   9.9099999999998332        0.0000000000000000     
   9.9199999999998330        0.0000000000000000     
   9.9299999999998327        0.0000000000000000     
   9.9399999999998325        0.0000000000000000     
   9.9499999999998323        0.0000000000000000     
   9.9599999999998321        0.0000000000000000     
   9.9699999999998319        0.0000000000000000     
   9.9799999999998317        0.0000000000000000     
   9.9899999999998315        0.0000000000000000     
   9.9999999999998312        0.0000000000000000     
