   0.0000000000000000       0.40078313302535729     
   1.0000000000000000E-002  0.40080694138679712     
   2.0000000000000000E-002  0.40087800524228284     
   2.9999999999999999E-002  0.40099524320576468     
   4.0000000000000001E-002  0.40115686062406763     
   5.0000000000000003E-002  0.40136036102153289     
   6.0000000000000005E-002  0.40160256203707334     
   7.0000000000000007E-002  0.40187961577795067     
   8.0000000000000002E-002  0.40218703347272927     
   8.9999999999999997E-002  0.40251971430062322     
   9.9999999999999992E-002  0.40287197823276166     
  0.10999999999999999       0.40323760270373499     
  0.11999999999999998       0.40360986290806561     
  0.12999999999999998       0.40398157547714675     
  0.13999999999999999       0.40434514528446447     
  0.14999999999999999       0.40469261508429560     
  0.16000000000000000       0.40501571767508660     
  0.17000000000000001       0.40530593024932421     
  0.18000000000000002       0.40555453057214058     
  0.19000000000000003       0.40575265460451493     
  0.20000000000000004       0.40589135518067793     
  0.21000000000000005       0.40596166131554529     
  0.22000000000000006       0.40595463772598989     
  0.23000000000000007       0.40586144412413733     
  0.24000000000000007       0.40567339384852241     
  0.25000000000000006       0.40538201138741159     
  0.26000000000000006       0.40497908836811475     
  0.27000000000000007       0.40445673757598594     
  0.28000000000000008       0.40380744459970819     
  0.29000000000000009       0.40302411670448496     
  0.30000000000000010       0.40210012856656346     
  0.31000000000000011       0.40102936452587046     
  0.32000000000000012       0.39980625704638445     
  0.33000000000000013       0.39842582111542368     
  0.34000000000000014       0.39688368434410570     
  0.35000000000000014       0.39517611257565760     
  0.36000000000000015       0.39330003086149184     
  0.37000000000000016       0.39125303969689629     
  0.38000000000000017       0.38903342646255085     
  0.39000000000000018       0.38664017206572038     
  0.40000000000000019       0.38407295281769049     
  0.41000000000000020       0.38133213762930712     
  0.42000000000000021       0.37841878065470752     
  0.43000000000000022       0.37533460954190212     
  0.44000000000000022       0.37208200950282588     
  0.45000000000000023       0.36866400343520483     
  0.46000000000000024       0.36508422836864241     
  0.47000000000000025       0.36134690852577972     
  0.48000000000000026       0.35745682532064649     
  0.49000000000000027       0.35341928462511429     
  0.50000000000000022       0.34924008165162296     
  0.51000000000000023       0.34492546381170336     
  0.52000000000000024       0.34048209190858419     
  0.53000000000000025       0.33591700002397157     
  0.54000000000000026       0.33123755446247199     
  0.55000000000000027       0.32645141209566564     
  0.56000000000000028       0.32156647845203873     
  0.57000000000000028       0.31659086587786606     
  0.58000000000000029       0.31153285207260606     
  0.59000000000000030       0.30640083929580492     
  0.60000000000000031       0.30120331451327492     
  0.61000000000000032       0.29594881072453300     
  0.62000000000000033       0.29064586970911582     
  0.63000000000000034       0.28530300637196887     
  0.64000000000000035       0.27992867487757828     
  0.65000000000000036       0.27453123671604701     
  0.66000000000000036       0.26911893082318178     
  0.67000000000000037       0.26369984585929884     
  0.68000000000000038       0.25828189471650248     
  0.69000000000000039       0.25287279130604839     
  0.70000000000000040       0.24748002966351801     
  0.71000000000000041       0.24211086536975648     
  0.72000000000000042       0.23677229927719967     
  0.73000000000000043       0.23147106352601354     
  0.74000000000000044       0.22621360977875982     
  0.75000000000000044       0.22100609964251336     
  0.76000000000000045       0.21585439717076241     
  0.77000000000000046       0.21076406338703682     
  0.78000000000000047       0.20574035271963523     
  0.79000000000000048       0.20078821124034810     
  0.80000000000000049       0.19591227660294500     
  0.81000000000000050       0.19111687956069870     
  0.82000000000000051       0.18640604694288210     
  0.83000000000000052       0.18178350596125356     
  0.84000000000000052       0.17725268973274622     
  0.85000000000000053       0.17281674388781601     
  0.86000000000000054       0.16847853413894823     
  0.87000000000000055       0.16424065469048102     
  0.88000000000000056       0.16010543737948840     
  0.89000000000000057       0.15607496141993046     
  0.90000000000000058       0.15215106365022016     
  0.91000000000000059       0.14833534917940677     
  0.92000000000000060       0.14462920231889451     
  0.93000000000000060       0.14103379773733918     
  0.94000000000000061       0.13755011170864220     
  0.95000000000000062       0.13417893341464512     
  0.96000000000000063       0.13092087618676299     
  0.97000000000000064       0.12777638865389584     
  0.98000000000000065       0.12474576571566515     
  0.99000000000000066       0.12182915926883377     
   1.0000000000000007       0.11902658867953124     
   1.0100000000000007       0.11633795090784042     
   1.0200000000000007       0.11376303027725143     
   1.0300000000000007       0.11130150784517556     
   1.0400000000000007       0.10895297033728013     
   1.0500000000000007       0.10671691863576845     
   1.0600000000000007       0.10459277578505925     
   1.0700000000000007       0.10257989451498206     
   1.0800000000000007       0.10067756425259898     
   1.0900000000000007        9.8885017635235717E-002
   1.1000000000000008        9.7201436490952517E-002
   1.1100000000000008        9.5625957314233567E-002
   1.1200000000000008        9.4157676216541128E-002
   1.1300000000000008        9.2795653365958519E-002
   1.1400000000000008        9.1538916915275201E-002
   1.1500000000000008        9.0386466439699664E-002
   1.1600000000000008        8.9337275873746583E-002
   1.1700000000000008        8.8390295985785072E-002
   1.1800000000000008        8.7544456386894787E-002
   1.1900000000000008        8.6798667098801685E-002
   1.2000000000000008        8.6151819696112394E-002
   1.2100000000000009        8.5602788054280718E-002
   1.2200000000000009        8.5150428714662940E-002
   1.2300000000000009        8.4793580898973861E-002
   1.2400000000000009        8.4531066198007834E-002
   1.2500000000000009        8.4361687961085771E-002
   1.2600000000000009        8.4284230429757065E-002
   1.2700000000000009        8.4297457635371345E-002
   1.2800000000000009        8.4400112096625013E-002
   1.2900000000000009        8.4590913366487219E-002
   1.3000000000000009        8.4868556458112032E-002
   1.3100000000000009        8.5231710195254842E-002
   1.3200000000000010        8.5679015522628729E-002
   1.3300000000000010        8.6209083840384740E-002
   1.3400000000000010        8.6820495388274896E-002
   1.3500000000000010        8.7511797738593577E-002
   1.3600000000000010        8.8281504454195636E-002
   1.3700000000000010        8.9128093951142032E-002
   1.3800000000000010        9.0050008622872837E-002
   1.3900000000000010        9.1045654277462765E-002
   1.4000000000000010        9.2113399947032992E-002
   1.4100000000000010        9.3251578109911359E-002
   1.4200000000000010        9.4458485391576322E-002
   1.4300000000000010        9.5732383766589060E-002
   1.4400000000000011        9.7071502353222872E-002
   1.4500000000000011        9.8474039792925391E-002
   1.4600000000000011        9.9938167298852479E-002
   1.4700000000000011       0.10146203238272515     
   1.4800000000000011       0.10304376330046311     
   1.4900000000000011       0.10468147423766688     
   1.5000000000000011       0.10637327125807707     
   1.5100000000000011       0.10811725901413251     
   1.5200000000000011       0.10991154823107670     
   1.5300000000000011       0.11175426394520566     
   1.5400000000000011       0.11364355448742298     
   1.5500000000000012       0.11557760117941929     
   1.5600000000000012       0.11755462869383393     
   1.5700000000000012       0.11957291604231794     
   1.5800000000000012       0.12163080811449822     
   1.5900000000000012       0.12372672770222552     
   1.6000000000000012       0.12585918791276993     
   1.6100000000000012       0.12802680488929424     
   1.6200000000000012       0.13022831071557758     
   1.6300000000000012       0.13246256640062964     
   1.6400000000000012       0.13472857480027547     
   1.6500000000000012       0.13702549337655615     
   1.6600000000000013       0.13935264661101729     
   1.6700000000000013       0.14170953796504893     
   1.6800000000000013       0.14409586123274945     
   1.6900000000000013       0.14651151111667868     
   1.7000000000000013       0.14895659292454630     
   1.7100000000000013       0.15143143119273059     
   1.7200000000000013       0.15393657714503420     
   1.7300000000000013       0.15647281481857153     
   1.7400000000000013       0.15904116576787600     
   1.7500000000000013       0.16164289219475772     
   1.7600000000000013       0.16427949844414427     
   1.7700000000000014       0.16695273075252204     
   1.7800000000000014       0.16966457519138756     
   1.7900000000000014       0.17241725372688010     
   1.8000000000000014       0.17521321839439583     
   1.8100000000000014       0.17805514352674823     
   1.8200000000000014       0.18094591604207602     
   1.8300000000000014       0.18388862381846596     
   1.8400000000000014       0.18688654215358025     
   1.8500000000000014       0.18994311837446695     
   1.8600000000000014       0.19306195464793011     
   1.8700000000000014       0.19624678905978477     
   1.8800000000000014       0.19950147505412721     
   1.8900000000000015       0.20282995932393724     
   1.9000000000000015       0.20623625826856648     
   1.9100000000000015       0.20972443311789590     
   1.9200000000000015       0.21329856385939505     
   1.9300000000000015       0.21696272208900505     
   1.9400000000000015       0.22072094292675118     
   1.9500000000000015       0.22457719611842342     
   1.9600000000000015       0.22853535646783807     
   1.9700000000000015       0.23259917375446601     
   1.9800000000000015       0.23677224224245089     
   1.9900000000000015       0.24105796994676779     
   2.0000000000000013       0.24545954778516607     
   2.0100000000000011       0.24997991874750736     
   2.0200000000000009       0.25462174722996994     
   2.0300000000000007       0.25938738865226907     
   2.0400000000000005       0.26427885950749302     
   2.0500000000000003       0.26929780796316544     
   2.0600000000000001       0.27444548515925055     
   2.0699999999999998       0.27972271732439147     
   2.0799999999999996       0.28512987885295615     
   2.0899999999999994       0.29066686647426260     
   2.0999999999999992       0.29633307464892694     
   2.1099999999999990       0.30212737234026749     
   2.1199999999999988       0.30804808129015382     
   2.1299999999999986       0.31409295595186376     
   2.1399999999999983       0.32025916523061543     
   2.1499999999999981       0.32654327616786744     
   2.1599999999999979       0.33294123972986295     
   2.1699999999999977       0.33944837885344131     
   2.1799999999999975       0.34605937889761118     
   2.1899999999999973       0.35276828064544469     
   2.1999999999999971       0.35956847602745173     
   2.2099999999999969       0.36645270667842872     
   2.2199999999999966       0.37341306550111542     
   2.2299999999999964       0.38044100134083547     
   2.2399999999999962       0.38752732690948172     
   2.2499999999999960       0.39466223004724932     
   2.2599999999999958       0.40183528845381494     
   2.2699999999999956       0.40903548790950267     
   2.2799999999999954       0.41625124410851438     
   2.2899999999999952       0.42347042807253632     
   2.2999999999999949       0.43068039521781332     
   2.3099999999999947       0.43786801801249825     
   2.3199999999999945       0.44501972221090935     
   2.3299999999999943       0.45212152658105786     
   2.3399999999999941       0.45915908601960576     
   2.3499999999999939       0.46611773793254302     
   2.3599999999999937       0.47298255169780029     
   2.3699999999999934       0.47973838104085220     
   2.3799999999999932       0.48636991905811361     
   2.3899999999999930       0.49286175565941681     
   2.3999999999999928       0.49919843713134010     
   2.4099999999999926       0.50536452750585037     
   2.4199999999999924       0.51134467140188922     
   2.4299999999999922       0.51712365796890025     
   2.4399999999999920       0.52268648555829367     
   2.4499999999999917       0.52801842674324340     
   2.4599999999999915       0.53310509323879429     
   2.4699999999999913       0.53793250035276252     
   2.4799999999999911       0.54248713051528941     
   2.4899999999999909       0.54675599547413734     
   2.4999999999999907       0.55072669674291275     
   2.5099999999999905       0.55438748388319647     
   2.5199999999999902       0.55772731022552813     
   2.5299999999999900       0.56073588563557897     
   2.5399999999999898       0.56340372597296917     
   2.5499999999999896       0.56572219887048381     
   2.5599999999999894       0.56768356553984467     
   2.5699999999999892       0.56928101829040378     
   2.5799999999999890       0.57050871349587484     
   2.5899999999999888       0.57136179978937307     
   2.5999999999999885       0.57183644126712407     
   2.6099999999999883       0.57192983555683352     
   2.6199999999999881       0.57164022661115876     
   2.6299999999999879       0.57096691214042039     
   2.6399999999999877       0.56991024564255299     
   2.6499999999999875       0.56847163301623016     
   2.6599999999999873       0.56665352378427414     
   2.6699999999999871       0.56445939699937486     
   2.6799999999999868       0.56189374196469477     
   2.6899999999999866       0.55896203386632537     
   2.6999999999999864       0.55567070457020984     
   2.7099999999999862       0.55202710874831307     
   2.7199999999999860       0.54803948562676474     
   2.7299999999999858       0.54371691663603194     
   2.7399999999999856       0.53906927926579240     
   2.7499999999999853       0.53410719751197921     
   2.7599999999999851       0.52884198922149162     
   2.7699999999999849       0.52328561077898705     
   2.7799999999999847       0.51745059952520689     
   2.7899999999999845       0.51135001431582083     
   2.7999999999999843       0.50499737462610794     
   2.8099999999999841       0.49840659869807186     
   2.8199999999999839       0.49159194108747895     
   2.8299999999999836       0.48456793007780985     
   2.8399999999999834       0.47734930535353987     
   2.8499999999999832       0.46995095635796441     
   2.8599999999999830       0.46238786171822671     
   2.8699999999999828       0.45467503008365923     
   2.8799999999999826       0.44682744274011199     
   2.8899999999999824       0.43885999833416672     
   2.8999999999999821       0.43078745995056261     
   2.9099999999999819       0.42262440485831942     
   2.9199999999999817       0.41438517709015016     
   2.9299999999999815       0.40608384311634355     
   2.9399999999999813       0.39773415071618062     
   2.9499999999999811       0.38934949120953438     
   2.9599999999999809       0.38094286511554309     
   2.9699999999999807       0.37252685131338864     
   2.9799999999999804       0.36411357976300701     
   2.9899999999999802       0.35571470767109664     
   2.9999999999999800       0.34734139924111229     
   3.0099999999999798       0.33900430878501547     
   3.0199999999999796       0.33071356721667017     
   3.0299999999999794       0.32247877179708256     
   3.0399999999999792       0.31430897897799626     
   3.0499999999999790       0.30621270023411434     
   3.0599999999999787       0.29819790070631469     
   3.0699999999999785       0.29027200051828189     
   3.0799999999999783       0.28244187854858255     
   3.0899999999999781       0.27471387848128842     
   3.0999999999999779       0.26709381698600737     
   3.1099999999999777       0.25958699378917910     
   3.1199999999999775       0.25219820343605620     
   3.1299999999999772       0.24493174862318723     
   3.1399999999999770       0.23779145482070199     
   3.1499999999999768       0.23078068607041605     
   3.1599999999999766       0.22390236175658185     
   3.1699999999999764       0.21715897417350380     
   3.1799999999999762       0.21055260674476073     
   3.1899999999999760       0.20408495271075824     
   3.1999999999999758       0.19775733419338618     
   3.2099999999999755       0.19157072146495743     
   3.2199999999999753       0.18552575227450838     
   3.2299999999999751       0.17962275117946522     
   3.2399999999999749       0.17386174875971916     
   3.2499999999999747       0.16824250057089193     
   3.2599999999999745       0.16276450582679911     
   3.2699999999999743       0.15742702568815437     
   3.2799999999999740       0.15222910111134827     
   3.2899999999999738       0.14716957021844279     
   3.2999999999999736       0.14224708508411391     
   3.3099999999999734       0.13746012798876225     
   3.3199999999999732       0.13280702700632188     
   3.3299999999999730       0.12828597102409842     
   3.3399999999999728       0.12389502401736900     
   3.3499999999999726       0.11963213873898786     
   3.3599999999999723       0.11549516967994507     
   3.3699999999999721       0.11148188538562610     
   3.3799999999999719       0.10758998007170550     
   3.3899999999999717       0.10381708460582569     
   3.3999999999999715       0.10016077679094544     
   3.4099999999999713        9.6618591032144499E-002
   3.4199999999999711        9.3188027362274592E-002
   3.4299999999999708        8.9866559854766867E-002
   3.4399999999999706        8.6651644434883920E-002
   3.4499999999999704        8.3540726132806900E-002
   3.4599999999999702        8.0531245770509061E-002
   3.4699999999999700        7.7620646101566659E-002
   3.4799999999999698        7.4806377481345734E-002
   3.4899999999999696        7.2085903035923091E-002
   3.4999999999999694        6.9456703327521060E-002
   3.5099999999999691        6.6916280669574474E-002
   3.5199999999999689        6.4462162932482761E-002
   3.5299999999999687        6.2091907021383695E-002
   3.5399999999999685        5.9803101968217011E-002
   3.5499999999999683        5.7593371657599680E-002
   3.5599999999999681        5.5460377248037297E-002
   3.5699999999999679        5.3401819295965797E-002
   3.5799999999999677        5.1415439565692583E-002
   3.5899999999999674        4.9499022588519827E-002
   3.5999999999999672        4.7650396997972681E-002
   3.6099999999999670        4.5867436607363254E-002
   3.6199999999999668        4.4148061279465391E-002
   3.6299999999999666        4.2490237626047665E-002
   3.6399999999999664        4.0891979496649085E-002
   3.6499999999999662        3.9351348330057247E-002
   3.6599999999999659        3.7866453341010797E-002
   3.6699999999999657        3.6435451561092673E-002
   3.6799999999999655        3.5056547792193242E-002
   3.6899999999999653        3.3727994399546248E-002
   3.6999999999999651        3.2448091043424845E-002
   3.7099999999999649        3.1215184276223235E-002
   3.7199999999999647        3.0027667114650641E-002
   3.7299999999999645        2.8883978482306852E-002
   3.7399999999999642        2.7782602622374229E-002
   3.7499999999999640        2.6722068446101810E-002
   3.7599999999999638        2.5700948809957550E-002
   3.7699999999999636        2.4717859788339774E-002
   3.7799999999999634        2.3771459884115987E-002
   3.7899999999999632        2.2860449202802016E-002
   3.7999999999999630        2.1983568616286475E-002
   3.8099999999999627        2.1139598895191455E-002
   3.8199999999999625        2.0327359832536449E-002
   3.8299999999999623        1.9545709352136741E-002
   3.8399999999999621        1.8793542589061147E-002
   3.8499999999999619        1.8069790990258832E-002
   3.8599999999999617        1.7373421413243221E-002
   3.8699999999999615        1.6703435184622868E-002
   3.8799999999999613        1.6058867217566618E-002
   3.8899999999999610        1.5438785078846195E-002
   3.8999999999999608        1.4842288112315097E-002
   3.9099999999999606        1.4268506528710714E-002
   3.9199999999999604        1.3716600529688358E-002
   3.9299999999999602        1.3185759430837564E-002
   3.9399999999999600        1.2675200812361447E-002
   3.9499999999999598        1.2184169662354588E-002
   3.9599999999999596        1.1711937545523528E-002
   3.9699999999999593        1.1257801787172806E-002
   3.9799999999999591        1.0821084683096248E-002
   3.9899999999999589        1.0401132686708619E-002
   3.9999999999999587        9.9973156722276274E-003
   4.0099999999999589        9.6090261529843488E-003
   4.0199999999999587        9.2356785673647877E-003
   4.0299999999999585        8.8767085559621293E-003
   4.0399999999999583        8.5315722604708995E-003
   4.0499999999999581        8.1997456455257158E-003
   4.0599999999999579        7.8807238228529915E-003
   4.0699999999999577        7.5740204232547749E-003
   4.0799999999999574        7.2791669520317391E-003
   4.0899999999999572        6.9957121788231059E-003
   4.0999999999999570        6.7232215643614661E-003
   4.1099999999999568        6.4612766441139594E-003
   4.1199999999999566        6.2094745125836530E-003
   4.1299999999999564        5.9674272458085263E-003
   4.1399999999999562        5.7347613870506421E-003
   4.1499999999999559        5.5111174459930258E-003
   4.1599999999999557        5.2961493755470561E-003
   4.1699999999999555        5.0895241241550168E-003
   4.1799999999999553        4.8909211481246223E-003
   4.1899999999999551        4.7000319791046180E-003
   4.1999999999999549        4.5165597737968155E-003
   4.2099999999999547        4.3402188984551192E-003
   4.2199999999999545        4.1707345281875108E-003
   4.2299999999999542        4.0078422402443524E-003
   4.2399999999999540        3.8512876571741828E-003
   4.2499999999999538        3.7008260502890563E-003
   4.2599999999999536        3.5562219999362835E-003
   4.2699999999999534        3.4172490533647022E-003
   4.2799999999999532        3.2836893886046391E-003
   4.2899999999999530        3.1553335070286480E-003
   4.2999999999999527        3.0319798944559214E-003
   4.3099999999999525        2.9134347666336571E-003
   4.3199999999999523        2.7995117379279928E-003
   4.3299999999999521        2.6900315822559790E-003
   4.3399999999999519        2.5848219288844595E-003
   4.3499999999999517        2.4837170505625067E-003
   4.3599999999999515        2.3865575595053432E-003
   4.3699999999999513        2.2931902147706397E-003
   4.3799999999999510        2.2034676724583318E-003
   4.3899999999999508        2.1172482560794814E-003
   4.3999999999999506        2.0343957523677567E-003
   4.4099999999999504        1.9547792001520124E-003
   4.4199999999999502        1.8782726924590337E-003
   4.4299999999999500        1.8047551885157630E-003
   4.4399999999999498        1.7341103164996725E-003
   4.4499999999999496        1.6662262101509375E-003
   4.4599999999999493        1.6009953341898622E-003
   4.4699999999999491        1.5383143062185980E-003
   4.4799999999999489        1.4780837410123600E-003
   4.4899999999999487        1.4202081250642223E-003
   4.4999999999999485        1.3645956378392065E-003
   4.5099999999999483        1.3111580108684734E-003
   4.5199999999999481        1.2598104106207886E-003
   4.5299999999999478        1.2104712827937425E-003
   4.5399999999999476        1.1630622685844258E-003
   4.5499999999999474        1.1175080140086223E-003
   4.5599999999999472        1.0737361234564758E-003
   4.5699999999999470        1.0316770032435594E-003
   4.5799999999999468        9.9126376677932389E-004
   4.5899999999999466        9.5243212854079424E-004
   4.5999999999999464        9.1512030628042394E-004
   4.6099999999999461        8.7926892480676318E-004
   4.6199999999999459        8.4482091005067591E-004
   4.6299999999999457        8.1172142550507036E-004
   4.6399999999999455        7.7991775925970294E-004
   4.6499999999999453        7.4935925794290717E-004
   4.6599999999999451        7.1999724493516156E-004
   4.6699999999999449        6.9178493451184061E-004
   4.6799999999999446        6.6467737031835423E-004
   4.6899999999999444        6.3863135006001609E-004
   4.6999999999999442        6.1360535250487981E-004
   4.7099999999999440        5.8955947771672948E-004
   4.7199999999999438        5.6645538164443946E-004
   4.7299999999999436        5.4425622209111808E-004
   4.7399999999999434        5.2292659330346728E-004
   4.7499999999999432        5.0243246935040558E-004
   4.7599999999999429        4.8274115268273453E-004
   4.7699999999999427        4.6382122260028483E-004
   4.7799999999999425        4.4564249519136757E-004
   4.7899999999999423        4.2817595089072053E-004
   4.7999999999999421        4.1139371893638533E-004
   4.8099999999999419        3.9526900159698373E-004
   4.8199999999999417        3.7977606482734062E-004
   4.8299999999999415        3.6489017119250802E-004
   4.8399999999999412        3.5058755026181671E-004
   4.8499999999999410        3.3684536733759362E-004
   4.8599999999999408        3.2364166581608190E-004
   4.8699999999999406        3.1095537135077703E-004
   4.8799999999999404        2.9876621654229679E-004
   4.8899999999999402        2.8705472770822297E-004
   4.8999999999999400        2.7580220073575003E-004
   4.9099999999999397        2.6499065565505856E-004
   4.9199999999999395        2.5460282017100651E-004
   4.9299999999999393        2.4462210116740459E-004
   4.9399999999999391        2.3503254390631854E-004
   4.9499999999999389        2.2581883295325525E-004
   4.9599999999999387        2.1696623638845454E-004
   4.9699999999999385        2.0846060960015111E-004
   4.9799999999999383        2.0028835984995522E-004
   4.9899999999999380        1.9243642517861501E-004
   4.9999999999999378        1.8489225840030078E-004
   5.0099999999999376        1.7764379379591320E-004
   5.0199999999999374        1.7067944961108542E-004
   5.0299999999999372        1.6398808771807868E-004
   5.0399999999999370        1.5755901703897013E-004
   5.0499999999999368        1.5138196023896115E-004
   5.0599999999999365        1.4544703457502982E-004
   5.0699999999999363        1.3974475929741782E-004
   5.0799999999999361        1.3426601087063408E-004
   5.0899999999999359        1.2900203268790641E-004
   5.0999999999999357        1.2394440602034499E-004
   5.1099999999999355        1.1908504724138474E-004
   5.1199999999999353        1.1441617831335579E-004
   5.1299999999999351        1.0993033918497432E-004
   5.1399999999999348        1.0562035679761559E-004
   5.1499999999999346        1.0147933509330652E-004
   5.1599999999999344        9.7500655384800031E-005
   5.1699999999999342        9.3677950820444817E-005
   5.1799999999999340        9.0005110732558962E-005
   5.1899999999999338        8.6476259635710545E-005
   5.1999999999999336        8.3085755098790144E-005
   5.2099999999999334        7.9828170258997692E-005
   5.2199999999999331        7.6698300575699465E-005
   5.2299999999999329        7.3691133761886966E-005
   5.2399999999999327        7.0801863569446626E-005
   5.2499999999999325        6.8025869064996020E-005
   5.2599999999999323        6.5358710281510345E-005
   5.2699999999999321        6.2796115358238708E-005
   5.2799999999999319        6.0333987294560966E-005
   5.2899999999999316        5.7968394328054670E-005
   5.2999999999999314        5.5695544399364836E-005
   5.3099999999999312        5.3511806894072042E-005
   5.3199999999999310        5.1413684794597571E-005
   5.3299999999999308        4.9397824949766574E-005
   5.3399999999999306        4.7460998830941876E-005
   5.3499999999999304        4.5600108638250770E-005
   5.3599999999999302        4.3812179529023619E-005
   5.3699999999999299        4.2094349070674879E-005
   5.3799999999999297        4.0443871219002342E-005
   5.3899999999999295        3.8858107251365585E-005
   5.3999999999999293        3.7334514201862444E-005
   5.4099999999999291        3.5870657813931365E-005
   5.4199999999999289        3.4464197459821545E-005
   5.4299999999999287        3.3112879756810415E-005
   5.4399999999999284        3.1814546986395106E-005
   5.4499999999999282        3.0567117295314683E-005
   5.4599999999999280        2.9368597370596658E-005
   5.4699999999999278        2.8217072540068114E-005
   5.4799999999999276        2.7110692339456008E-005
   5.4899999999999274        2.6047694012108470E-005
   5.4999999999999272        2.5026376603790204E-005
   5.5099999999999270        2.4045100592608192E-005
   5.5199999999999267        2.3102300101465224E-005
   5.5299999999999265        2.2196462451452026E-005
   5.5399999999999263        2.1326147960825052E-005
   5.5499999999999261        2.0489952752534198E-005
   5.5599999999999259        1.9686547519511067E-005
   5.5699999999999257        1.8914640794789639E-005
   5.5799999999999255        1.8173001341004497E-005
   5.5899999999999253        1.7460440016747643E-005
   5.5999999999999250        1.6775816437906811E-005
   5.6099999999999248        1.6118039902851335E-005
   5.6199999999999246        1.5486050241084503E-005
   5.6299999999999244        1.4878839925186013E-005
   5.6399999999999242        1.4295443708730163E-005
   5.6499999999999240        1.3734917439529233E-005
   5.6599999999999238        1.3196371366325097E-005
   5.6699999999999235        1.2678938867506556E-005
   5.6799999999999233        1.2181797360310176E-005
   5.6899999999999231        1.1704148131768137E-005
   5.6999999999999229        1.1245226330715744E-005
   5.7099999999999227        1.0804302355570209E-005
   5.7199999999999225        1.0380665015947716E-005
   5.7299999999999223        9.9736341151913209E-006
   5.7399999999999221        9.5825664640791796E-006
   5.7499999999999218        9.2068322885846627E-006
   5.7599999999999216        8.8458281824786465E-006
   5.7699999999999214        8.4989825659261751E-006
   5.7799999999999212        8.1657363491016432E-006
   5.7899999999999210        7.8455555147167162E-006
   5.7999999999999208        7.5379284349812867E-006
   5.8099999999999206        7.2423645763432514E-006
   5.8199999999999203        6.9583887633360622E-006
   5.8299999999999201        6.6855485800657613E-006
   5.8399999999999199        6.4234064136124163E-006
   5.8499999999999197        6.1715431547736458E-006
   5.8599999999999195        5.9295549599140389E-006
   5.8699999999999193        5.6970549162997417E-006
   5.8799999999999191        5.4736715618010444E-006
   5.8899999999999189        5.2590449991117078E-006
   5.8999999999999186        5.0528375353865448E-006
   5.9099999999999184        4.8547149009681126E-006
   5.9199999999999182        4.6643570740614799E-006
   5.9299999999999180        4.4814682727416962E-006
   5.9399999999999178        4.3057436482622152E-006
   5.9499999999999176        4.1369178573134488E-006
   5.9599999999999174        3.9747053875336845E-006
   5.9699999999999172        3.8188560686617211E-006
   5.9799999999999169        3.6691167698415483E-006
   5.9899999999999167        3.5252498108213079E-006
   5.9999999999999165        3.3870222297971126E-006
   6.0099999999999163        3.2542187360153346E-006
   6.0199999999999161        3.1266183025699015E-006
   6.0299999999999159        3.0040210893113343E-006
   6.0399999999999157        2.8862295690548437E-006
   6.0499999999999154        2.7730612026268546E-006
   6.0599999999999152        2.6643290099615782E-006
   6.0699999999999150        2.5598583159653947E-006
   6.0799999999999148        2.4594854552566228E-006
   6.0899999999999146        2.3630496305298000E-006
   6.0999999999999144        2.2703887492192372E-006
   6.1099999999999142        2.1813689369284980E-006
   6.1199999999999140        2.0958364277647895E-006
   6.1299999999999137        2.0136567922201492E-006
   6.1399999999999135        1.9347018920505818E-006
   6.1499999999999133        1.8588407209358719E-006
   6.1599999999999131        1.7859530972305680E-006
   6.1699999999999129        1.7159252230717713E-006
   6.1799999999999127        1.6486432080779946E-006
   6.1899999999999125        1.5840001932804191E-006
   6.1999999999999122        1.5218899673403382E-006
   6.2099999999999120        1.4622139979618282E-006
   6.2199999999999118        1.4048818944846831E-006
   6.2299999999999116        1.3497964198732080E-006
   6.2399999999999114        1.2968695889504771E-006
   6.2499999999999112        1.2460170247644878E-006
   6.2599999999999110        1.1971645274078869E-006
   6.2699999999999108        1.1502209660717672E-006
   6.2799999999999105        1.1051209301146094E-006
   6.2899999999999103        1.0617871665156641E-006
   6.2999999999999101        1.0201529693731838E-006
   6.3099999999999099        9.8015561108469289E-007
   6.3199999999999097        9.4172052166848637E-007
   6.3299999999999095        9.0479413286227297E-007
   6.3399999999999093        8.6932185869929661E-007
   6.3499999999999091        8.3523171971830865E-007
   6.3599999999999088        8.0248171248048345E-007
   6.3699999999999086        7.7101725101906418E-007
   6.3799999999999084        7.4078328677435625E-007
   6.3899999999999082        7.1173735371459477E-007
   6.3999999999999080        6.8382856661653230E-007
   6.4099999999999078        6.5701825271050082E-007
   6.4199999999999076        6.3125275121562115E-007
   6.4299999999999073        6.0650439907416431E-007
   6.4399999999999071        5.8272092328406693E-007
   6.4499999999999069        5.5987373560172262E-007
   6.4599999999999067        5.3792009243960375E-007
   6.4699999999999065        5.1682687214330552E-007
   6.4799999999999063        4.9655984283537042E-007
   6.4899999999999061        4.7709467212722763E-007
   6.4999999999999059        4.5838593339230498E-007
   6.5099999999999056        4.4041086705802301E-007
   6.5199999999999054        4.2314181006665262E-007
   6.5299999999999052        4.0654869387718369E-007
   6.5399999999999050        3.9060977662150181E-007
   6.5499999999999048        3.7529323190543003E-007
   6.5599999999999046        3.6057833556531859E-007
   6.5699999999999044        3.4643881232225443E-007
   6.5799999999999041        3.3285773127468406E-007
   6.5899999999999039        3.1980594906747499E-007
   6.5999999999999037        3.0726385176002996E-007
   6.6099999999999035        2.9521534111808524E-007
   6.6199999999999033        2.8364052564528046E-007
   6.6299999999999031        2.7251831110361486E-007
   6.6399999999999029        2.6183435711199145E-007
   6.6499999999999027        2.5156914224840070E-007
   6.6599999999999024        2.4170258997930685E-007
   6.6699999999999022        2.3222526340876222E-007
   6.6799999999999020        2.2311819622628355E-007
   6.6899999999999018        2.1437241412886185E-007
   6.6999999999999016        2.0596617524838225E-007
   6.7099999999999014        1.9789059780042340E-007
   6.7199999999999012        1.9013365436858129E-007
   6.7299999999999010        1.8267434323344301E-007
   6.7399999999999007        1.7551284943218390E-007
   6.7499999999999005        1.6863029917290851E-007
   6.7599999999999003        1.6201781067119559E-007
   6.7699999999999001        1.5566511436380783E-007
   6.7799999999998999        1.4956184816892037E-007
   6.7899999999998997        1.4369765000470815E-007
   6.7999999999998995        1.3806363808674991E-007
   6.8099999999998992        1.3264917277745750E-007
   6.8199999999998990        1.2744851792439216E-007
   6.8299999999998988        1.2245094137137798E-007
   6.8399999999998986        1.1765033689162533E-007
   6.8499999999998984        1.1303652744048473E-007
   6.8599999999998982        1.0860414693986819E-007
   6.8699999999998980        1.0434274078936313E-007
   6.8799999999998978        1.0025647232541702E-007
   6.8899999999998975        9.6324432347204577E-008
   6.8999999999998973        9.2548841300831119E-008
   6.9099999999998971        8.8919522141647180E-008
   6.9199999999998969        8.5430091087099872E-008
   6.9299999999998967        8.2080733174364647E-008
   6.9399999999998965        7.8860438691502524E-008
   6.9499999999998963        7.5770780454504757E-008
   6.9599999999998960        7.2799823565555160E-008
   6.9699999999998958        6.9944792467022027E-008
   6.9799999999998956        6.7203559231387748E-008
   6.9899999999998954        6.4566501925529186E-008
   6.9999999999998952        6.2033713068034020E-008
   7.0099999999998950        5.9606302881954959E-008
   7.0199999999998948        5.7264379870931639E-008
   7.0299999999998946        5.5023117083350540E-008
   7.0399999999998943        5.2861050206860033E-008
   7.0499999999998941        5.0790484213627217E-008
   7.0599999999998939        4.8798744057134096E-008
   7.0699999999998937        4.6883331735512159E-008
   7.0799999999998935        4.5045079916050905E-008
   7.0899999999998933        4.3282045708408172E-008
   7.0999999999998931        4.1581369028890496E-008
   7.1099999999998929        3.9951376550392922E-008
   7.1199999999998926        3.8387072269178430E-008
   7.1299999999998924        3.6880036993764248E-008
   7.1399999999998922        3.5435729320826021E-008
   7.1499999999998920        3.4047857986398612E-008
   7.1599999999998918        3.2710039207929154E-008
   7.1699999999998916        3.1426713877628332E-008
   7.1799999999998914        3.0195476512215361E-008
   7.1899999999998911        2.9012348812418169E-008
   7.1999999999998909        2.7873907590491012E-008
   7.2099999999998907        2.6779690253495278E-008
   7.2199999999998905        2.5731177098834535E-008
   7.2299999999998903        2.4724204790061259E-008
   7.2399999999998901        2.3752574581798031E-008
   7.2499999999998899        2.2821745070720494E-008
   7.2599999999998897        2.1928293069082899E-008
   7.2699999999998894        2.1068702870551799E-008
   7.2799999999998892        2.0242696919364016E-008
   7.2899999999998890        1.9445834323308867E-008
   7.2999999999998888        1.8684221309176047E-008
   7.3099999999998886        1.7953694540518036E-008
   7.3199999999998884        1.7245464751501179E-008
   7.3299999999998882        1.6571929432880322E-008
   7.3399999999998879        1.5923929244470909E-008
   7.3499999999998877        1.5298226035702655E-008
   7.3599999999998875        1.4697780401382687E-008
   7.3699999999998873        1.4122037229984658E-008
   7.3799999999998871        1.3567665852350562E-008
   7.3899999999998869        1.3033278489664561E-008
   7.3999999999998867        1.2525166405891792E-008
   7.4099999999998865        1.2032967519207315E-008
   7.4199999999998862        1.1561862870523603E-008
   7.4299999999998860        1.1108151716331748E-008
   7.4399999999998858        1.0672944279684422E-008
   7.4499999999998856        1.0254020114476283E-008
   7.4599999999998854        9.8539697411635616E-009
   7.4699999999998852        9.4642814496757758E-009
   7.4799999999998850        9.0934669500834144E-009
   7.4899999999998847        8.7389357219302346E-009
   7.4999999999998845        8.3955067243037735E-009
   7.5099999999998843        8.0661405520111542E-009
   7.5199999999998841        7.7478766102452519E-009
   7.5299999999998839        7.4466360886203186E-009
   7.5399999999998837        7.1542773514167567E-009
   7.5499999999998835        6.8745011421434751E-009
   7.5599999999998833        6.6039767916424591E-009
   7.5699999999998830        6.3415940768610355E-009
   7.5799999999998828        6.0973450052732498E-009
   7.5899999999998826        5.8586470489488236E-009
   7.5999999999998824        5.6258702822386466E-009
   7.6099999999998822        5.4067862665114231E-009
   7.6199999999998820        5.1943635891002272E-009
   7.6299999999998818        4.9919329191630784E-009
   7.6399999999998816        4.7961635875419598E-009
   7.6499999999998813        4.6103862633948867E-009
   7.6599999999998811        4.4275695340549382E-009
   7.6699999999998809        4.2536345891363646E-009
   7.6799999999998807        4.0845106107793679E-009
   7.6899999999998805        3.9272290116508699E-009
   7.6999999999998803        3.7725379329786066E-009
   7.7099999999998801        3.6226578208679199E-009
   7.7199999999998798        3.4835098649330606E-009
   7.7299999999998796        3.3447319833490914E-009
   7.7399999999998794        3.2152059605373877E-009
   7.7499999999998792        3.0886405325328083E-009
   7.7599999999998790        2.9683663684933686E-009
   7.7699999999998788        2.8510527992610536E-009
   7.7799999999998786        2.7381801222394263E-009
   7.7899999999998784        2.6301184117793753E-009
   7.7999999999998781        2.5294581883371367E-009
   7.8099999999998779        2.4276877418422261E-009
   7.8199999999998777        2.3355392284704711E-009
   7.8299999999998775        2.2441308638004969E-009
   7.8399999999998773        2.1553130195867570E-009
   7.8499999999998771        2.0683455471274702E-009
   7.8599999999998769        1.9876693386333227E-009
   7.8699999999998766        1.9088435018936287E-009
   7.8799999999998764        1.8377892265226365E-009
   7.8899999999998762        1.7663648768007540E-009
   7.8999999999998760        1.6975310475351053E-009
   7.9099999999998758        1.6279570695676761E-009
   7.9199999999998756        1.5639342068636051E-009
   7.9299999999998754        1.5013916415630965E-009
   7.9399999999998752        1.4418096710697126E-009
   7.9499999999998749        1.3881488901905779E-009
   7.9599999999998747        1.3307873658025375E-009
   7.9699999999998745        1.2786068823269653E-009
   7.9799999999998743        1.2316074397638613E-009
   7.9899999999998741        1.1805371793409606E-009
   7.9999999999998739        1.1353881085323095E-009
   8.0099999999998737        1.0935697068816738E-009
   8.0199999999998735        1.0480505617221319E-009
   8.0299999999998732        1.0106730522821830E-009
   8.0399999999998730        9.6811450192976591E-010
   8.0499999999998728        9.2999684378803585E-010
   8.0599999999998726        8.9261933434808686E-010
   8.0699999999998724        8.5746227101348147E-010
   8.0799999999998722        8.2526580248600074E-010
   8.0899999999998720        7.9121896220406710E-010
   8.0999999999998717        7.6124293978192987E-010
   8.1099999999998715        7.3089684300890206E-010
   8.1199999999998713        7.0240111799032706E-010
   8.1299999999998711        6.7501561602442392E-010
   8.1399999999998709        6.4837026276030194E-010
   8.1499999999998707        6.2394535560152346E-010
   8.1599999999998705        5.9804015103918254E-010
   8.1699999999998703        5.7546561563485697E-010
   8.1799999999998700        5.5363122893231257E-010
   8.1899999999998698        5.3253699093154934E-010
   8.1999999999998696        5.1070260422900494E-010
   8.2099999999998694        4.9071858928091345E-010
   8.2199999999998692        4.7110464868371255E-010
   8.2299999999998690        4.5297100549007393E-010
   8.2399999999998688        4.3409721359465414E-010
   8.2499999999998685        4.2003438826081203E-010
   8.2599999999998683        4.0264089376895463E-010
   8.2699999999998681        3.8746784538244072E-010
   8.2799999999998679        3.7081449959236443E-010
   8.2899999999998677        3.5601152555674111E-010
   8.2999999999998675        3.4268884892468012E-010
   8.3099999999998673        3.2899609794172855E-010
   8.3199999999998671        3.1382304955521469E-010
   8.3299999999998668        3.0457119078295007E-010
   8.3399999999998666        2.9235873720356083E-010
   8.3499999999998664        2.7977620927328095E-010
   8.3599999999998662        2.6904405309745404E-010
   8.3699999999998660        2.5794182257073655E-010
   8.3799999999998658        2.4868996379847197E-010
   8.3899999999998656        2.3795780762264506E-010
   8.3999999999998654        2.2907602320127104E-010
   8.4099999999998651        2.1871394137633472E-010
   8.4199999999998649        2.1242267741119481E-010
   8.4299999999998647        2.0058029818269615E-010
   8.4399999999998645        1.9613940597200915E-010
   8.4499999999998643        1.8836784460330688E-010
   8.4599999999998641        1.8022620888371405E-010
   8.4699999999998639        1.7134442446234006E-010
   8.4799999999998636        1.6801375530432481E-010
   8.4899999999998634        1.5802174783027907E-010
   8.4999999999998632        1.5210055821602974E-010
   8.5099999999998630        1.4691951730356158E-010
   8.5199999999998628        1.4173847639109339E-010
   8.5299999999998626        1.3692750982951581E-010
   8.5399999999998624        1.3285669196971940E-010
   8.5499999999998622        1.2841579975903240E-010
   8.5599999999998619        1.2027416403943957E-010
   8.5699999999998617        1.1250260267073734E-010
   8.5799999999998615        1.1176245396895615E-010
   8.5899999999998613        1.0658141305648799E-010
   8.5999999999998611        1.0103029779312924E-010
   8.6099999999998609        9.9179926038676325E-011
   8.6199999999998607        9.5479182529770482E-011
   8.6299999999998604        8.9928067266411736E-011
   8.6399999999998602        8.7337546810177654E-011
   8.6499999999998600        8.6227323757505905E-011
   8.6599999999998598        8.3266728950381241E-011
   8.6699999999998596        7.7345539336131912E-011
   8.6799999999998594        7.4755018879897830E-011
   8.6899999999998592        7.2904647125444915E-011
   8.6999999999998590        6.7353531862086156E-011
   8.7099999999998587        6.5133085756742658E-011
   8.7199999999998585        6.3652788353180325E-011
   8.7299999999998583        6.0692193546055661E-011
   8.7399999999998581        5.9581970493383912E-011
   8.7499999999998579        5.6991450037149837E-011
   8.7599999999998577        5.4030855230025159E-011
   8.7699999999998575        5.2550557826462827E-011
   8.7799999999998573        4.7739591264885247E-011
   8.7899999999998570        4.7369516913994664E-011
   8.7999999999998568        4.6259293861322909E-011
   8.8099999999998566        4.1448327299745329E-011
   8.8199999999998564        4.3668773405088827E-011
   8.8299999999998562        4.1448327299745329E-011
   8.8399999999998560        3.9597955545292413E-011
   8.8499999999998558        3.5897212036386583E-011
   8.8599999999998555        3.7007435089058332E-011
   8.8699999999998553        3.2566542878371329E-011
   8.8799999999998551        3.2196468527480746E-011
   8.8899999999998549        3.4786988983714827E-011
   8.8999999999998547        3.2936617229261912E-011
   8.9099999999998545        2.7755576316793746E-011
   8.9199999999998543        2.9235873720356081E-011
   8.9299999999998541        2.8125650667684329E-011
   8.9399999999998538        2.4794981509669081E-011
   8.9499999999998536        2.6275278913231414E-011
   8.9599999999998534        2.4424907158778498E-011
   8.9699999999998532        1.9984014948091498E-011
   8.9799999999998530        2.4054832807887915E-011
   8.9899999999998528        2.2204461053434997E-011
   8.9999999999998526        2.1464312351653830E-011
   9.0099999999998523        1.8873791895419749E-011
   9.0199999999998521        1.8503717544529166E-011
   9.0299999999998519        1.9243866246310332E-011
   9.0399999999998517        1.6653345790076247E-011
   9.0499999999998515        1.4802974035623332E-011
   9.0599999999998513        1.7023420140966831E-011
   9.0699999999998511        1.7393494491857414E-011
   9.0799999999998509        1.6653345790076247E-011
   9.0899999999998506        1.2212453579389249E-011
   9.0999999999998504        1.6653345790076247E-011
   9.1099999999998502        1.4802974035623332E-011
   9.1199999999998500        1.1842379228498666E-011
   9.1299999999998498        1.4802974035623332E-011
   9.1399999999998496        1.1102230526717498E-011
   9.1499999999998494        1.1102230526717498E-011
   9.1599999999998492        9.6219331231551661E-012
   9.1699999999998489        1.2582527930279832E-011
   9.1799999999998487        1.0362081824936332E-011
   9.1899999999998485        1.0732156175826915E-011
   9.1999999999998483        8.8817844213739999E-012
   9.2099999999998481        8.8817844213739999E-012
   9.2199999999998479        8.8817844213739999E-012
   9.2299999999998477        7.4014870178116661E-012
   9.2399999999998474        7.0314126669210838E-012
   9.2499999999998472        7.0314126669210822E-012
   9.2599999999998470        7.0314126669210822E-012
   9.2699999999998468        6.6613383160304991E-012
   9.2799999999998466        8.1416357195928322E-012
   9.2899999999998464        6.6613383160304991E-012
   9.2999999999998462        6.6613383160304991E-012
   9.3099999999998460        5.1810409124681661E-012
   9.3199999999998457        4.8109665615775830E-012
   9.3299999999998455        5.1810409124681661E-012
   9.3399999999998453        5.9211896142493330E-012
   9.3499999999998451        4.4408922106870000E-012
   9.3599999999998449        5.9211896142493330E-012
   9.3699999999998447        4.4408922106870000E-012
   9.3799999999998445        4.4408922106870000E-012
   9.3899999999998442        4.4408922106870000E-012
   9.3999999999998440        2.9605948071246665E-012
   9.4099999999998438        2.9605948071246665E-012
   9.4199999999998436        2.5905204562340830E-012
   9.4299999999998434        2.5905204562340830E-012
   9.4399999999998432        5.5511152633587492E-012
   9.4499999999998430        4.0708178597964161E-012
   9.4599999999998428        2.5905204562340830E-012
   9.4699999999998425        2.2204461053435000E-012
   9.4799999999998423        4.0708178597964161E-012
   9.4899999999998421        2.2204461053435000E-012
   9.4999999999998419        1.1102230526717500E-012
   9.5099999999998417        1.1102230526717500E-012
   9.5199999999998415        3.7007435089058330E-012
   9.5299999999998413        2.2204461053435000E-012
   9.5399999999998411        4.0708178597964161E-012
   9.5499999999998408        4.0708178597964161E-012
   9.5599999999998406        2.2204461053435000E-012
   9.5699999999998404        3.7007435089058331E-013
   9.5799999999998402        2.2204461053435000E-012
   9.5899999999998400        7.4014870178116663E-013
   9.5999999999998398        3.7007435089058331E-013
   9.6099999999998396        3.7007435089058331E-013
   9.6199999999998393        2.2204461053435000E-012
   9.6299999999998391        3.7007435089058331E-013
   9.6399999999998389        7.4014870178116663E-013
   9.6499999999998387        2.2204461053435000E-012
   9.6599999999998385        3.3306691580152496E-012
   9.6699999999998383        3.7007435089058331E-013
   9.6799999999998381        1.4802974035623333E-012
   9.6899999999998379        1.8503717544529165E-012
   9.6999999999998376        3.7007435089058331E-013
   9.7099999999998374        1.8503717544529165E-012
   9.7199999999998372        1.4802974035623333E-012
   9.7299999999998370        7.4014870178116663E-013
   9.7399999999998368        1.8503717544529165E-012
   9.7499999999998366        1.4802974035623333E-012
   9.7599999999998364        7.4014870178116663E-013
   9.7699999999998361        1.4802974035623333E-012
   9.7799999999998359        0.0000000000000000     
   9.7899999999998357        1.8503717544529165E-012
   9.7999999999998355        0.0000000000000000     
   9.8099999999998353        7.4014870178116663E-013
   9.8199999999998351        1.4802974035623333E-012
   9.8299999999998349        0.0000000000000000     
   9.8399999999998347        3.7007435089058331E-013
   9.8499999999998344        0.0000000000000000     
   9.8599999999998342        1.4802974035623333E-012
   9.8699999999998340       -1.1102230526717500E-012
   9.8799999999998338       -1.1102230526717500E-012
   9.8899999999998336        1.8503717544529165E-012
   9.8999999999998334        1.8503717544529165E-012
   9.9099999999998332        0.0000000000000000     
   9.9199999999998330        1.8503717544529165E-012
   9.9299999999998327        1.4802974035623333E-012
   9.9399999999998325        0.0000000000000000     
   9.9499999999998323        0.0000000000000000     
   9.9599999999998321        1.8503717544529165E-012
   9.9699999999998319       -1.1102230526717500E-012
   9.9799999999998317        1.8503717544529165E-012
   9.9899999999998315        1.8503717544529165E-012
   9.9999999999998312        1.4802974035623333E-012
