   0.0000000000000000        2.5779918323544216E-017
   1.0000000000000000E-002   1.0331647979510161E-003
   2.0000000000000000E-002   1.9894976476474138E-003
   2.9999999999999999E-002   2.8136694375652843E-003
   4.0000000000000001E-002   3.4817567867393437E-003
   5.0000000000000003E-002   3.9975762485805486E-003
   6.0000000000000005E-002   4.3819004543252001E-003
   7.0000000000000007E-002   4.6618079374073666E-003
   8.0000000000000002E-002   4.8636644876290406E-003
   8.9999999999999997E-002   5.0098464857262891E-003
   9.9999999999999992E-002   5.1179547735542190E-003
  0.10999999999999999        5.2012719188226407E-003
  0.11999999999999998        5.2696546022172322E-003
  0.12999999999999998        5.3304537052038864E-003
  0.13999999999999999        5.3893040552980206E-003
  0.14999999999999999        5.4507510604157594E-003
  0.16000000000000000        5.5187330887765864E-003
  0.17000000000000001        5.5969536013981674E-003
  0.18000000000000002        5.6891768060255456E-003
  0.19000000000000003        5.7994752498620270E-003
  0.20000000000000004        5.9324516795877073E-003
  0.21000000000000005        6.0934521970686210E-003
  0.22000000000000006        6.2887835061923962E-003
  0.23000000000000007        6.5259436670758375E-003
  0.24000000000000007        6.8138728672388297E-003
  0.25000000000000006        7.1632278594494043E-003
  0.26000000000000006        7.5866804734639089E-003
  0.27000000000000007        8.0992365701437162E-003
  0.28000000000000008        8.7185666035265973E-003
  0.29000000000000009        9.4653323297852338E-003
  0.30000000000000010        1.0363486108621459E-002
  0.31000000000000011        1.1440510011115269E-002
  0.32000000000000012        1.2727552457071949E-002
  0.33000000000000013        1.4259411921615596E-002
  0.34000000000000014        1.6074312617898143E-002
  0.35000000000000014        1.8213418594920379E-002
  0.36000000000000015        2.0720042678810894E-002
  0.37000000000000016        2.3638526070492050E-002
  0.38000000000000017        2.7012791707451217E-002
  0.39000000000000018        3.0884605191659684E-002
  0.40000000000000019        3.5291603947501603E-002
  0.41000000000000020        4.0265169631140123E-002
  0.42000000000000021        4.5828212688092701E-002
  0.43000000000000022        5.1992907933864012E-002
  0.44000000000000022        5.8758376262232362E-002
  0.45000000000000023        6.6108291397399419E-002
  0.46000000000000024        7.4008489018051682E-002
  0.47000000000000025        8.2404959045381129E-002
  0.48000000000000026        9.1223037702238913E-002
  0.49000000000000027       0.10036877750325594     
  0.50000000000000022       0.10973288879176273     
  0.51000000000000023       0.11919653332820575     
  0.52000000000000024       0.12863758397287875     
  0.53000000000000025       0.13793627439716888     
  0.54000000000000026       0.14697988988727057     
  0.55000000000000027       0.15566658355877083     
  0.56000000000000028       0.16390845201556439     
  0.57000000000000028       0.17163390677045820     
  0.58000000000000029       0.17878928479080819     
  0.59000000000000030       0.18533959582390347     
  0.60000000000000031       0.19126831916136952     
  0.61000000000000032       0.19657623769518048     
  0.62000000000000033       0.20127940910541564     
  0.63000000000000034       0.20540648432865613     
  0.64000000000000035       0.20899565690786090     
  0.65000000000000036       0.21209154521702636     
  0.66000000000000036       0.21474227475758320     
  0.67000000000000037       0.21699695628849194     
  0.68000000000000038       0.21890366973614225     
  0.69000000000000039       0.22050798350103962     
  0.70000000000000040       0.22185197670919865     
  0.71000000000000041       0.22297369290244118     
  0.72000000000000042       0.22390693609633708     
  0.73000000000000043       0.22468131902972713     
  0.74000000000000044       0.22532248279280154     
  0.75000000000000044       0.22585242155688437     
  0.76000000000000045       0.22628986198169418     
  0.77000000000000046       0.22665066170098497     
  0.78000000000000047       0.22694820397959894     
  0.79000000000000048       0.22719377595241191     
  0.80000000000000049       0.22739692608358281     
  0.81000000000000050       0.22756580319197781     
  0.82000000000000051       0.22770748527935369     
  0.83000000000000052       0.22782831223022459     
  0.84000000000000052       0.22793424298625897     
  0.85000000000000053       0.22803126570615367     
  0.86000000000000054       0.22812589905157143     
  0.87000000000000055       0.22822583351229722     
  0.88000000000000056       0.22834077072277698     
  0.89000000000000057       0.22848351801936373     
  0.90000000000000058       0.22867136671206095     
  0.91000000000000059       0.22892768929561236     
  0.92000000000000060       0.22928347220868492     
  0.93000000000000060       0.22977808284912044     
  0.94000000000000061       0.23045793685241678     
  0.95000000000000062       0.23137111740203434     
  0.96000000000000063       0.23255615669931526     
  0.97000000000000064       0.23402533626386468     
  0.98000000000000065       0.23574747511807598     
  0.99000000000000066       0.23763984530795546     
   1.0000000000000007       0.23957831951320768     
   1.0100000000000007       0.24142607493916410     
   1.0200000000000007       0.24306892994386653     
   1.0300000000000007       0.24444008817483379     
   1.0400000000000007       0.24552441679096423     
   1.0500000000000007       0.24634575122110031     
   1.0600000000000007       0.24694822063538691     
   1.0700000000000007       0.24738067349236387     
   1.0800000000000007       0.24768748425917053     
   1.0900000000000007       0.24790487724497379     
   1.1000000000000008       0.24806060655466597     
   1.1100000000000008       0.24817516062486661     
   1.1200000000000008       0.24826338928937963     
   1.1300000000000008       0.24833603384924524     
   1.1400000000000008       0.24840098152316856     
   1.1500000000000008       0.24846422819259820     
   1.1600000000000008       0.24853059513236608     
   1.1700000000000008       0.24860425927509441     
   1.1800000000000008       0.24868915129296434     
   1.1900000000000008       0.24878926496607182     
   1.2000000000000008       0.24890891046849831     
   1.2100000000000009       0.24905293508535425     
   1.2200000000000009       0.24922692762355114     
   1.2300000000000009       0.24943741695735744     
   1.2400000000000009       0.24969207016112202     
   1.2500000000000009       0.24999989093595218     
   1.2600000000000009       0.25037141401363966     
   1.2700000000000009       0.25081888550750914     
   1.2800000000000009       0.25135641253193453     
   1.2900000000000009       0.25200005784935081     
   1.3000000000000009       0.25276784724319379     
   1.3100000000000009       0.25367964972414370     
   1.3200000000000010       0.25475688518809309     
   1.3300000000000010       0.25602201305169753     
   1.3400000000000010       0.25749776142363928     
   1.3500000000000010       0.25920607215676744     
   1.3600000000000010       0.26116676436959663     
   1.3700000000000010       0.26339595752869904     
   1.3800000000000010       0.26590434207233632     
   1.3900000000000010       0.26869543510056371     
   1.4000000000000010       0.27176400295476261     
   1.4100000000000010       0.27509486281506257     
   1.4200000000000010       0.27866228335664789     
   1.4300000000000010       0.28243018216368410     
   1.4400000000000011       0.28635325724706695     
   1.4500000000000011       0.29037908540941021     
   1.4600000000000011       0.29445107286145961     
   1.4700000000000011       0.29851197270826124     
   1.4800000000000011       0.30250753222136106     
   1.4900000000000011       0.30638975606248231     
   1.5000000000000011       0.31011931273830329     
   1.5100000000000011       0.31366677328156412     
   1.5200000000000011       0.31701260904367051     
   1.5300000000000011       0.32014611803122534     
   1.5400000000000011       0.32306363031773416     
   1.5500000000000012       0.32576642523303051     
   1.5600000000000012       0.32825877179375001     
   1.5700000000000012       0.33054639952979487     
   1.5800000000000012       0.33263555440016901     
   1.5900000000000012       0.33453263497025276     
   1.6000000000000012       0.33624427616813279     
   1.6100000000000012       0.33777767845010798     
   1.6200000000000012       0.33914097632625606     
   1.6300000000000012       0.34034348903744654     
   1.6400000000000012       0.34139577182513003     
   1.6500000000000012       0.34230946096824177     
   1.6600000000000013       0.34309695972634868     
   1.6700000000000013       0.34377103785383489     
   1.6800000000000013       0.34434441751315931     
   1.6900000000000013       0.34482940226286352     
   1.7000000000000013       0.34523758329265758     
   1.7100000000000013       0.34557963579640938     
   1.7200000000000013       0.34586520238714780     
   1.7300000000000013       0.34610285081696712     
   1.7400000000000013       0.34630008913743748     
   1.7500000000000013       0.34646342121558932     
   1.7600000000000013       0.34659842757689241     
   1.7700000000000014       0.34670985959722578     
   1.7800000000000014       0.34680173826668825     
   1.7900000000000014       0.34687745163958911     
   1.8000000000000014       0.34693984748442730     
   1.8100000000000014       0.34699131954580126     
   1.8200000000000014       0.34703388731333290     
   1.8300000000000014       0.34706927039156177     
   1.8400000000000014       0.34709895962716630     
   1.8500000000000014       0.34712428822646546     
   1.8600000000000014       0.34714650732909097     
   1.8700000000000014       0.34716687200305724     
   1.8800000000000014       0.34718674540808658     
   1.8900000000000015       0.34720773070646477     
   1.9000000000000015       0.34723184137082869     
   1.9100000000000015       0.34726171878716366     
   1.9200000000000015       0.34730089703515948     
   1.9300000000000015       0.34735409014773350     
   1.9400000000000015       0.34742742443414715     
   1.9500000000000015       0.34752844607022970     
   1.9600000000000015       0.34766561264334289     
   1.9700000000000015       0.34784690447720590     
   1.9800000000000015       0.34807735360944636     
   1.9900000000000015       0.34835589574132886     
   2.0000000000000013       0.34867289141748148     
   2.0100000000000011       0.34901016255118877     
   2.0200000000000009       0.34934450317860649     
   2.0300000000000007       0.34965354489152567     
   2.0400000000000005       0.34992122317750535     
   2.0500000000000003       0.35014037680608390     
   2.0600000000000001       0.35031195474758253     
   2.0699999999999998       0.35044218277380895     
   2.0799999999999996       0.35053950859425503     
   2.0899999999999994       0.35061242004596438     
   2.0999999999999992       0.35066833180096929     
   2.1099999999999990       0.35071325861007890     
   2.1199999999999988       0.35075191735659428     
   2.1299999999999986       0.35078799969927432     
   2.1399999999999983       0.35082447472438483     
   2.1499999999999981       0.35086386242937240     
   2.1599999999999979       0.35090846280933491     
   2.1699999999999977       0.35096054480239353     
   2.1799999999999975       0.35102250595432066     
   2.1899999999999973       0.35109701452464814     
   2.1999999999999971       0.35118714454299682     
   2.2099999999999969       0.35129651267031825     
   2.2199999999999966       0.35142942423372892     
   2.2299999999999964       0.35159103462801444     
   2.2399999999999962       0.35178753136521218     
   2.2499999999999960       0.35202634129542992     
   2.2599999999999958       0.35231636679702943     
   2.2699999999999956       0.35266825393363321     
   2.2799999999999954       0.35309469461023074     
   2.2899999999999952       0.35361076355751109     
   2.2999999999999949       0.35423428945174201     
   2.3099999999999947       0.35498625749614843     
   2.3199999999999945       0.35589123805536638     
   2.3299999999999943       0.35697783188320847     
   2.3399999999999941       0.35827911618661834     
   2.3499999999999939       0.35983306595256753     
   2.3599999999999937       0.36168291024773019     
   2.3699999999999934       0.36387736256259523     
   2.3799999999999932       0.36647063762150067     
   2.3899999999999930       0.36952213564056285     
   2.3999999999999928       0.37309564126703143     
   2.4099999999999926       0.37725785169130915     
   2.4199999999999924       0.38207602062542206     
   2.4299999999999922       0.38761448769856499     
   2.4399999999999920       0.39392986814849318     
   2.4499999999999917       0.40106473369591705     
   2.4599999999999915       0.40903978509325739     
   2.4699999999999913       0.41784491509129440     
   2.4799999999999911       0.42743032327759095     
   2.4899999999999909       0.43769994258136735     
   2.4999999999999907       0.44851031680177655     
   2.5099999999999905       0.45967757454985214     
   2.5199999999999902       0.47099254198314267     
   2.5299999999999900       0.48224051147847902     
   2.5399999999999898       0.49322031082016005     
   2.5499999999999896       0.50375837493548203     
   2.5599999999999894       0.51371630622207975     
   2.5699999999999892       0.52299283931555351     
   2.5799999999999890       0.53152211774664615     
   2.5899999999999888       0.53926999823529020     
   2.5999999999999885       0.54622949136691235     
   2.6099999999999883       0.55241593587482396     
   2.6199999999999881       0.55786221288818305     
   2.6299999999999879       0.56261417935803082     
   2.6399999999999877       0.56672645530733534     
   2.6499999999999875       0.57025868085440046     
   2.6599999999999873       0.57327233613313744     
   2.6699999999999871       0.57582818088577470     
   2.6799999999999868       0.57798432466046845     
   2.6899999999999866       0.57979489298629683     
   2.6999999999999864       0.58130921876041208     
   2.7099999999999862       0.58257146638039692     
   2.7199999999999860       0.58362058928268146     
   2.7299999999999858       0.58449052665238777     
   2.7399999999999856       0.58521055794485488     
   2.7499999999999853       0.58580575046045757     
   2.7599999999999851       0.58629745248925635     
   2.7699999999999849       0.58670380065973693     
   2.7799999999999847       0.58704022434747660     
   2.7899999999999845       0.58731994241639662     
   2.7999999999999843       0.58755445884731505     
   2.8099999999999841       0.58775407503664745     
   2.8199999999999839       0.58792844913900888     
   2.8299999999999836       0.58808724853788696     
   2.8399999999999834       0.58824096248363500     
   2.8499999999999832       0.58840197058822818     
   2.8599999999999830       0.58858600164818231     
   2.8699999999999828       0.58881416748941440     
   2.8799999999999826       0.58911581545250968     
   2.8899999999999824       0.58953249720426804     
   2.8999999999999821       0.59012336203701987     
   2.9099999999999819       0.59097215837461148     
   2.9199999999999817       0.59219557938293832     
   2.9299999999999815       0.59395158241669510     
   2.9399999999999813       0.59644408500649737     
   2.9499999999999811       0.59991681279013409     
   2.9599999999999809       0.60462497985832886     
   2.9699999999999807       0.61077301010085339     
   2.9799999999999804       0.61841792318723454     
   2.9899999999999802       0.62736763452594901     
   2.9999999999999800       0.63713786312421672     
   3.0099999999999798       0.64702820469100653     
   3.0199999999999796       0.65630802592406456     
   3.0299999999999794       0.66441648439932588     
   3.0399999999999792       0.67107117305749631     
   3.0499999999999790       0.67625548446138140     
   3.0599999999999787       0.68013102188400876     
   3.0699999999999785       0.68293878576133804     
   3.0799999999999783       0.68492686506401113     
   3.0899999999999781       0.68631203580482347     
   3.0999999999999779       0.68726683146917666     
   3.1099999999999777       0.68792081979353603     
   3.1199999999999775       0.68836773121148354     
   3.1299999999999772       0.68867375377749007     
   3.1399999999999770       0.68888492528359591     
   3.1499999999999768       0.68903299960389608     
   3.1599999999999766       0.68913982079868985     
   3.1699999999999764       0.68922046828018735     
   3.1799999999999762       0.68928547066114221     
   3.1899999999999760       0.68934234656400850     
   3.1999999999999758       0.68939667350352329     
   3.2099999999999755       0.68945283294229653     
   3.2199999999999753       0.68951453723447687     
   3.2299999999999751       0.68958521262503902     
   3.2399999999999749       0.68966828990238804     
   3.2499999999999747       0.68976743851384426     
   3.2599999999999745       0.68988676901939505     
   3.2699999999999743       0.69003102115827752     
   3.2799999999999740       0.69020574938526558     
   3.2899999999999738       0.69041751363681370     
   3.2999999999999736       0.69067407965601846     
   3.3099999999999734       0.69098462992903453     
   3.3199999999999732       0.69135998275771038     
   3.3299999999999730       0.69181281289291163     
   3.3399999999999728       0.69235786223609896     
   3.3499999999999726       0.69301212320408700     
   3.3599999999999723       0.69379497028655857     
   3.3699999999999721       0.69472820687071435     
   3.3799999999999719       0.69583598407815428     
   3.3899999999999717       0.69714453526739117     
   3.3999999999999715       0.69868165279260663     
   3.4099999999999713       0.70047581184922825     
   3.4199999999999711       0.70255482175407780     
   3.4299999999999708       0.70494386682943455     
   3.4399999999999706       0.70766280969881656     
   3.4499999999999704       0.71072271096601947     
   3.4599999999999702       0.71412172755030567     
   3.4699999999999700       0.71784092649146103     
   3.4799999999999698       0.72184103787447595     
   3.4899999999999696       0.72606153491405856     
   3.4999999999999694       0.73042327868899248     
   3.5099999999999691       0.73483502353161378     
   3.5199999999999689       0.73920260034268881     
   3.5299999999999687       0.74343842307834096     
   3.5399999999999685       0.74746891035749530     
   3.5499999999999683       0.75123849049847324     
   3.5599999999999681       0.75471027221536979     
   3.5699999999999679       0.75786438425506009     
   3.5799999999999677       0.76069516439184492     
   3.5899999999999674       0.76320807740438512     
   3.5999999999999672       0.76541683605418032     
   3.6099999999999670       0.76734090187943393     
   3.6199999999999668       0.76900339140757967     
   3.6299999999999666       0.77042936183839783     
   3.6399999999999664       0.77164444332185722     
   3.6499999999999662       0.77267378819464272     
   3.6599999999999659       0.77354130753106376     
   3.6699999999999657       0.77426916102939403     
   3.6799999999999655       0.77487746089707465     
   3.6899999999999653       0.77538414715894266     
   3.6999999999999651       0.77580499209609011     
   3.7099999999999649       0.77615369511980115     
   3.7199999999999647       0.77644203520474497     
   3.7299999999999645       0.77668005476931445     
   3.7399999999999642       0.77687625555345807     
   3.7499999999999640       0.77703779293708908     
   3.7599999999999638       0.77717065995713264     
   3.7699999999999636       0.77727985596882165     
   3.7799999999999634       0.77736953756194738     
   3.7899999999999632       0.77744315116245444     
   3.7999999999999630       0.77750354791305343     
   3.8099999999999627       0.77755308210830976     
   3.8199999999999625       0.77759369480402485     
   3.8299999999999623       0.77762698433982935     
   3.8399999999999621       0.77765426549123451     
   3.8499999999999619       0.77767661886078032     
   3.8599999999999617       0.77769493196887340     
   3.8699999999999615       0.77770993333805183     
   3.8799999999999613       0.77772222069763919     
   3.8899999999999610       0.77773228427739050     
   3.8999999999999608       0.77774052601464527     
   3.9099999999999606       0.77774727537135435     
   3.9199999999999604       0.77775280234556554     
   3.9299999999999602       0.77775732816571064     
   3.9399999999999600       0.77776103407421748     
   3.9499999999999598       0.77776406853756397     
   3.9599999999999596       0.77776655316196608     
   3.9699999999999593       0.77776858754516021     
   3.9799999999999591       0.77777025325430571     
   3.9899999999999589       0.77777161708667353     
   3.9999999999999587       0.77777273374180833     
   4.0099999999999589       0.77777364801094684     
   4.0199999999999587       0.77777439657081004     
   4.0299999999999585       0.77777500945293676     
   4.0399999999999583       0.77777551124718947     
   4.0499999999999581       0.77777592208748525     
   4.0599999999999579       0.77777625845903087     
   4.0699999999999577       0.77777653385941292     
   4.0799999999999574       0.77777675933996082     
   4.0899999999999572       0.77777694394901475     
   4.0999999999999570       0.77777709509492754     
   4.1099999999999568       0.77777721884327644     
   4.1199999999999566       0.77777732016022039     
   4.1299999999999564       0.77777740311176757     
   4.1399999999999562       0.77777747102692085     
   4.1499999999999559       0.77777752663126709     
   4.1599999999999557       0.77777757215634258     
   4.1699999999999555       0.77777760942918850     
   4.1799999999999553       0.77777763994566929     
   4.1899999999999551       0.77777766493050093     
   4.1999999999999549       0.77777768538639924     
   4.2099999999999547       0.77777770213432440     
   4.2199999999999545       0.77777771584642097     
   4.2299999999999542       0.77777772707300430     
   4.2399999999999540       0.77777773626463143     
   4.2499999999999538       0.77777774379019193     
   4.2599999999999536       0.77777774995171534     
   4.2699999999999534       0.77777775499648061     
   4.2799999999999532       0.77777775912695568     
   4.2899999999999530       0.77777776250890818     
   4.2999999999999527       0.77777776527806664     
   4.3099999999999525       0.77777776754556893     
   4.3199999999999523       0.77777776940241561     
   4.3299999999999521       0.77777777092313094     
   4.3399999999999519       0.77777777216874666     
   4.3499999999999517       0.77777777318924968     
   4.3599999999999515       0.77777777402559778     
   4.3699999999999513       0.77777777471136289     
   4.3799999999999510       0.77777777527405745     
   4.3899999999999508       0.77777777573627049     
   4.3999999999999506       0.77777777611655152     
   4.4099999999999504       0.77777777643016044     
   4.4199999999999502       0.77777777668968529     
   4.4299999999999500       0.77777777690554240     
   4.4399999999999498       0.77777777708639384     
   4.4499999999999496       0.77777777723949537     
   4.4599999999999493       0.77777777737099485     
   4.4699999999999491       0.77777777748616961     
   4.4799999999999489       0.77777777758963873     
   4.4899999999999487       0.77777777768555889     
   4.4999999999999485       0.77777777777777801     
   4.5099999999999483       0.77777777786999569     
   4.5199999999999481       0.77777777796591663     
   4.5299999999999478       0.77777777806938531     
   4.5399999999999476       0.77777777818456217     
   4.5499999999999474       0.77777777831605932     
   4.5599999999999472       0.77777777846916230     
   4.5699999999999470       0.77777777865001319     
   4.5799999999999468       0.77777777886586896     
   4.5899999999999466       0.77777777912539448     
   4.5999999999999464       0.77777777943900395     
   4.6099999999999461       0.77777777981928553     
   4.6199999999999459       0.77777778028149813     
   4.6299999999999457       0.77777778084419458     
   4.6399999999999455       0.77777778152995580     
   4.6499999999999453       0.77777778236630568     
   4.6599999999999451       0.77777778338680925     
   4.6699999999999449       0.77777778463242475     
   4.6799999999999446       0.77777778615314019     
   4.6899999999999444       0.77777778800998798     
   4.6999999999999442       0.77777779027749083     
   4.7099999999999440       0.77777779304664985     
   4.7199999999999438       0.77777779642860190     
   4.7299999999999436       0.77777780055907775     
   4.7399999999999434       0.77777780560384580     
   4.7499999999999432       0.77777781176537031     
   4.7599999999999429       0.77777781929093437     
   4.7699999999999427       0.77777782848256993     
   4.7799999999999425       0.77777783970916092     
   4.7899999999999423       0.77777785342127048     
   4.7999999999999421       0.77777787016921351     
   4.8099999999999419       0.77777789062513969     
   4.8199999999999417       0.77777791561001175     
   4.8299999999999415       0.77777794612655704     
   4.8399999999999412       0.77777798339949689     
   4.8499999999999410       0.77777802892471204     
   4.8599999999999408       0.77777808452926656     
   4.8699999999999406       0.77777815244473136     
   4.8799999999999404       0.77777823539674473     
   4.8899999999999402       0.77777833671438268     
   4.8999999999999400       0.77777846046376509     
   4.9099999999999397       0.77777861161122352     
   4.9199999999999395       0.77777879622257995     
   4.9299999999999393       0.77777902170656332     
   4.9399999999999391       0.77777929711208071     
   4.9499999999999389       0.77777963349128121     
   4.9599999999999387       0.77778004434299997     
   4.9699999999999385       0.77778054615429515     
   4.9799999999999383       0.77778115906184975     
   4.9899999999999380       0.77778190765965027     
   4.9999999999999378       0.77778282198538251     
   5.0099999999999376       0.77778393872495899     
   5.0199999999999374       0.77778530268327639     
   5.0299999999999372       0.77778696858029717     
   5.0399999999999370       0.77778900324374189     
   5.0499999999999368       0.77779148828618483     
   5.0599999999999365       0.77779452337307131     
   5.0699999999999363       0.77779823021162364     
   5.0799999999999361       0.77780275741886051     
   5.0899999999999359       0.77780828646171452     
   5.0999999999999357       0.77781503890330550     
   5.1099999999999355       0.77782328524046485     
   5.1199999999999353       0.77783335567845768     
   5.1299999999999351       0.77784565326202981     
   5.1399999999999348       0.77786066987026092     
   5.1499999999999346       0.77787900568805290     
   5.1599999999999344       0.77790139289228266     
   5.1699999999999342       0.77792872443862038     
   5.1799999999999340       0.77796208900852648     
   5.1899999999999338       0.77800281337609212     
   5.1999999999999336       0.77805251368349704     
   5.2099999999999334       0.77811315736871722     
   5.2199999999999331       0.77818713776577875     
   5.2299999999999329       0.77827736368353384     
   5.2399999999999327       0.77838736654314489     
   5.2499999999999325       0.77852142787897138     
   5.2599999999999323       0.77868473012631201     
   5.2699999999999321       0.77888353353855089     
   5.2799999999999319       0.77912538166223622     
   5.2899999999999316       0.77941933685157350     
   5.2999999999999314       0.77977624554744518     
   5.3099999999999312       0.78020903009933651     
   5.3199999999999310       0.78073299928071938     
   5.3299999999999308       0.78136616273760562     
   5.3399999999999306       0.78212952474729902     
   5.3499999999999304       0.78304731923264970     
   5.3599999999999302       0.78414713064459007     
   5.3699999999999299       0.78545982447010931     
   5.3799999999999297       0.78701918848515295     
   5.3899999999999295       0.78886116544196239     
   5.3999999999999293       0.79102254687423790     
   5.4099999999999291       0.79353900719323400     
   5.4199999999999289       0.79644240163397928     
   5.4299999999999287       0.79975734569946844     
   5.4399999999999284       0.80349724626534724     
   5.4499999999999282       0.80766015792416979     
   5.4599999999999280       0.81222505765737685     
   5.4699999999999278       0.81714929932910396     
   5.4799999999999276       0.82236803780869971     
   5.4899999999999274       0.82779622259493046     
   5.4999999999999272       0.83333333344780114     
   5.5099999999999270       0.83887044431213964     
   5.5199999999999267       0.84429862913293641     
   5.5299999999999265       0.84951736767090213     
   5.5399999999999263       0.85444160942586300     
   5.5499999999999261       0.85900650926910360     
   5.5599999999999259       0.86316942106763250     
   5.5699999999999257       0.86690932180696434     
   5.5799999999999255       0.87022426608516001     
   5.5899999999999253       0.87312766078519044     
   5.5999999999999250       0.87564412141942638     
   5.6099999999999248       0.87780550323465545     
   5.6199999999999246       0.87964748065690790     
   5.6299999999999244       0.88120684523799797     
   5.6399999999999242       0.88251953975259245     
   5.6499999999999240       0.88361935200393549     
   5.6599999999999238       0.88453714751260593     
   5.6699999999999235       0.88530051077036265     
   5.6799999999999233       0.88593367575011006     
   5.6899999999999231       0.88645764679016803     
   5.6999999999999229       0.88689043361114184     
   5.7099999999999227       0.88724734507750092     
   5.7199999999999225       0.88754130364989281     
   5.7299999999999223       0.88778315590498491     
   5.7399999999999221       0.88798196436279009     
   5.7499999999999218       0.88814527277227573     
   5.7599999999999216       0.88827934163420030     
   5.7699999999999214       0.88838935368588789     
   5.7799999999999212       0.88847959083059913     
   5.7899999999999210       0.88855358494006542     
   5.7999999999999208       0.88861424537347089     
   5.8099999999999206       0.88866396613700804     
   5.8199999999999203       0.88870471548960706     
   5.8299999999999201       0.88873811057619534     
   5.8399999999999199       0.88876547939558970     
   5.8499999999999197       0.88878791212511798     
   5.8599999999999195       0.88880630354756918     
   5.8699999999999193       0.88882138807132804     
   5.8799999999999191       0.88883376860695285     
   5.8899999999999189       0.88884394036261516     
   5.8999999999999186       0.88885231044920288     
   5.9099999999999184       0.88885921403826051     
   5.9199999999999182       0.88886492769251557     
   5.9299999999999180       0.88886968038375769     
   5.9399999999999178       0.88887366262782419     
   5.9499999999999176       0.88887703409392482     
   5.9599999999999174       0.88887992998811582     
   5.9699999999999172       0.88888246646285096     
   5.9799999999999169       0.88888474526745376     
   5.9899999999999167       0.88888685782357058     
   5.9999999999999165       0.88888888888886530     
   6.0099999999999163       0.88889091995417047     
   6.0199999999999161       0.88889303251029028     
   6.0299999999999159       0.88889531131485866     
   6.0399999999999157       0.88889784778962222     
   6.0499999999999154       0.88890074368377470     
   6.0599999999999152       0.88890411514986967     
   6.0699999999999150       0.88890809739392518     
   6.0799999999999148       0.88891285008516341     
   6.0899999999999146       0.88891856373937495     
   6.0999999999999144       0.88892546732841737     
   6.1099999999999142       0.88893383741496124     
   6.1199999999999140       0.88894400917059713     
   6.1299999999999137       0.88895638970615998     
   6.1399999999999135       0.88897147422987977     
   6.1499999999999133       0.88898986565223348     
   6.1599999999999131       0.88901229838168250     
   6.1699999999999129       0.88903966720095262     
   6.1799999999999127       0.88907306228739535     
   6.1899999999999125       0.88911381163984571     
   6.1999999999999122       0.88916353240316937     
   6.2099999999999120       0.88922419283633658     
   6.2199999999999118       0.88929818694549134     
   6.2299999999999116       0.88938842408982610     
   6.2399999999999114       0.88949843614108559     
   6.2499999999999112       0.88963250500245650     
   6.2599999999999110       0.88979581341129310     
   6.2699999999999108       0.88999462186827949     
   6.2799999999999105       0.89023647412240159     
   6.2899999999999103       0.89053043269359755     
   6.2999999999999101       0.89088734415855120     
   6.3099999999999099       0.89132013097778795     
   6.3199999999999097       0.89184410201579212     
   6.3299999999999095       0.89247726699308183     
   6.3399999999999093       0.89324063024793487     
   6.3499999999999091       0.89415842575311488     
   6.3599999999999088       0.89525823800041238     
   6.3699999999999086       0.89657093251027220     
   6.3799999999999084       0.89813029708593506     
   6.3899999999999082       0.89997227450195583     
   6.3999999999999080       0.90213365631021980     
   6.4099999999999078       0.90465011693677999     
   6.4199999999999076       0.90755351162853515     
   6.4299999999999073       0.91086845589808696     
   6.4399999999999071       0.91460835662860496     
   6.4499999999999069       0.91877126841853574     
   6.4599999999999067       0.92333616825386344     
   6.4699999999999065       0.92826041000200321     
   6.4799999999999063       0.93347914853468317     
   6.4899999999999061       0.93890733335218846     
   6.4999999999999059       0.94444444421537788     
   6.5099999999999056       0.94998155506937343     
   6.5199999999999054       0.95540973985893729     
   6.5299999999999052       0.96062847834379994     
   6.5399999999999050       0.96555272002233572     
   6.5499999999999048       0.97011761976348765     
   6.5599999999999046       0.97428053143087057     
   6.5699999999999044       0.97802043200556654     
   6.5799999999999041       0.98133537607971966     
   6.5899999999999039       0.98423877052872555     
   6.5999999999999037       0.98675523085540418     
   6.6099999999999035       0.98891661229463268     
   6.6199999999999033       0.99075858925766247     
   6.6299999999999031       0.99231795327816008     
   6.6399999999999029       0.99363064710842308     
   6.6499999999999027       0.99473045852440889     
   6.6599999999999024       0.99564825301324433     
   6.6699999999999022       0.99641161502584930     
   6.6799999999999020       0.99704477848519757     
   6.6899999999999018       0.99756874766863624     
   6.6999999999999016       0.99800153222223442     
   6.7099999999999014       0.99835844091952231     
   6.7199999999999012       0.99865239611003909     
   6.7299999999999010       0.99889424423470929     
   6.7399999999999007       0.99909304764775952     
   6.7499999999999005       0.99925634989576273     
   6.7599999999999003       0.99939041123212113     
   6.7699999999999001       0.99950041409220447     
   6.7799999999998999       0.99959064001032061     
   6.7899999999998997       0.99966462040767112     
   6.7999999999998995       0.99972526409314255     
   6.8099999999998992       0.99977496440075520     
   6.8199999999998990       0.99981568876849181     
   6.8299999999998988       0.99984905333853524     
   6.8399999999998986       0.99987638488497943     
   6.8499999999998984       0.99989877208930522     
   6.8599999999998982       0.99991710790717336     
   6.8699999999998980       0.99993212451548408     
   6.8799999999998978       0.99994442209909407     
   6.8899999999998975       0.99995449253712643     
   6.8999999999998973       0.99996273887431864     
   6.9099999999998971       0.99996949131593327     
   6.9199999999998969       0.99997502035881125     
   6.9299999999998967       0.99997954756607854     
   6.9399999999998965       0.99998325440463709     
   6.9499999999998963       0.99998628949154122     
   6.9599999999998960       0.99998877453398016     
   6.9699999999998958       0.99999080919744232     
   6.9799999999998956       0.99999247509447087     
   6.9899999999998954       0.99999383905279260     
   6.9999999999998952       0.99999495579235720     
   7.0099999999998950       0.99999587011809432     
   7.0199999999998948       0.99999661871588819     
   7.0299999999998946       0.99999723162345289     
   7.0399999999998943       0.99999773343474097     
   7.0499999999998941       0.99999814428646139     
   7.0599999999998939       0.99999848066565533     
   7.0699999999998937       0.99999875607116073     
   7.0799999999998935       0.99999898155513911     
   7.0899999999998933       0.99999916616648477     
   7.0999999999998931       0.99999931731392466     
   7.1099999999998929       0.99999944106331062     
   7.1199999999998926       0.99999954238091937     
   7.1299999999998924       0.99999962533289966     
   7.1399999999998922       0.99999969324833571     
   7.1499999999998920       0.99999974885286003     
   7.1599999999998918       0.99999979437802144     
   7.1699999999998916       0.99999983165091366     
   7.1799999999998914       0.99999986216739145     
   7.1899999999998911       0.99999988715217114     
   7.1999999999998909       0.99999990760800095     
   7.2099999999998907       0.99999992435580987     
   7.2199999999998905       0.99999993806777576     
   7.2299999999998903       0.99999994929417413     
   7.2399999999998901       0.99999995848557832     
   7.2499999999998899       0.99999996601086905     
   7.2599999999998897       0.99999997217203906     
   7.2699999999998894       0.99999997721639977     
   7.2799999999998892       0.99999998134636447     
   7.2899999999998890       0.99999998472769469     
   7.2999999999998888       0.99999998749609553     
   7.3099999999998886       0.99999998976267712     
   7.3199999999998884       0.99999999161838027     
   7.3299999999998882       0.99999999313771093     
   7.3399999999998879       0.99999999438162723     
   7.3499999999998877       0.99999999540007900     
   7.3599999999998875       0.99999999623388347     
   7.3699999999998873       0.99999999691658004     
   7.3799999999998871       0.99999999747549539     
   7.3899999999998869       0.99999999793312278     
   7.3999999999998867       0.99999999830778408     
   7.4099999999998865       0.99999999861453637     
   7.4199999999998862       0.99999999886567770     
   7.4299999999998860       0.99999999907128512     
   7.4399999999998858       0.99999999923963168     
   7.4499999999998856       0.99999999937747064     
   7.4599999999998854       0.99999999949030949     
   7.4699999999998852       0.99999999958269348     
   7.4799999999998850       0.99999999965835284     
   7.4899999999998847       0.99999999972027986     
   7.4999999999998845       0.99999999977097864     
   7.5099999999998843       0.99999999981249255     
   7.5199999999998841       0.99999999984649746     
   7.5299999999998839       0.99999999987430732     
   7.5399999999998837       0.99999999989709520     
   7.5499999999998835       0.99999999991575095     
   7.5599999999998833       0.99999999993102995     
   7.5699999999998830       0.99999999994353006     
   7.5799999999998828       0.99999999995376732     
   7.5899999999998826       0.99999999996215494     
   7.5999999999998824       0.99999999996900690     
   7.6099999999998822       0.99999999997463518     
   7.6199999999998820       0.99999999997923317     
   7.6299999999998818       0.99999999998299194     
   7.6399999999998816       0.99999999998607414     
   7.6499999999998813       0.99999999998860056     
   7.6599999999998811       0.99999999999065237     
   7.6699999999998809       0.99999999999235056     
   7.6799999999998807       0.99999999999373457     
   7.6899999999998805       0.99999999999487699     
   7.6999999999998803       0.99999999999580624     
   7.7099999999998801       0.99999999999656408     
   7.7199999999998798       0.99999999999719025     
   7.7299999999998796       0.99999999999769551     
   7.7399999999998794       0.99999999999811073     
   7.7499999999998792       0.99999999999845335     
   7.7599999999998790       0.99999999999873679     
   7.7699999999998788       0.99999999999896971     
   7.7799999999998786       0.99999999999914102     
   7.7899999999998784       0.99999999999931233     
   7.7999999999998781       0.99999999999944422     
   7.8099999999998779       0.99999999999954525     
   7.8199999999998777       0.99999999999961553     
   7.8299999999998775       0.99999999999969680     
   7.8399999999998773       0.99999999999974731     
   7.8499999999998771       0.99999999999979794     
   7.8599999999998769       0.99999999999982869     
   7.8699999999998766       0.99999999999984845     
   7.8799999999998764       0.99999999999987921     
   7.8899999999998762       0.99999999999989897     
   7.8999999999998760       0.99999999999991873     
   7.9099999999998758       0.99999999999994948     
   7.9199999999998756       0.99999999999994948     
   7.9299999999998754       0.99999999999994948     
   7.9399999999998752       0.99999999999996925     
   7.9499999999998749       0.99999999999996925     
   7.9599999999998747       0.99999999999998024     
   7.9699999999998745       0.99999999999998024     
   7.9799999999998743       0.99999999999998024     
   7.9899999999998741       0.99999999999998024     
   7.9999999999998739        1.0000000000000000     
   8.0099999999998737        1.0000000000000000     
   8.0199999999998735        1.0000000000000000     
   8.0299999999998732        1.0000000000000000     
   8.0399999999998730        1.0000000000000000     
   8.0499999999998728        1.0000000000000000     
   8.0599999999998726        1.0000000000000000     
   8.0699999999998724        1.0000000000000000     
   8.0799999999998722        1.0000000000000000     
   8.0899999999998720        1.0000000000000000     
   8.0999999999998717        1.0000000000000000     
   8.1099999999998715        1.0000000000000000     
   8.1199999999998713        1.0000000000000000     
   8.1299999999998711        1.0000000000000000     
   8.1399999999998709        1.0000000000000000     
   8.1499999999998707        1.0000000000000000     
   8.1599999999998705        1.0000000000000000     
   8.1699999999998703        1.0000000000000000     
   8.1799999999998700        1.0000000000000000     
   8.1899999999998698        1.0000000000000000     
   8.1999999999998696        1.0000000000000000     
   8.2099999999998694        1.0000000000000000     
   8.2199999999998692        1.0000000000000000     
   8.2299999999998690        1.0000000000000000     
   8.2399999999998688        1.0000000000000000     
   8.2499999999998685        1.0000000000000000     
   8.2599999999998683        1.0000000000000000     
   8.2699999999998681        1.0000000000000000     
   8.2799999999998679        1.0000000000000000     
   8.2899999999998677        1.0000000000000000     
   8.2999999999998675        1.0000000000000000     
   8.3099999999998673        1.0000000000000000     
   8.3199999999998671        1.0000000000000000     
   8.3299999999998668        1.0000000000000000     
   8.3399999999998666        1.0000000000000000     
   8.3499999999998664        1.0000000000000000     
   8.3599999999998662        1.0000000000000000     
   8.3699999999998660        1.0000000000000000     
   8.3799999999998658        1.0000000000000000     
   8.3899999999998656        1.0000000000000000     
   8.3999999999998654        1.0000000000000000     
   8.4099999999998651        1.0000000000000000     
   8.4199999999998649        1.0000000000000000     
   8.4299999999998647        1.0000000000000000     
   8.4399999999998645        1.0000000000000000     
   8.4499999999998643        1.0000000000000000     
   8.4599999999998641        1.0000000000000000     
   8.4699999999998639        1.0000000000000000     
   8.4799999999998636        1.0000000000000000     
   8.4899999999998634        1.0000000000000000     
   8.4999999999998632        1.0000000000000000     
   8.5099999999998630        1.0000000000000000     
   8.5199999999998628        1.0000000000000000     
   8.5299999999998626        1.0000000000000000     
   8.5399999999998624        1.0000000000000000     
   8.5499999999998622        1.0000000000000000     
   8.5599999999998619        1.0000000000000000     
   8.5699999999998617        1.0000000000000000     
   8.5799999999998615        1.0000000000000000     
   8.5899999999998613        1.0000000000000000     
   8.5999999999998611        1.0000000000000000     
   8.6099999999998609        1.0000000000000000     
   8.6199999999998607        1.0000000000000000     
   8.6299999999998604        1.0000000000000000     
   8.6399999999998602        1.0000000000000000     
   8.6499999999998600        1.0000000000000000     
   8.6599999999998598        1.0000000000000000     
   8.6699999999998596        1.0000000000000000     
   8.6799999999998594        1.0000000000000000     
   8.6899999999998592        1.0000000000000000     
   8.6999999999998590        1.0000000000000000     
   8.7099999999998587        1.0000000000000000     
   8.7199999999998585        1.0000000000000000     
   8.7299999999998583        1.0000000000000000     
   8.7399999999998581        1.0000000000000000     
   8.7499999999998579        1.0000000000000000     
   8.7599999999998577        1.0000000000000000     
   8.7699999999998575        1.0000000000000000     
   8.7799999999998573        1.0000000000000000     
   8.7899999999998570        1.0000000000000000     
   8.7999999999998568        1.0000000000000000     
   8.8099999999998566        1.0000000000000000     
   8.8199999999998564        1.0000000000000000     
   8.8299999999998562        1.0000000000000000     
   8.8399999999998560        1.0000000000000000     
   8.8499999999998558        1.0000000000000000     
   8.8599999999998555        1.0000000000000000     
   8.8699999999998553        1.0000000000000000     
   8.8799999999998551        1.0000000000000000     
   8.8899999999998549        1.0000000000000000     
   8.8999999999998547        1.0000000000000000     
   8.9099999999998545        1.0000000000000000     
   8.9199999999998543        1.0000000000000000     
   8.9299999999998541        1.0000000000000000     
   8.9399999999998538        1.0000000000000000     
   8.9499999999998536        1.0000000000000000     
   8.9599999999998534        1.0000000000000000     
   8.9699999999998532        1.0000000000000000     
   8.9799999999998530        1.0000000000000000     
   8.9899999999998528        1.0000000000000000     
   8.9999999999998526        1.0000000000000000     
   9.0099999999998523        1.0000000000000000     
   9.0199999999998521        1.0000000000000000     
   9.0299999999998519        1.0000000000000000     
   9.0399999999998517        1.0000000000000000     
   9.0499999999998515        1.0000000000000000     
   9.0599999999998513        1.0000000000000000     
   9.0699999999998511        1.0000000000000000     
   9.0799999999998509        1.0000000000000000     
   9.0899999999998506        1.0000000000000000     
   9.0999999999998504        1.0000000000000000     
   9.1099999999998502        1.0000000000000000     
   9.1199999999998500        1.0000000000000000     
   9.1299999999998498        1.0000000000000000     
   9.1399999999998496        1.0000000000000000     
   9.1499999999998494        1.0000000000000000     
   9.1599999999998492        1.0000000000000000     
   9.1699999999998489        1.0000000000000000     
   9.1799999999998487        1.0000000000000000     
   9.1899999999998485        1.0000000000000000     
   9.1999999999998483        1.0000000000000000     
   9.2099999999998481        1.0000000000000000     
   9.2199999999998479        1.0000000000000000     
   9.2299999999998477        1.0000000000000000     
   9.2399999999998474        1.0000000000000000     
   9.2499999999998472        1.0000000000000000     
   9.2599999999998470        1.0000000000000000     
   9.2699999999998468        1.0000000000000000     
   9.2799999999998466        1.0000000000000000     
   9.2899999999998464        1.0000000000000000     
   9.2999999999998462        1.0000000000000000     
   9.3099999999998460        1.0000000000000000     
   9.3199999999998457        1.0000000000000000     
   9.3299999999998455        1.0000000000000000     
   9.3399999999998453        1.0000000000000000     
   9.3499999999998451        1.0000000000000000     
   9.3599999999998449        1.0000000000000000     
   9.3699999999998447        1.0000000000000000     
   9.3799999999998445        1.0000000000000000     
   9.3899999999998442        1.0000000000000000     
   9.3999999999998440        1.0000000000000000     
   9.4099999999998438        1.0000000000000000     
   9.4199999999998436        1.0000000000000000     
   9.4299999999998434        1.0000000000000000     
   9.4399999999998432        1.0000000000000000     
   9.4499999999998430        1.0000000000000000     
   9.4599999999998428        1.0000000000000000     
   9.4699999999998425        1.0000000000000000     
   9.4799999999998423        1.0000000000000000     
   9.4899999999998421        1.0000000000000000     
   9.4999999999998419        1.0000000000000000     
   9.5099999999998417        1.0000000000000000     
   9.5199999999998415        1.0000000000000000     
   9.5299999999998413        1.0000000000000000     
   9.5399999999998411        1.0000000000000000     
   9.5499999999998408        1.0000000000000000     
   9.5599999999998406        1.0000000000000000     
   9.5699999999998404        1.0000000000000000     
   9.5799999999998402        1.0000000000000000     
   9.5899999999998400        1.0000000000000000     
   9.5999999999998398        1.0000000000000000     
   9.6099999999998396        1.0000000000000000     
   9.6199999999998393        1.0000000000000000     
   9.6299999999998391        1.0000000000000000     
   9.6399999999998389        1.0000000000000000     
   9.6499999999998387        1.0000000000000000     
   9.6599999999998385        1.0000000000000000     
   9.6699999999998383        1.0000000000000000     
   9.6799999999998381        1.0000000000000000     
   9.6899999999998379        1.0000000000000000     
   9.6999999999998376        1.0000000000000000     
   9.7099999999998374        1.0000000000000000     
   9.7199999999998372        1.0000000000000000     
   9.7299999999998370        1.0000000000000000     
   9.7399999999998368        1.0000000000000000     
   9.7499999999998366        1.0000000000000000     
   9.7599999999998364        1.0000000000000000     
   9.7699999999998361        1.0000000000000000     
   9.7799999999998359        1.0000000000000000     
   9.7899999999998357        1.0000000000000000     
   9.7999999999998355        1.0000000000000000     
   9.8099999999998353        1.0000000000000000     
   9.8199999999998351        1.0000000000000000     
   9.8299999999998349        1.0000000000000000     
   9.8399999999998347        1.0000000000000000     
   9.8499999999998344        1.0000000000000000     
   9.8599999999998342        1.0000000000000000     
   9.8699999999998340        1.0000000000000000     
   9.8799999999998338        1.0000000000000000     
   9.8899999999998336        1.0000000000000000     
   9.8999999999998334        1.0000000000000000     
   9.9099999999998332        1.0000000000000000     
   9.9199999999998330        1.0000000000000000     
   9.9299999999998327        1.0000000000000000     
   9.9399999999998325        1.0000000000000000     
   9.9499999999998323        1.0000000000000000     
   9.9599999999998321        1.0000000000000000     
   9.9699999999998319        1.0000000000000000     
   9.9799999999998317        1.0000000000000000     
   9.9899999999998315        1.0000000000000000     
   9.9999999999998312        1.0000000000000000     
