   0.0000000000000000       -1.3974161334257613E-018
   1.0000000000000000E-002   8.8619216408242392E-004
   2.0000000000000000E-002   1.7664417757887849E-003
   2.9999999999999999E-002   2.6355192849688348E-003
   4.0000000000000001E-002   3.4895148358494604E-003
   5.0000000000000003E-002   4.3262593461189311E-003
   6.0000000000000005E-002   5.1455245697525145E-003
   7.0000000000000007E-002   5.9490124475893224E-003
   8.0000000000000002E-002   6.7401784382876756E-003
   8.9999999999999997E-002   7.5239501239199686E-003
   9.9999999999999992E-002   8.3064019887868906E-003
  0.10999999999999999        9.0944353507503226E-003
  0.11999999999999998        9.8954956626611471E-003
  0.12999999999999998        1.0717343145058010E-002
  0.13999999999999999        1.1567879983874159E-002
  0.14999999999999999        1.2455029041884518E-002
  0.16000000000000000        1.3386654745108169E-002
  0.17000000000000001        1.4370515475655305E-002
  0.18000000000000002        1.5414237326784692E-002
  0.19000000000000003        1.6525300553967261E-002
  0.20000000000000004        1.7711031867033350E-002
  0.21000000000000005        1.8978597484637278E-002
  0.22000000000000006        2.0334993430864989E-002
  0.23000000000000007        2.1787030831254089E-002
  0.24000000000000007        2.3341314963925566E-002
  0.25000000000000006        2.5004217573198720E-002
  0.26000000000000006        2.6781842498664912E-002
  0.27000000000000007        2.8679985050645632E-002
  0.28000000000000008        3.0704085804532544E-002
  0.29000000000000009        3.2859179615185870E-002
  0.30000000000000010        3.5149840685124598E-002
  0.31000000000000011        3.7580124468758830E-002
  0.32000000000000012        4.0153507069985273E-002
  0.33000000000000013        4.2872822604903577E-002
  0.34000000000000014        4.5740198776026940E-002
  0.35000000000000014        4.8756990674913257E-002
  0.36000000000000015        5.1923712656089277E-002
  0.37000000000000016        5.5239968096752488E-002
  0.38000000000000017        5.8704377096492108E-002
  0.39000000000000018        6.2314502819806342E-002
  0.40000000000000019        6.6066778360692552E-002
  0.41000000000000020        6.9956437738678851E-002
  0.42000000000000021        7.3977456754666687E-002
  0.43000000000000022        7.8122511505706219E-002
  0.44000000000000022        8.2382963672386553E-002
  0.45000000000000023        8.6748881435724554E-002
  0.46000000000000024        9.1209102471236869E-002
  0.47000000000000025        9.5751340962637391E-002
  0.48000000000000026       0.10036233488858343     
  0.49000000000000027       0.10502802452771538     
  0.50000000000000022       0.10973374978603564     
  0.51000000000000023       0.11446445344702420     
  0.52000000000000024       0.11920487955168994     
  0.53000000000000025       0.12393975972104733     
  0.54000000000000026       0.12865398397123018     
  0.55000000000000027       0.13333275543937229     
  0.56000000000000028       0.13796173006875534     
  0.57000000000000028       0.14252714285343290     
  0.58000000000000029       0.14701592211133299     
  0.59000000000000030       0.15141579281849304     
  0.60000000000000031       0.15571536953903184     
  0.61000000000000032       0.15990423903631890     
  0.62000000000000033       0.16397303228416388     
  0.63000000000000034       0.16791348532150552     
  0.64000000000000035       0.17171848822110578     
  0.65000000000000036       0.17538212138974874     
  0.66000000000000036       0.17889967850023086     
  0.67000000000000037       0.18226767557922666     
  0.68000000000000038       0.18548384612890106     
  0.69000000000000039       0.18854712261667159     
  0.70000000000000040       0.19145760518689220     
  0.71000000000000041       0.19421651898340092     
  0.72000000000000042       0.19682616197435371     
  0.73000000000000043       0.19928984559505691     
  0.74000000000000044       0.20161183083048412     
  0.75000000000000044       0.20379726251328095     
  0.76000000000000045       0.20585210458600284     
  0.77000000000000046       0.20778307884111813     
  0.78000000000000047       0.20959760917959766     
  0.79000000000000048       0.21130377268326997     
  0.80000000000000049       0.21291025773417552     
  0.81000000000000050       0.21442632798534711     
  0.82000000000000051       0.21586178914360910     
  0.83000000000000052       0.21722695324086094     
  0.84000000000000052       0.21853259238113482     
  0.85000000000000053       0.21978987101205552     
  0.86000000000000054       0.22101024293565832     
  0.87000000000000055       0.22220529718492535     
  0.88000000000000056       0.22338653653351404     
  0.89000000000000057       0.22456507507336568     
  0.90000000000000058       0.22575124838882474     
  0.91000000000000059       0.22695414241915760     
  0.92000000000000060       0.22818106511255210     
  0.93000000000000060       0.22943700657225730     
  0.94000000000000061       0.23072415443071520     
  0.95000000000000062       0.23204154559292023     
  0.96000000000000063       0.23338493675303529     
  0.97000000000000064       0.23474695954274205     
  0.98000000000000065       0.23611759122747589     
  0.99000000000000066       0.23748492315759029     
   1.0000000000000007       0.23883615609413869     
   1.0100000000000007       0.24015870629749805     
   1.0200000000000007       0.24144128098123754     
   1.0300000000000007       0.24267478463775782     
   1.0400000000000007       0.24385294972823704     
   1.0500000000000007       0.24497263834010991     
   1.0600000000000007       0.24603382101843860     
   1.0700000000000007       0.24703928924547636     
   1.0800000000000007       0.24799418795581063     
   1.0900000000000007       0.24890546109783868     
   1.1000000000000008       0.24978129100183016     
   1.1100000000000008       0.25063058946718508     
   1.1200000000000008       0.25146257331852973     
   1.1300000000000008       0.25228643552852881     
   1.1400000000000008       0.25311110758900102     
   1.1500000000000008       0.25394509986535252     
   1.1600000000000008       0.25479640300299039     
   1.1700000000000008       0.25567243340011364     
   1.1800000000000008       0.25658000776990242     
   1.1900000000000008       0.25752533471679601     
   1.2000000000000008       0.25851401429210952     
   1.2100000000000009       0.25955103926174444     
   1.2200000000000009       0.26064079413860713     
   1.2300000000000009       0.26178704987317997     
   1.2400000000000009       0.26299295349911261     
   1.2500000000000009       0.26426101306718380     
   1.2600000000000009       0.26559307894374568     
   1.2700000000000009       0.26699032306331655     
   1.2800000000000009       0.26845321806058731     
   1.2900000000000009       0.26998151840268314     
   1.3000000000000009       0.27157424572461836     
   1.3100000000000009       0.27322968055646046     
   1.3200000000000010       0.27494536252927071     
   1.3300000000000010       0.27671810096221799     
   1.3400000000000010       0.27854399746432201     
   1.3500000000000010       0.28041848182802764     
   1.3600000000000010       0.28233636204434792     
   1.3700000000000010       0.28429188872986327     
   1.3800000000000010       0.28627883363046613     
   1.3900000000000010       0.28829058117127015     
   1.4000000000000010       0.29032023128657364     
   1.4100000000000010       0.29236071103190187     
   1.4200000000000010       0.29440489180855656     
   1.4300000000000010       0.29644570848325125     
   1.4400000000000011       0.29847627632399842     
   1.4500000000000011       0.30049000155035160     
   1.4600000000000011       0.30248068144338641     
   1.4700000000000011       0.30444259038357990     
   1.4800000000000011       0.30637054885905557     
   1.4900000000000011       0.30825997336102240     
   1.5000000000000011       0.31010690608656294     
   1.5100000000000011       0.31190802441884918     
   1.5200000000000011       0.31366063116975079     
   1.5300000000000011       0.31536262747686794     
   1.5400000000000011       0.31701247099002189     
   1.5500000000000012       0.31860912252377138     
   1.5600000000000012       0.32015198467481421     
   1.5700000000000012       0.32164083600515103     
   1.5800000000000012       0.32307576428664680     
   1.5900000000000012       0.32445710201313444     
   1.6000000000000012       0.32578536694354149     
   1.6100000000000012       0.32706120987979442     
   1.6200000000000012       0.32828537124692070     
   1.6300000000000012       0.32945864737229263     
   1.6400000000000012       0.33058186669963252     
   1.6500000000000012       0.33165587556219966     
   1.6600000000000013       0.33268153261511391     
   1.6700000000000013       0.33365971061776295     
   1.6800000000000013       0.33459130398269937     
   1.6900000000000013       0.33547724037473342     
   1.7000000000000013       0.33631849464870300     
   1.7100000000000013       0.33711610354165089     
   1.7200000000000013       0.33787117976090042     
   1.7300000000000013       0.33858492440469928     
   1.7400000000000013       0.33925863698441100     
   1.7500000000000013       0.33989372265617351     
   1.7600000000000013       0.34049169658737399     
   1.7700000000000014       0.34105418565718904     
   1.7800000000000014       0.34158292790423422     
   1.7900000000000014       0.34207977027737324     
   1.8000000000000014       0.34254666531241934     
   1.8100000000000014       0.34298566734508323     
   1.8200000000000014       0.34339892877781553     
   1.8300000000000014       0.34378869674405049     
   1.8400000000000014       0.34415731025480434     
   1.8500000000000014       0.34450719756671577     
   1.8600000000000014       0.34484087307639671     
   1.8700000000000014       0.34516093253068697     
   1.8800000000000014       0.34547004477233129     
   1.8900000000000015       0.34577093767540701     
   1.9000000000000015       0.34606637547508456     
   1.9100000000000015       0.34635912453808609     
   1.9200000000000015       0.34665190499475851     
   1.9300000000000015       0.34694732683535556     
   1.9400000000000015       0.34724781128830767     
   1.9500000000000015       0.34755550158663029     
   1.9600000000000015       0.34787217127774661     
   1.9700000000000015       0.34819914225818055     
   1.9800000000000015       0.34853722750956984     
   1.9900000000000015       0.34888671374259284     
   2.0000000000000013       0.34924739588440135     
   2.0100000000000011       0.34961866856448504     
   2.0200000000000009       0.34999967061462378     
   2.0300000000000007       0.35038946915414898     
   2.0400000000000005       0.35078726239478758     
   2.0500000000000003       0.35119257672872428     
   2.0600000000000001       0.35160543485928364     
   2.0699999999999998       0.35202647741611615     
   2.0799999999999996       0.35245702925770750     
   2.0899999999999994       0.35289911131655971     
   2.0999999999999992       0.35335540707049057     
   2.1099999999999990       0.35382919783382216     
   2.1199999999999988       0.35432428247997638     
   2.1299999999999986       0.35484489547740022     
   2.1399999999999983       0.35539563347403580     
   2.1499999999999981       0.35598139644032711     
   2.1599999999999979       0.35660734559469431     
   2.1699999999999977       0.35727887752078263     
   2.1799999999999975       0.35800161214769877     
   2.1899999999999973       0.35878139143936544     
   2.1999999999999971       0.35962428545647573     
   2.2099999999999969       0.36053660264662923     
   2.2199999999999966       0.36152490157549799     
   2.2299999999999964       0.36259600169552875     
   2.2399999999999962       0.36375699108152398     
   2.2499999999999960       0.36501522931192215     
   2.2599999999999958       0.36637834383592666     
   2.2699999999999956       0.36785421825010867     
   2.2799999999999954       0.36945097093027024     
   2.2899999999999952       0.37117692244322098     
   2.2999999999999949       0.37304055011552945     
   2.3099999999999947       0.37505042807761330     
   2.3199999999999945       0.37721515104592529     
   2.3299999999999943       0.37954324006858847     
   2.3399999999999941       0.38204302845851779     
   2.3499999999999939       0.38472252619792224     
   2.3599999999999937       0.38758926125566240     
   2.3699999999999934       0.39065009656879168     
   2.3799999999999932       0.39391102198237504     
   2.3899999999999930       0.39737692133018171     
   2.3999999999999928       0.40105131622287710     
   2.4099999999999926       0.40493609016804516     
   2.4199999999999924       0.40903119955470868     
   2.4299999999999922       0.41333438190259991     
   2.4399999999999920       0.41784087652721735     
   2.4499999999999917       0.42254317798861085     
   2.4599999999999915       0.42743084746775950     
   2.4699999999999913       0.43249041011752731     
   2.4799999999999911       0.43770536572649987     
   2.4899999999999909       0.44305633422195928     
   2.4999999999999907       0.44852134616266159     
   2.5099999999999905       0.45407627265369488     
   2.5199999999999902       0.45969537199236982     
   2.5299999999999900       0.46535191566768902     
   2.5399999999999898       0.47101884746750616     
   2.5499999999999896       0.47666942811789187     
   2.5599999999999894       0.48227782372925521     
   2.5699999999999892       0.48781960734242463     
   2.5799999999999890       0.49327215626390497     
   2.5899999999999888       0.49861494092449526     
   2.5999999999999885       0.50382971161851509     
   2.6099999999999883       0.50890059656977993     
   2.6199999999999881       0.51381412819777639     
   2.6299999999999879       0.51855921485570855     
   2.6399999999999877       0.52312707370059564     
   2.6499999999999875       0.52751113776796943     
   2.6599999999999873       0.53170694756337999     
   2.6699999999999871       0.53571203503907228     
   2.6799999999999868       0.53952580591113586     
   2.6899999999999866       0.54314942491917861     
   2.6999999999999864       0.54658570776911397     
   2.7099999999999862       0.54983902302700260     
   2.7199999999999860       0.55291520704153074     
   2.7299999999999858       0.55582149496752675     
   2.7399999999999856       0.55856647105408741     
   2.7499999999999853       0.56116004146336107     
   2.7599999999999851       0.56361343291027122     
   2.7699999999999849       0.56593922025636745     
   2.7799999999999847       0.56815138572372648     
   2.7899999999999845       0.57026541144889631     
   2.7999999999999843       0.57229840544872412     
   2.8099999999999841       0.57426925842366727     
   2.8199999999999839       0.57619882480331963     
   2.8299999999999836       0.57811011558962422     
   2.8399999999999834       0.58002848238251115     
   2.8499999999999832       0.58198176104336563     
   2.8599999999999830       0.58400032957235526     
   2.8699999999999828       0.58611701832871388     
   2.8799999999999826       0.58836679316239815     
   2.8899999999999824       0.59078611653355850     
   2.8999999999999821       0.59341188387338883     
   2.9099999999999819       0.59627984070161899     
   2.9199999999999817       0.59942242108328891     
   2.9299999999999815       0.60286602063182582     
   2.9399999999999813       0.60662783340398285     
   2.9499999999999811       0.61071253555492744     
   2.9599999999999809       0.61510926364777219     
   2.9699999999999807       0.61978946325324491     
   2.9799999999999804       0.62470621015955863     
   2.9899999999999802       0.62979547634638444     
   2.9999999999999800       0.63497951110800810     
   3.0099999999999798       0.64017208684744997     
   3.0199999999999796       0.64528493631921280     
   3.0299999999999794       0.65023442412761179     
   3.0399999999999792       0.65494745052833137     
   3.0499999999999790       0.65936579124263150     
   3.0599999999999787       0.66344845199331848     
   3.0699999999999785       0.66717203081208332     
   3.0799999999999783       0.67052941604141680     
   3.0899999999999781       0.67352733760827344     
   3.0999999999999779       0.67618332876840714     
   3.1099999999999777       0.67852258272797650     
   3.1199999999999775       0.68057505644081973     
   3.1299999999999772       0.68237302985200732     
   3.1399999999999770       0.68394920433539186     
   3.1499999999999768       0.68533533348602860     
   3.1599999999999766       0.68656132430051908     
   3.1699999999999764       0.68765472121032878     
   3.1799999999999762       0.68864048078336526     
   3.1899999999999760       0.68954095283472072     
   3.1999999999999758       0.69037599761419555     
   3.2099999999999755       0.69116318421399781     
   3.2199999999999753       0.69191802977330952     
   3.2299999999999751       0.69265425122752911     
   3.2399999999999749       0.69338401091900037     
   3.2499999999999747       0.69411814450445197     
   3.2599999999999745       0.69486636463514939     
   3.2699999999999743       0.69563743728247296     
   3.2799999999999740       0.69643932974129230     
   3.2899999999999738       0.69727933061048075     
   3.2999999999999736       0.69816414269862770     
   3.3099999999999734       0.69909995004323688     
   3.3199999999999732       0.70009246022333060     
   3.3299999999999730       0.70114692301055181     
   3.3399999999999728       0.70226812624218249     
   3.3499999999999726       0.70346036969688397     
   3.3599999999999723       0.70472741779273529     
   3.3699999999999721       0.70607243218753202     
   3.3799999999999719       0.70749788592185814     
   3.3899999999999717       0.70900546167293088     
   3.3999999999999715       0.71059593802001564     
   3.4099999999999713       0.71226906934401102     
   3.4199999999999711       0.71402346699119590     
   3.4299999999999708       0.71585649140268137     
   3.4399999999999706       0.71776416669213861     
   3.4499999999999704       0.71974113017335717     
   3.4599999999999702       0.72178062907691198     
   3.4699999999999700       0.72387457470562933     
   3.4799999999999698       0.72601366035310433     
   3.4899999999999696       0.72818754362801408     
   3.4999999999999694       0.73038508703957250     
   3.5099999999999691       0.73259464386877871     
   3.5199999999999689       0.73480437073733695     
   3.5299999999999687       0.73700254502602802     
   3.5399999999999685       0.73917786506308891     
   3.5499999999999683       0.74131971381151107     
   3.5599999999999681       0.74341837197599148     
   3.5699999999999679       0.74546517291050940     
   3.5799999999999677       0.74745259819265286     
   3.5899999999999674       0.74937431819170852     
   3.5999999999999672       0.75122518575357189     
   3.6099999999999670       0.75300119307828295     
   3.6199999999999668       0.75469940217972831     
   3.6299999999999666       0.75631785842439370     
   3.6399999999999664       0.75785549504780936     
   3.6499999999999662       0.75931203469064379     
   3.6599999999999659       0.76068789221075916     
   3.6699999999999657       0.76198408150806740     
   3.6799999999999655       0.76320212792681508     
   3.6899999999999653       0.76434398697387707     
   3.6999999999999651       0.76541196956238844     
   3.7099999999999649       0.76640867368902066     
   3.7199999999999647       0.76733692231004025     
   3.7299999999999645       0.76819970713568708     
   3.7399999999999642       0.76900013806761702     
   3.7499999999999640       0.76974139802805486     
   3.7599999999999638       0.77042670295248228     
   3.7699999999999636       0.77105926673005665     
   3.7799999999999634       0.77164227087496617     
   3.7899999999999632       0.77217883869881820     
   3.7999999999999630       0.77267201373292904     
   3.8099999999999627       0.77312474212435134     
   3.8199999999999625       0.77353985870518938     
   3.8299999999999623       0.77392007641426641     
   3.8399999999999621       0.77426797873631981     
   3.8499999999999619       0.77458601481736933     
   3.8599999999999617       0.77487649691652527     
   3.8699999999999615       0.77514159986316800     
   3.8799999999999613       0.77538336220388104     
   3.8899999999999610       0.77560368874374619     
   3.8999999999999608       0.77580435421075300     
   3.9099999999999606       0.77598700779840513     
   3.9199999999999604       0.77615317836911435     
   3.9299999999999602       0.77630428012844810     
   3.9399999999999600       0.77644161860696359     
   3.9499999999999598       0.77656639681152750     
   3.9599999999999596       0.77667972143136976     
   3.9699999999999593       0.77678260900522489     
   3.9799999999999591       0.77687599197471258     
   3.9899999999999589       0.77696072456566345     
   3.9999999999999587       0.77703758845338955     
   4.0099999999999589       0.77710729818001523     
   4.0199999999999587       0.77717050630226714     
   4.0299999999999585       0.77722780825652282     
   4.0399999999999583       0.77727974693496993     
   4.0499999999999581       0.77732681697205563     
   4.0599999999999579       0.77736946874499380     
   4.0699999999999577       0.77740811209535043     
   4.0799999999999574       0.77744311978125380     
   4.0899999999999572       0.77747483067162615     
   4.0999999999999570       0.77750355269503890     
   4.1099999999999568       0.77752956555657748     
   4.1199999999999566       0.77755312323648296     
   4.1299999999999564       0.77757445628439481     
   4.1399999999999562       0.77759377392294571     
   4.1499999999999559       0.77761126597402797     
   4.1599999999999557       0.77762710462072471     
   4.1699999999999555       0.77764144601723617     
   4.1799999999999553       0.77765443175860804     
   4.1899999999999551       0.77766619022138139     
   4.1999999999999549       0.77767683778562435     
   4.2099999999999547       0.77768647994816043     
   4.2199999999999545       0.77769521233608963     
   4.2299999999999542       0.77770312162916189     
   4.2399999999999540       0.77771028639881568     
   4.2499999999999538       0.77771677787117699     
   4.2599999999999536       0.77772266062079642     
   4.2699999999999534       0.77772799320118224     
   4.2799999999999532       0.77773282871798732     
   4.2899999999999530       0.77773721534994633     
   4.2999999999999527       0.77774119682240039     
   4.3099999999999525       0.77774481283784003     
   4.3199999999999523       0.77774809946745549     
   4.3299999999999521       0.77775108950737259     
   4.3399999999999519       0.77775381280300349     
   4.3499999999999517       0.77775629654454304     
   4.3599999999999515       0.77775856553647993     
   4.3699999999999513       0.77776064244370968     
   4.3799999999999510       0.77776254801659650     
   4.3899999999999508       0.77776430129723073     
   4.3999999999999506       0.77776591980880694     
   4.4099999999999504       0.77776741973004071     
   4.4199999999999502       0.77776881605629045     
   4.4299999999999500       0.77777012274898139     
   4.4399999999999498       0.77777135287479560     
   4.4499999999999496       0.77777251873600584     
   4.4599999999999493       0.77777363199321770     
   4.4699999999999491       0.77777470378178282     
   4.4799999999999489       0.77777574482296707     
   4.4899999999999487       0.77777676553103481     
   4.4999999999999485       0.77777777611729149     
   4.5099999999999483       0.77777878669210321     
   4.5199999999999481       0.77777980736592234     
   4.5299999999999478       0.77778084835034478     
   4.5399999999999476       0.77778192006014746     
   4.5499999999999474       0.77778303321737741     
   4.5599999999999472       0.77778419895850925     
   4.5699999999999470       0.77778542894571356     
   4.5799999999999468       0.77778673548339061     
   4.5899999999999466       0.77778813164107508     
   4.5999999999999464       0.77778963138398149     
   4.6099999999999461       0.77779124971244429     
   4.6199999999999459       0.77779300281166464     
   4.6299999999999457       0.77779490821322983     
   4.6399999999999455       0.77779698497001537     
   4.6499999999999453       0.77779925384619653     
   4.6599999999999451       0.77780173752421278     
   4.6699999999999449       0.77780446083079890     
   4.6799999999999446       0.77780745098419279     
   4.6899999999999444       0.77781073786507826     
   4.6999999999999442       0.77781435431376744     
   4.7099999999999440       0.77781833645666865     
   4.7199999999999438       0.77782272406510145     
   4.7299999999999436       0.77782756095000782     
   4.7399999999999434       0.77783289539635025     
   4.7499999999999432       0.77783878064139134     
   4.7599999999999429       0.77784527540145743     
   4.7699999999999427       0.77785244445213175     
   4.7799999999999425       0.77786035926754848     
   4.7899999999999423       0.77786909872465759     
   4.7999999999999421       0.77787874987917682     
   4.8099999999999419       0.77788940882041679     
   4.8199999999999417       0.77790118161287714     
   4.8299999999999415       0.77791418533329859     
   4.8399999999999412       0.77792854921243526     
   4.8499999999999410       0.77794441589199703     
   4.8599999999999408       0.77796194280769693     
   4.8699999999999406       0.77798130371060070     
   4.8799999999999404       0.77800269033985581     
   4.8899999999999402       0.77802631426083613     
   4.8999999999999400       0.77805240888406191     
   4.9099999999999397       0.77808123168110632     
   4.9199999999999395       0.77811306661508406     
   4.9299999999999393       0.77814822680415374     
   4.9399999999999391       0.77818705743797201     
   4.9499999999999389       0.77822993896762460     
   4.9599999999999387       0.77827729059091100     
   4.9699999999999385       0.77832957405527869     
   4.9799999999999383       0.77838729780153892     
   4.9899999999999380       0.77845102147153455     
   4.9999999999999378       0.77852136080279721     
   5.0099999999999376       0.77859899293261536     
   5.0199999999999374       0.77868466213229104     
   5.0299999999999372       0.77877918599026263     
   5.0399999999999370       0.77888346205912262     
   5.0499999999999368       0.77899847497708175     
   5.0599999999999365       0.77912530406746761     
   5.0699999999999363       0.77926513141175957     
   5.0799999999999361       0.77941925038037185     
   5.0899999999999359       0.77958907459143167     
   5.0999999999999357       0.77977614725043243     
   5.1099999999999355       0.77998215080196942     
   5.1199999999999353       0.78020891679850013     
   5.1299999999999351       0.78045843585927954     
   5.1399999999999348       0.78073286755481663     
   5.1499999999999346       0.78103455000750810     
   5.1599999999999344       0.78136600894701402     
   5.1699999999999342       0.78172996589915689     
   5.1799999999999340       0.78212934511903198     
   5.1899999999999338       0.78256727880345567     
   5.1999999999999336       0.78304711003468697     
   5.2099999999999334       0.78357239281875946     
   5.2199999999999331       0.78414688848966896     
   5.2299999999999329       0.78477455765872906     
   5.2399999999999327       0.78545954680167029     
   5.2499999999999325       0.78620616850150649     
   5.2599999999999323       0.78701887431120199     
   5.2699999999999321       0.78790221917809811     
   5.2799999999999319       0.78886081639418659     
   5.2899999999999316       0.78989928211854465     
   5.2999999999999314       0.79102216867545927     
   5.3099999999999312       0.79223388608143730     
   5.3199999999999310       0.79353861161071260     
   5.3299999999999308       0.79494018768485286     
   5.3399999999999306       0.79644200897188300     
   5.3499999999999304       0.79804690030241066     
   5.3599999999999302       0.79975698783677229     
   5.3699999999999299       0.80157356681828018     
   5.3799999999999297       0.80349697017219701     
   5.3899999999999295       0.80552644309151744     
   5.3999999999999293       0.80766002950242954     
   5.4099999999999291       0.80989447682847704     
   5.4199999999999289       0.81222516567107383     
   5.4299999999999287       0.81464607080269102     
   5.4399999999999284       0.81714975915647503     
   5.4499999999999282       0.81972742925825692     
   5.4599999999999280       0.82236899480203141     
   5.4699999999999278       0.82506321289199969     
   5.4799999999999276       0.82779785500201308     
   5.4899999999999274       0.83055991612461821     
   5.4999999999999272       0.83333585512214237     
   5.5099999999999270       0.83611185718455650     
   5.5199999999999267       0.83887410775629667     
   5.5299999999999265       0.84160906647860934     
   5.5399999999999263       0.84430372969342826     
   5.5499999999999261       0.84694587086887640     
   5.5599999999999259       0.84952424984800579     
   5.5699999999999257       0.85202878392934367     
   5.5799999999999255       0.85445067624731008     
   5.5899999999999253       0.85678249949919794     
   5.5999999999999250       0.85901823553837686     
   5.6099999999999248       0.86115327353181303     
   5.6199999999999246       0.86318437112623903     
   5.6299999999999244       0.86510958430606855     
   5.6399999999999242       0.86692817233969366     
   5.6499999999999240       0.86864048443326425     
   5.6599999999999238       0.87024783451333554     
   5.6699999999999235       0.87175237003406436     
   5.6799999999999233       0.87315693995363808     
   5.6899999999999231       0.87446496614343205     
   5.6999999999999229       0.87568032156902531     
   5.7099999999999227       0.87680721768155356     
   5.7199999999999225       0.87785010263110486     
   5.7299999999999223       0.87881357119233894     
   5.7399999999999221       0.87970228669242612     
   5.7499999999999218       0.88052091475580285     
   5.7599999999999216       0.88127406832404553     
   5.7699999999999214       0.88196626315947890     
   5.7799999999999212       0.88260188288470831     
   5.7899999999999210       0.88318515252808838     
   5.7999999999999208       0.88372011952354157     
   5.8099999999999206       0.88421064113611336     
   5.8199999999999203       0.88466037733868741     
   5.8299999999999201       0.88507278824107039     
   5.8399999999999199       0.88545113525994124     
   5.8499999999999197       0.88579848531085270     
   5.8599999999999195       0.88611771739655532     
   5.8699999999999193       0.88641153105563331     
   5.8799999999999191       0.88668245621920050     
   5.8899999999999189       0.88693286410059424     
   5.8999999999999186       0.88716497881176037     
   5.9099999999999184       0.88738088946112592     
   5.9199999999999182       0.88758256254104051     
   5.9299999999999180       0.88777185445859252     
   5.9399999999999178       0.88795052410257258     
   5.9499999999999176       0.88812024537222245     
   5.9599999999999174       0.88828261962063382     
   5.9699999999999172       0.88843918798804633     
   5.9799999999999169       0.88859144361817832     
   5.9899999999999167       0.88874084376525875     
   5.9999999999999165       0.88888882180990347     
   6.0099999999999163       0.88903679921006151     
   6.0199999999999161       0.88918619741829319     
   6.0299999999999159       0.88933844979896370     
   6.0399999999999157       0.88949501357916305     
   6.0499999999999154       0.88965738186457877     
   6.0599999999999152       0.88982709574631003     
   6.0699999999999150       0.89000575651722968     
   6.0799999999999148       0.89019503800506194     
   6.0899999999999146       0.89039669901572716     
   6.0999999999999144       0.89061259586207620     
   6.1099999999999142       0.89084469493080320     
   6.1199999999999140       0.89109508521333247     
   6.1299999999999137       0.89136599069347155     
   6.1399999999999135       0.89165978244562560     
   6.1499999999999133       0.89197899025173299     
   6.1599999999999131       0.89232631349165814     
   6.1699999999999129       0.89270463100114228     
   6.1799999999999127       0.89311700952179940     
   6.1899999999999125       0.89356671029134660     
   6.1999999999999122       0.89405719323814004     
   6.2099999999999120       0.89459211815412454     
   6.2199999999999118       0.89517534212764938     
   6.2299999999999116       0.89581091242476363     
   6.2399999999999114       0.89650305392009899     
   6.2499999999999112       0.89725615010303783     
   6.2599999999999110       0.89807471663042648     
   6.2699999999999108       0.89896336637420982     
   6.2799999999999105       0.89992676493426971     
   6.2899999999999103       0.90096957566815072     
   6.2999999999999101       0.90209639344634540     
   6.3099999999999099       0.90331166659109607     
   6.3199999999999097       0.90461960681287834     
   6.3299999999999095       0.90602408743417362     
   6.3399999999999093       0.90752853078993967     
   6.3499999999999091       0.90913578641607196     
   6.3599999999999088       0.91084800246337061     
   6.3699999999999086       0.91266649367519059     
   6.3799999999999084       0.91459161019178070     
   6.3899999999999082       0.91662261232484410     
   6.3999999999999080       0.91875755719774210     
   6.4099999999999078       0.92099320367214510     
   6.4199999999999076       0.92332494218037431     
   6.4299999999999073       0.92574675586037669     
   6.4399999999999071       0.92825121867747939     
   6.4499999999999069       0.93082953497840515     
   6.4599999999999067       0.93347162317753629     
   6.4699999999999065       0.93616624409738014     
   6.4799999999999063       0.93890117201193013     
   6.4899999999999061       0.94166340386360026     
   6.4999999999999059       0.94443939966424217     
   6.5099999999999056       0.94721534498365423     
   6.5199999999999054       0.94997742488663306     
   6.5299999999999052       0.95271209786508038     
   6.5399999999999050       0.95540635831127985     
   6.5499999999999048       0.95804797689348420     
   6.5599999999999046       0.96062570973678463     
   6.5699999999999044       0.96312946941968491     
   6.5799999999999041       0.96555045325622180     
   6.5899999999999039       0.96788122691202760     
   6.5999999999999037       0.97011576387565079     
   6.6099999999999035       0.97224944348386522     
   6.6199999999999033       0.97427901194608191     
   6.6299999999999031       0.97620251205043473     
   6.6399999999999029       0.97801918794756959     
   6.6499999999999027       0.97972937162974860     
   6.6599999999999024       0.98133435752461828     
   6.6699999999999022       0.98283627109715843     
   6.6799999999999020       0.98423793660160819     
   6.6899999999999018       0.98554274824388477     
   6.6999999999999016       0.98675454809027030     
   6.7099999999999014       0.98787751315737582     
   6.7199999999999012       0.98891605329144383     
   6.7299999999999010       0.98987472072295146     
   6.7399999999999007       0.99075813158287807     
   6.7499999999999005       0.99157089919022134     
   6.7599999999999003       0.99231757856458103     
   6.7699999999999001       0.99300262136737727     
   6.7799999999998999       0.99363034031807251     
   6.7899999999998997       0.99420488204964641     
   6.7999999999998995       0.99473020734518058     
   6.8099999999998992       0.99521007771963277     
   6.8199999999998990       0.99564804736468993     
   6.8299999999998988       0.99604745954927187     
   6.8399999999998986       0.99641144665480619     
   6.8499999999998984       0.99674293311662099     
   6.8599999999998982       0.99704464063447062     
   6.8699999999998980       0.99731909510424799     
   6.8799999999998978       0.99756863480588598     
   6.8899999999998975       0.99779541945797390     
   6.8999999999998973       0.99800143981795175     
   6.9099999999998971       0.99818852756626186     
   6.9199999999998969       0.99835836526523869     
   6.9299999999998967       0.99851249622785454     
   6.9399999999998965       0.99865233416951482     
   6.9499999999998963       0.99877917254793092     
   6.9599999999998960       0.99889419352206532     
   6.9699999999998958       0.99899847648311102     
   6.9799999999998956       0.99909300612774665     
   6.9899999999998954       0.99917868005784471     
   6.9999999999998952       0.99925631590203368     
   7.0099999999998950       0.99932665796296127     
   7.0199999999998948       0.99939038340041320     
   7.0299999999998946       0.99944810796567174     
   7.0399999999998943       0.99950039130550516     
   7.0499999999998941       0.99954774185682560     
   7.0599999999998939       0.99959062135416410     
   7.0699999999998937       0.99962944897316497     
   7.0799999999998935       0.99966460513329147     
   7.0899999999998933       0.99969643498265115     
   7.0999999999998931       0.99972525158753500     
   7.1099999999998929       0.99975133884824630     
   7.1199999999998926       0.99977495416202544     
   7.1299999999998924       0.99979633085270214     
   7.1399999999998922       0.99981568038573398     
   7.1499999999998920       0.99983319438609308     
   7.1599999999998918       0.99984904647530470     
   7.1699999999998916       0.99986339394281332     
   7.1799999999998914       0.99987637926584783     
   7.1899999999998911       0.99988813149091404     
   7.1999999999998909       0.99989876748874806     
   7.2099999999998907       0.99990839309412083     
   7.2199999999998905       0.99991710414056278     
   7.2299999999998903       0.99992498739937963     
   7.2399999999998901       0.99993212143163090     
   7.2499999999998899       0.99993857736093772     
   7.2599999999998897       0.99994441957426494     
   7.2699999999998894       0.99994970635718827     
   7.2799999999998892       0.99995449046997065     
   7.2899999999998890       0.99995881966940159     
   7.2999999999998888       0.99996273718187334     
   7.3099999999998886       0.99996628213187244     
   7.3199999999998884       0.99996948993026968     
   7.3299999999998882       0.99997239262594539     
   7.3399999999998879       0.99997501922432896     
   7.3499999999998877       0.99997739597586943     
   7.3599999999998875       0.99997954663723887     
   7.3699999999998873       0.99998149270787406     
   7.3799999999998871       0.99998325364415663     
   7.3899999999998869       0.99998484705330748     
   7.3999999999998867       0.99998628886890684     
   7.4099999999998865       0.99998759350987343     
   7.4199999999998862       0.99998877402422515     
   7.4299999999998860       0.99998984221941178     
   7.4399999999998858       0.99999080878008884     
   7.4499999999998856       0.99999168337484567     
   7.4599999999998854       0.99999247475276831     
   7.4699999999998852       0.99999319083084559     
   7.4799999999998850       0.99999383877303594     
   7.4899999999998847       0.99999442506188430     
   7.4999999999998845       0.99999495556330964     
   7.5099999999998843       0.99999543558521031     
   7.5199999999998841       0.99999586993056411     
   7.5299999999998839       0.99999626294541644     
   7.5399999999998837       0.99999661856235633     
   7.5499999999998835       0.99999694033983977     
   7.5599999999998833       0.99999723149773923     
   7.5699999999998830       0.99999749494962797     
   7.5799999999998828       0.99999773333182007     
   7.5899999999998826       0.99999794902983552     
   7.5999999999998824       0.99999814420220134     
   7.6099999999998822       0.99999832080203233     
   7.6199999999998820       0.99999848059667129     
   7.6299999999998818       0.99999862518522342     
   7.6399999999998816       0.99999875601468191     
   7.6499999999998813       0.99999887439432911     
   7.6599999999998811       0.99999898150889577     
   7.6699999999998809       0.99999907843033731     
   7.6799999999998807       0.99999916612862572     
   7.6899999999998805       0.99999924548143504     
   7.6999999999998803       0.99999931728292724     
   7.7099999999998801       0.99999938225169316     
   7.7199999999998798       0.99999944103791982     
   7.7299999999998796       0.99999949422995238     
   7.7399999999998794       0.99999954236014132     
   7.7499999999998792       0.99999958591016691     
   7.7599999999998790       0.99999962531588815     
   7.7699999999998788       0.99999966097168902     
   7.7799999999998786       0.99999969323440696     
   7.7899999999998784       0.99999972242694368     
   7.7999999999998781       0.99999974884145693     
   7.8099999999998779       0.99999977274229424     
   7.8199999999998777       0.99999979436868514     
   7.8299999999998775       0.99999981393706028     
   7.8399999999998773       0.99999983164327000     
   7.8499999999998771       0.99999984766449090     
   7.8599999999998769       0.99999986216113479     
   7.8699999999998766       0.99999987527821055     
   7.8799999999998764       0.99999988714704513     
   7.8899999999998762       0.99999989788641208     
   7.8999999999998760       0.99999990760380697     
   7.9099999999998758       0.99999991639646291     
   7.9199999999998756       0.99999992435237417     
   7.9299999999998754       0.99999993155120115     
   7.9399999999998752       0.99999993806496290     
   7.9499999999998749       0.99999994395885949     
   7.9599999999998747       0.99999994929187452     
   7.9699999999998745       0.99999995411739606     
   7.9799999999998743       0.99999995848369394     
   7.9899999999998741       0.99999996243449452     
   7.9999999999998739       0.99999996600932761     
   8.0099999999998737       0.99999996924395740     
   8.0199999999998735       0.99999997217077585     
   8.0299999999998732       0.99999997481909297     
   8.0399999999998730       0.99999997721536416     
   8.0499999999998728       0.99999997938359919     
   8.0599999999998726       0.99999998134551682     
   8.0699999999998724       0.99999998312072924     
   8.0799999999998722       0.99999998472700158     
   8.0899999999998720       0.99999998618040720     
   8.0999999999998717       0.99999998749552865     
   8.1099999999998715       0.99999998868547280     
   8.1199999999998713       0.99999998976221172     
   8.1299999999998711       0.99999999073645740     
   8.1399999999998709       0.99999999161800113     
   8.1499999999998707       0.99999999241565141     
   8.1599999999998705       0.99999999313739862     
   8.1699999999998703       0.99999999379046756     
   8.1799999999998700       0.99999999438137399     
   8.1899999999998698       0.99999999491604874     
   8.1999999999998696       0.99999999539986839     
   8.2099999999998694       0.99999999583761068     
   8.2199999999998692       0.99999999623370939     
   8.2299999999998690       0.99999999659212280     
   8.2399999999998688       0.99999999691643948     
   8.2499999999998685       0.99999999720987787     
   8.2599999999998683       0.99999999747538004     
   8.2699999999998681       0.99999999771565173     
   8.2799999999998679       0.99999999793303018     
   8.2899999999998677       0.99999999812972162     
   8.2999999999998675       0.99999999830770803     
   8.3099999999998673       0.99999999846874210     
   8.3199999999998671       0.99999999861447464     
   8.3299999999998668       0.99999999874630929     
   8.3399999999998666       0.99999999886562696     
   8.3499999999998664       0.99999999897356717     
   8.3599999999998662       0.99999999907124371     
   8.3699999999998660       0.99999999915963800     
   8.3799999999998658       0.99999999923959726     
   8.3899999999998656       0.99999999931197003     
   8.3999999999998654       0.99999999937744455     
   8.4099999999998651       0.99999999943669415     
   8.4199999999998649       0.99999999949028484     
   8.4299999999998647       0.99999999953879304     
   8.4399999999998645       0.99999999958267116     
   8.4499999999998643       0.99999999962239194     
   8.4599999999998641       0.99999999965833808     
   8.4699999999998639       0.99999999969083886     
   8.4799999999998636       0.99999999972026565     
   8.4899999999998634       0.99999999974689679     
   8.4999999999998632       0.99999999977096798     
   8.5099999999998630       0.99999999979277776     
   8.5199999999998628       0.99999999981248366     
   8.5299999999998626       0.99999999983032017     
   8.5399999999998624       0.99999999984648902     
   8.5499999999998622       0.99999999986109700     
   8.5599999999998619       0.99999999987430455     
   8.5699999999998617       0.99999999988626009     
   8.5799999999998615       0.99999999989709287     
   8.5899999999998613       0.99999999990687571     
   8.5999999999998611       0.99999999991574873     
   8.6099999999998609       0.99999999992377164     
   8.6199999999998607       0.99999999993102917     
   8.6299999999998604       0.99999999993757827     
   8.6399999999998602       0.99999999994352917     
   8.6499999999998600       0.99999999994889643     
   8.6599999999998598       0.99999999995376676     
   8.6699999999998596       0.99999999995816269     
   8.6799999999998594       0.99999999996215427     
   8.6899999999998592       0.99999999996574218     
   8.6999999999998590       0.99999999996900668     
   8.7099999999998587       0.99999999997195710     
   8.7199999999998585       0.99999999997463496     
   8.7299999999998583       0.99999999997704059     
   8.7399999999998581       0.99999999997923306     
   8.7499999999998579       0.99999999998120359     
   8.7599999999998577       0.99999999998299183     
   8.7699999999998575       0.99999999998460865     
   8.7799999999998573       0.99999999998607392     
   8.7899999999998570       0.99999999998739897     
   8.7999999999998568       0.99999999998860034     
   8.8099999999998566       0.99999999998969225     
   8.8199999999998564       0.99999999999065237     
   8.8299999999998562       0.99999999999156175     
   8.8399999999998560       0.99999999999235056     
   8.8499999999998558       0.99999999999307776     
   8.8599999999998555       0.99999999999373457     
   8.8699999999998553       0.99999999999434075     
   8.8799999999998551       0.99999999999487699     
   8.8899999999998549       0.99999999999537104     
   8.8999999999998547       0.99999999999580602     
   8.9099999999998545       0.99999999999621025     
   8.9199999999998543       0.99999999999656408     
   8.9299999999998541       0.99999999999688705     
   8.9399999999998538       0.99999999999719003     
   8.9499999999998536       0.99999999999745393     
   8.9599999999998534       0.99999999999769529     
   8.9699999999998532       0.99999999999792821     
   8.9799999999998530       0.99999999999811073     
   8.9899999999998528       0.99999999999828204     
   8.9999999999998526       0.99999999999845324     
   9.0099999999998523       0.99999999999860478     
   9.0199999999998521       0.99999999999873679     
   9.0299999999998519       0.99999999999885758     
   9.0399999999998517       0.99999999999896971     
   9.0499999999998515       0.99999999999905975     
   9.0599999999998513       0.99999999999914102     
   9.0699999999998511       0.99999999999924205     
   9.0799999999998509       0.99999999999931233     
   9.0899999999998506       0.99999999999937395     
   9.0999999999998504       0.99999999999944422     
   9.1099999999998502       0.99999999999949474     
   9.1199999999998500       0.99999999999954525     
   9.1299999999998498       0.99999999999957601     
   9.1399999999998496       0.99999999999961553     
   9.1499999999998494       0.99999999999964628     
   9.1599999999998492       0.99999999999969680     
   9.1699999999998489       0.99999999999971634     
   9.1799999999998487       0.99999999999974731     
   9.1899999999998485       0.99999999999976708     
   9.1999999999998483       0.99999999999979794     
   9.2099999999998481       0.99999999999981759     
   9.2199999999998479       0.99999999999982869     
   9.2299999999998477       0.99999999999984845     
   9.2399999999998474       0.99999999999984845     
   9.2499999999998472       0.99999999999986811     
   9.2599999999998470       0.99999999999987921     
   9.2699999999998468       0.99999999999989897     
   9.2799999999998466       0.99999999999989897     
   9.2899999999998464       0.99999999999991873     
   9.2999999999998462       0.99999999999991873     
   9.3099999999998460       0.99999999999992972     
   9.3199999999998457       0.99999999999994948     
   9.3299999999998455       0.99999999999994948     
   9.3399999999998453       0.99999999999994948     
   9.3499999999998451       0.99999999999994948     
   9.3599999999998449       0.99999999999994948     
   9.3699999999998447       0.99999999999994948     
   9.3799999999998445       0.99999999999996925     
   9.3899999999998442       0.99999999999996925     
   9.3999999999998440       0.99999999999996925     
   9.4099999999998438       0.99999999999996925     
   9.4199999999998436       0.99999999999998024     
   9.4299999999998434       0.99999999999998024     
   9.4399999999998432       0.99999999999998024     
   9.4499999999998430       0.99999999999998024     
   9.4599999999998428       0.99999999999998024     
   9.4699999999998425       0.99999999999998024     
   9.4799999999998423       0.99999999999998024     
   9.4899999999998421        1.0000000000000000     
   9.4999999999998419        1.0000000000000000     
   9.5099999999998417        1.0000000000000000     
   9.5199999999998415        1.0000000000000000     
   9.5299999999998413        1.0000000000000000     
   9.5399999999998411        1.0000000000000000     
   9.5499999999998408        1.0000000000000000     
   9.5599999999998406        1.0000000000000000     
   9.5699999999998404        1.0000000000000000     
   9.5799999999998402        1.0000000000000000     
   9.5899999999998400        1.0000000000000000     
   9.5999999999998398        1.0000000000000000     
   9.6099999999998396        1.0000000000000000     
   9.6199999999998393        1.0000000000000000     
   9.6299999999998391        1.0000000000000000     
   9.6399999999998389        1.0000000000000000     
   9.6499999999998387        1.0000000000000000     
   9.6599999999998385        1.0000000000000000     
   9.6699999999998383        1.0000000000000000     
   9.6799999999998381        1.0000000000000000     
   9.6899999999998379        1.0000000000000000     
   9.6999999999998376        1.0000000000000000     
   9.7099999999998374        1.0000000000000000     
   9.7199999999998372        1.0000000000000000     
   9.7299999999998370        1.0000000000000000     
   9.7399999999998368        1.0000000000000000     
   9.7499999999998366        1.0000000000000000     
   9.7599999999998364        1.0000000000000000     
   9.7699999999998361        1.0000000000000000     
   9.7799999999998359        1.0000000000000000     
   9.7899999999998357        1.0000000000000000     
   9.7999999999998355        1.0000000000000000     
   9.8099999999998353        1.0000000000000000     
   9.8199999999998351        1.0000000000000000     
   9.8299999999998349        1.0000000000000000     
   9.8399999999998347        1.0000000000000000     
   9.8499999999998344        1.0000000000000000     
   9.8599999999998342        1.0000000000000000     
   9.8699999999998340        1.0000000000000000     
   9.8799999999998338        1.0000000000000000     
   9.8899999999998336        1.0000000000000000     
   9.8999999999998334        1.0000000000000000     
   9.9099999999998332        1.0000000000000000     
   9.9199999999998330        1.0000000000000000     
   9.9299999999998327        1.0000000000000000     
   9.9399999999998325        1.0000000000000000     
   9.9499999999998323        1.0000000000000000     
   9.9599999999998321        1.0000000000000000     
   9.9699999999998319        1.0000000000000000     
   9.9799999999998317        1.0000000000000000     
   9.9899999999998315        1.0000000000000000     
   9.9999999999998312        1.0000000000000000     
