   0.0000000000000000       -3.7730235602495554E-017
   1.0000000000000000E-002   1.4696594214469718E-003
   2.0000000000000000E-002   2.9403633612098234E-003
   2.9999999999999999E-002   4.4132059441135321E-003
   4.0000000000000001E-002   5.8893771925091600E-003
   5.0000000000000003E-002   7.3702030172885591E-003
   6.0000000000000005E-002   8.8571765364066374E-003
   7.0000000000000007E-002   1.0351979152170336E-002
   8.0000000000000002E-002   1.1856490703393808E-002
   8.9999999999999997E-002   1.3372788863335670E-002
   9.9999999999999992E-002   1.4903138686184477E-002
  0.10999999999999999        1.6449973751297763E-002
  0.11999999999999998        1.8015870687997971E-002
  0.12999999999999998        1.9603518989594490E-002
  0.13999999999999999        2.1215687973010305E-002
  0.14999999999999999        2.2855192554150264E-002
  0.16000000000000000        2.4524859237773672E-002
  0.17000000000000001        2.6227493409763644E-002
  0.18000000000000002        2.7965848706761672E-002
  0.19000000000000003        2.9742598950113872E-002
  0.20000000000000004        3.1560312884372603E-002
  0.21000000000000005        3.3421431762608866E-002
  0.22000000000000006        3.5328249671996492E-002
  0.23000000000000007        3.7282896389457615E-002
  0.24000000000000007        3.9287322491964129E-002
  0.25000000000000006        4.1343286412049512E-002
  0.26000000000000006        4.3452343119012055E-002
  0.27000000000000007        4.5615834114356428E-002
  0.28000000000000008        4.7834878451678553E-002
  0.29000000000000009        5.0110364523685780E-002
  0.30000000000000010        5.2442942401072654E-002
  0.31000000000000011        5.4833016559412730E-002
  0.32000000000000012        5.7280738891881885E-002
  0.33000000000000013        5.9786001978200387E-002
  0.34000000000000014        6.2348432663940384E-002
  0.35000000000000014        6.4967386097841182E-002
  0.36000000000000015        6.7641940474112441E-002
  0.37000000000000016        7.0370892824982337E-002
  0.38000000000000017        7.3152756295558230E-002
  0.39000000000000018        7.5985759395540517E-002
  0.40000000000000019        7.8867847746335984E-002
  0.41000000000000020        8.1796688815237023E-002
  0.42000000000000021        8.4769680043075002E-002
  0.43000000000000022        8.7783960628505880E-002
  0.44000000000000022        9.0836427041628809E-002
  0.45000000000000023        9.3923752122467993E-002
  0.46000000000000024        9.7042407403906988E-002
  0.47000000000000025       0.10018868811371209     
  0.48000000000000026       0.10335874018201144     
  0.49000000000000027       0.10654858852452340     
  0.50000000000000022       0.10975416589044858     
  0.51000000000000023       0.11297134164664054     
  0.52000000000000024       0.11619594999627288     
  0.53000000000000025       0.11942381727636753     
  0.54000000000000026       0.12265078812123151     
  0.55000000000000027       0.12587275040093418     
  0.56000000000000028       0.12908565893567184     
  0.57000000000000028       0.13228555804607403     
  0.58000000000000029       0.13546860302947708     
  0.59000000000000030       0.13863108065917829     
  0.60000000000000031       0.14176942879480570     
  0.61000000000000032       0.14488025517330461     
  0.62000000000000033       0.14796035542607364     
  0.63000000000000034       0.15100673034123266     
  0.64000000000000035       0.15401660236185991     
  0.65000000000000036       0.15698743128172546     
  0.66000000000000036       0.15991692906895150     
  0.67000000000000037       0.16280307371484468     
  0.68000000000000038       0.16564412196938469     
  0.69000000000000039       0.16843862078617813     
  0.70000000000000040       0.17118541725809211     
  0.71000000000000041       0.17388366678052528     
  0.72000000000000042       0.17653283913275175     
  0.73000000000000043       0.17913272212003817     
  0.74000000000000044       0.18168342237204801     
  0.75000000000000044       0.18418536284870496     
  0.76000000000000045       0.18663927656735826     
  0.77000000000000046       0.18904619603988329     
  0.78000000000000047       0.19140743790241951     
  0.79000000000000048       0.19372458224278069     
  0.80000000000000049       0.19599944619151105     
  0.81000000000000050       0.19823405145345735     
  0.82000000000000051       0.20043058562869276     
  0.83000000000000052       0.20259135741341566     
  0.84000000000000052       0.20471874608777393     
  0.85000000000000053       0.20681514608552171     
  0.86000000000000054       0.20888290788770267     
  0.87000000000000055       0.21092427696428334     
  0.88000000000000056       0.21294133296668177     
  0.89000000000000057       0.21493593180077319     
  0.90000000000000058       0.21690965352715386     
  0.91000000000000059       0.21886375918306267     
  0.92000000000000060       0.22079915954536836     
  0.93000000000000060       0.22271639851751346     
  0.94000000000000061       0.22461565321065288     
  0.95000000000000062       0.22649675191528548     
  0.96000000000000063       0.22835921007241350     
  0.97000000000000064       0.23020228313242416     
  0.98000000000000065       0.23202503394127538     
  0.99000000000000066       0.23382641114011582     
   1.0000000000000007       0.23560533413178511     
   1.0100000000000007       0.23736077956910673     
   1.0200000000000007       0.23909186413762878     
   1.0300000000000007       0.24079791867703179     
   1.0400000000000007       0.24247854939133159     
   1.0500000000000007       0.24413368296310059     
   1.0600000000000007       0.24576359368775913     
   1.0700000000000007       0.24736891212967782     
   1.0800000000000007       0.24895061611789682     
   1.0900000000000007       0.25051000601232748     
   1.1000000000000008       0.25204866698896572     
   1.1100000000000008       0.25356842157190435     
   1.1200000000000008       0.25507127578662192     
   1.1300000000000008       0.25655936216895014     
   1.1400000000000008       0.25803488250733603     
   1.1500000000000008       0.25950005270262183     
   1.1600000000000008       0.26095705157584631     
   1.1700000000000008       0.26240797490393458     
   1.1800000000000008       0.26385479546180907     
   1.1900000000000008       0.26529932942563600     
   1.2000000000000008       0.26674320915780592     
   1.2100000000000009       0.26818786214973900     
   1.2200000000000009       0.26963449573540960     
   1.2300000000000009       0.27108408709332782     
   1.2400000000000009       0.27253737801273759     
   1.2500000000000009       0.27399487389639227     
   1.2600000000000009       0.27545684649428714     
   1.2700000000000009       0.27692333989949014     
   1.2800000000000009       0.27839417938006383     
   1.2900000000000009       0.27986898266400750     
   1.3000000000000009       0.28134717333306886     
   1.3100000000000009       0.28282799601347314     
   1.3200000000000010       0.28431053307650034     
   1.3300000000000010       0.28579372257876084     
   1.3400000000000010       0.28727637718224591     
   1.3500000000000010       0.28875720379873154     
   1.3600000000000010       0.29023482370362413     
   1.3700000000000010       0.29170779286256254     
   1.3800000000000010       0.29317462221216722     
   1.3900000000000010       0.29463379763554443     
   1.4000000000000010       0.29608379937562218     
   1.4100000000000010       0.29752312063586417     
   1.4200000000000010       0.29895028512976940     
   1.4300000000000010       0.30036386335796561     
   1.4400000000000011       0.30176248741494982     
   1.4500000000000011       0.30314486415626951     
   1.4600000000000011       0.30450978659047639     
   1.4700000000000011       0.30585614339749095     
   1.4800000000000011       0.30718292651505996     
   1.4900000000000011       0.30848923677623991     
   1.5000000000000011       0.30977428762195836     
   1.5100000000000011       0.31103740695251242     
   1.5200000000000011       0.31227803721886638     
   1.5300000000000011       0.31349573388799445     
   1.5400000000000011       0.31469016244521453     
   1.5500000000000012       0.31586109412010765     
   1.5600000000000012       0.31700840054047830     
   1.5700000000000012       0.31813204753097601     
   1.5800000000000012       0.31923208827935334     
   1.5900000000000012       0.32030865609394743     
   1.6000000000000012       0.32136195697124509     
   1.6100000000000012       0.32239226218273226     
   1.6200000000000012       0.32339990107595479     
   1.6300000000000012       0.32438525426657655     
   1.6400000000000012       0.32534874737663888     
   1.6500000000000012       0.32629084545001924     
   1.6600000000000013       0.32721204814969823     
   1.6700000000000013       0.32811288581378040     
   1.6800000000000013       0.32899391641882064     
   1.6900000000000013       0.32985572347055014     
   1.7000000000000013       0.33069891481423846     
   1.7100000000000013       0.33152412233022543     
   1.7200000000000013       0.33233200245499211     
   1.7300000000000013       0.33312323744502081     
   1.7400000000000013       0.33389853727979119     
   1.7500000000000013       0.33465864208171459     
   1.7600000000000013       0.33540432491481731     
   1.7700000000000014       0.33613639481038832     
   1.7800000000000014       0.33685569985671809     
   1.7900000000000014       0.33756313018142120     
   1.8000000000000014       0.33825962064896875     
   1.8100000000000014       0.33894615309315346     
   1.8200000000000014       0.33962375790523325     
   1.8300000000000014       0.34029351480430070     
   1.8400000000000014       0.34095655262877611     
   1.8500000000000014       0.34161404800860518     
   1.8600000000000014       0.34226722280909261     
   1.8700000000000014       0.34291734028153231     
   1.8800000000000014       0.34356569991473784     
   1.8900000000000015       0.34421363105624381     
   1.9000000000000015       0.34486248546163106     
   1.9100000000000015       0.34551362903187260     
   1.9200000000000015       0.34616843310634116     
   1.9300000000000015       0.34682826578368753     
   1.9400000000000015       0.34749448383266979     
   1.9500000000000015       0.34816842581657192     
   1.9600000000000015       0.34885140707440554     
   1.9700000000000015       0.34954471716838659     
   1.9800000000000015       0.35024962031350876     
   1.9900000000000015       0.35096735915148036     
   2.0000000000000013       0.35169916202575480     
   2.0100000000000011       0.35244625367268917     
   2.0200000000000009       0.35320986898737700     
   2.0300000000000007       0.35399126927708530     
   2.0400000000000005       0.35479176020549436     
   2.0500000000000003       0.35561271047958787     
   2.0600000000000001       0.35645557025453478     
   2.0699999999999998       0.35732188823849331     
   2.0799999999999996       0.35821332656864047     
   2.0899999999999994       0.35913167269126006     
   2.0999999999999992       0.36007884769463772     
   2.1099999999999990       0.36105691078896773     
   2.1199999999999988       0.36206805987549895     
   2.1299999999999986       0.36311462837176006     
   2.1399999999999983       0.36419907863980483     
   2.1499999999999981       0.36532399248647229     
   2.1599999999999979       0.36649205926408485     
   2.1699999999999977       0.36770606210037005     
   2.1799999999999975       0.36896886273765400     
   2.1899999999999973       0.37028338537770272     
   2.1999999999999971       0.37165259982472104     
   2.2099999999999969       0.37307950410895019     
   2.2199999999999966       0.37456710666831772     
   2.2299999999999964       0.37611840807355701     
   2.2399999999999962       0.37773638220771599     
   2.2499999999999960       0.37942395675609553     
   2.2599999999999958       0.38118399282703042     
   2.2699999999999956       0.38301926350637716     
   2.2799999999999954       0.38493243114725867     
   2.2899999999999952       0.38692602320958919     
   2.2999999999999949       0.38900240649031648     
   2.3099999999999947       0.39116375962420752     
   2.3199999999999945       0.39341204378727396     
   2.3299999999999943       0.39574897160138761     
   2.3399999999999941       0.39817597432175167     
   2.3499999999999939       0.40069416749093678     
   2.3599999999999937       0.40330431536677813     
   2.3699999999999934       0.40600679457866612     
   2.3799999999999932       0.40880155763779302     
   2.3899999999999930       0.41168809711947624     
   2.3999999999999928       0.41466541154340619     
   2.4099999999999926       0.41773197418820751     
   2.4199999999999924       0.42088570627234512     
   2.4299999999999922       0.42412395608895381     
   2.4399999999999920       0.42744348576832714     
   2.4499999999999917       0.43084046732711556     
   2.4599999999999915       0.43431048952001272     
   2.4699999999999913       0.43784857672010230     
   2.4799999999999911       0.44144922061713693     
   2.4899999999999909       0.44510642495884273     
   2.4999999999999907       0.44881376291134817     
   2.5099999999999905       0.45256444594151102     
   2.5199999999999902       0.45635140249591566     
   2.5299999999999900       0.46016736423600224     
   2.5399999999999898       0.46400495723949348     
   2.5499999999999896       0.46785679542608882     
   2.5599999999999894       0.47171557351543186     
   2.5699999999999892       0.47557415705898254     
   2.5799999999999890       0.47942566746804999     
   2.5899999999999888       0.48326356043972279     
   2.5999999999999885       0.48708169670986401     
   2.6099999999999883       0.49087440458840459     
   2.6199999999999881       0.49463653421467818     
   2.6299999999999879       0.49836350387725159     
   2.6399999999999877       0.50205133905218424     
   2.6499999999999875       0.50569670501695685     
   2.6599999999999873       0.50929693399478393     
   2.6699999999999871       0.51285004778478926     
   2.6799999999999868       0.51635477675099217     
   2.6899999999999866       0.51981057589202417     
   2.6999999999999864       0.52321763850790948     
   2.7099999999999862       0.52657690773070798     
   2.7199999999999860       0.52989008589898523     
   2.7299999999999858       0.53315964143541072     
   2.7399999999999856       0.53638881253250537     
   2.7499999999999853       0.53958160656318654     
   2.7599999999999851       0.54274279371065970     
   2.7699999999999849       0.54587789285971289     
   2.7799999999999847       0.54899314731846516     
   2.7899999999999845       0.55209548746420556     
   2.7999999999999843       0.55519247696018603     
   2.8099999999999841       0.55829223881808554     
   2.8199999999999839       0.56140335734762647     
   2.8299999999999836       0.56453475202425862     
   2.8399999999999834       0.56769551962022946     
   2.8499999999999832       0.57089474169930243     
   2.8599999999999830       0.57414125588903542     
   2.8699999999999828       0.57744339131940903     
   2.8799999999999826       0.58080867131413583     
   2.8899999999999824       0.58424348982688323     
   2.8999999999999821       0.58775277210423038     
   2.9099999999999819       0.59133963435996906     
   2.9199999999999817       0.59500506142830556     
   2.9299999999999815       0.59874762483854882     
   2.9399999999999813       0.60256326582743724     
   2.9499999999999811       0.60644516777461244     
   2.9599999999999809       0.61038373983816951     
   2.9699999999999807       0.61436672789595592     
   2.9799999999999804       0.61837946041363545     
   2.9899999999999802       0.62240522622594441     
   2.9999999999999800       0.62642576958939811     
   3.0099999999999798       0.63042187674144567     
   3.0199999999999796       0.63437401916626757     
   3.0299999999999794       0.63826301317706746     
   3.0399999999999792       0.64207065411991182     
   3.0499999999999790       0.64578028663394216     
   3.0599999999999787       0.64937727940139955     
   3.0699999999999785       0.65284938255049108     
   3.0799999999999783       0.65618695687978901     
   3.0899999999999781       0.65938307487878500     
   3.0999999999999779       0.66243350288850478     
   3.1099999999999777       0.66533658084579606     
   3.1199999999999775       0.66809302051236685     
   3.1299999999999772       0.67070564495017726     
   3.1399999999999770       0.67317909162559975     
   3.1499999999999768       0.67551949944487255     
   3.1599999999999766       0.67773419684104452     
   3.1699999999999764       0.67983140430986033     
   3.1799999999999762       0.68181996099468589     
   3.1899999999999760       0.68370908139057562     
   3.1999999999999758       0.68550814519178771     
   3.2099999999999755       0.68722652085158575     
   3.2199999999999753       0.68887342157857423     
   3.2299999999999751       0.69045779121979411     
   3.2399999999999749       0.69198821670119615     
   3.2499999999999747       0.69347286331848867     
   3.2599999999999745       0.69491942910077620     
   3.2699999999999743       0.69633511461919473     
   3.2799999999999740       0.69772660490844141     
   3.2899999999999738       0.69910006055117990     
   3.2999999999999736       0.70046111539932421     
   3.3099999999999734       0.70181487883983362     
   3.3199999999999732       0.70316594093555496     
   3.3299999999999730       0.70451837917038551     
   3.3399999999999728       0.70587576589660639     
   3.3499999999999726       0.70724117591689106     
   3.3599999999999723       0.70861719393355227     
   3.3699999999999721       0.71000592186212341     
   3.3799999999999719       0.71140898623432047     
   3.3899999999999717       0.71282754610423038     
   3.3999999999999715       0.71426230201761376     
   3.4099999999999713       0.71571350670226386     
   3.4199999999999711       0.71718097818255000     
   3.4299999999999708       0.71866411600800828     
   3.4399999999999706       0.72016192121220690     
   3.4499999999999704       0.72167302048349891     
   3.4599999999999702       0.72319569483934143     
   3.4699999999999700       0.72472791286023286     
   3.4799999999999698       0.72626736827384442     
   3.4899999999999696       0.72781152140447480     
   3.4999999999999694       0.72935764374046130     
   3.5099999999999691       0.73090286464641063     
   3.5199999999999689       0.73244421907843793     
   3.5299999999999687       0.73397869506592928     
   3.5399999999999685       0.73550327971030371     
   3.5499999999999683       0.73701500252122776     
   3.5599999999999681       0.73851097505446206     
   3.5699999999999679       0.73998842601841563     
   3.5799999999999677       0.74144473125794985     
   3.5899999999999674       0.74287743828156549     
   3.5999999999999672       0.74428428525018020     
   3.6099999999999670       0.74566321457357354     
   3.6199999999999668       0.74701238145054716     
   3.6299999999999666       0.74833015783248213     
   3.6399999999999664       0.74961513238487176     
   3.6499999999999662       0.75086610706953227     
   3.6599999999999659       0.75208209097722312     
   3.6699999999999657       0.75326229201450690     
   3.6799999999999655       0.75440610699858035     
   3.6899999999999653       0.75551311064818794     
   3.6999999999999651       0.75658304388582465     
   3.7099999999999649       0.75761580179200116     
   3.7199999999999647       0.75861142148184868     
   3.7299999999999645       0.75957007011053490     
   3.7399999999999642       0.76049203315893221     
   3.7499999999999640       0.76137770310535646     
   3.7599999999999638       0.76222756855272311     
   3.7699999999999636       0.76304220385276900     
   3.7799999999999634       0.76382225924828140     
   3.7899999999999632       0.76456845154017472     
   3.7999999999999630       0.76528155527681652     
   3.8099999999999627       0.76596239445730374     
   3.8199999999999625       0.76661183473751660     
   3.8299999999999623       0.76723077612655710     
   3.8399999999999621       0.76782014616108729     
   3.8499999999999619       0.76838089354564743     
   3.8599999999999617       0.76891398224759422     
   3.8699999999999615       0.76942038603590812     
   3.8799999999999613       0.76990108345343578     
   3.8899999999999610       0.77035705321201853     
   3.8999999999999608       0.77078926999975517     
   3.9099999999999606       0.77119870068882623     
   3.9199999999999604       0.77158630093154867     
   3.9299999999999602       0.77195301213117351     
   3.9399999999999600       0.77229975877285384     
   3.9499999999999598       0.77262744609904699     
   3.9599999999999596       0.77293695811245422     
   3.9699999999999593       0.77322915588876251     
   3.9799999999999591       0.77350487618048613     
   3.9899999999999589       0.77376493029273463     
   3.9999999999999587       0.77401010321119945     
   4.0099999999999589       0.77424115296256857     
   4.0199999999999587       0.77445881018756557     
   4.0299999999999585       0.77466377790701246     
   4.0399999999999583       0.77485673146183531     
   4.0499999999999581       0.77503831860843986     
   4.0599999999999579       0.77520915975165394     
   4.0699999999999577       0.77536984829828315     
   4.0799999999999574       0.77552095111527863     
   4.0899999999999572       0.77566300907752728     
   4.0999999999999570       0.77579653769130685     
   4.1099999999999568       0.77592202778058195     
   4.1199999999999566       0.77603994622430750     
   4.1299999999999564       0.77615073673411616     
   4.1399999999999562       0.77625482066265372     
   4.1499999999999559       0.77635259783397137     
   4.1599999999999557       0.77644444738824625     
   4.1699999999999555       0.77653072863410200     
   4.1799999999999553       0.77661178190258739     
   4.1899999999999551       0.77668792939767461     
   4.1999999999999549       0.77675947603897899     
   4.2099999999999547       0.77682671029288874     
   4.2199999999999545       0.77688990498910093     
   4.2299999999999542       0.77694931812000567     
   4.2399999999999540       0.77700519362090459     
   4.2499999999999538       0.77705776212948674     
   4.2599999999999536       0.77710724172340406     
   4.2699999999999534       0.77715383863514720     
   4.2799999999999532       0.77719774794370922     
   4.2899999999999530       0.77723915424283652     
   4.2999999999999527       0.77727823228585957     
   4.3099999999999525       0.77731514760738918     
   4.3199999999999523       0.77735005712220584     
   4.3299999999999521       0.77738310970201363     
   4.3399999999999519       0.77741444673060323     
   4.3499999999999517       0.77744420263838376     
   4.3599999999999515       0.77747250541706325     
   4.3699999999999513       0.77749947711549028     
   4.3799999999999510       0.77752523431768195     
   4.3899999999999508       0.77754988860412166     
   4.3999999999999506       0.77757354699747117     
   4.4099999999999504       0.77759631239379334     
   4.4199999999999502       0.77761828398056343     
   4.4299999999999500       0.77763955764257486     
   4.4399999999999498       0.77766022635703380     
   4.4499999999999496       0.77768038057905764     
   4.4599999999999493       0.77770010861879968     
   4.4699999999999491       0.77771949701147791     
   4.4799999999999489       0.77773863088156070     
   4.4899999999999487       0.77775759430240077     
   4.4999999999999485       0.77777647065254385     
   4.5099999999999483       0.77779534297004782     
   4.5199999999999481       0.77781429430608284     
   4.5299999999999478       0.77783340807911683     
   4.5399999999999476       0.77785276843098294     
   4.5499999999999474       0.77787246058622050     
   4.5599999999999472       0.77789257121591382     
   4.5699999999999470       0.77791318880752180     
   4.5799999999999468       0.77793440404194869     
   4.5899999999999466       0.77795631017934597     
   4.5999999999999464       0.77797900345498605     
   4.6099999999999461       0.77800258348668172     
   4.6199999999999459       0.77802715369519737     
   4.6299999999999457       0.77805282173912915     
   4.6399999999999455       0.77807969996576054     
   4.6499999999999453       0.77810790587939860     
   4.6599999999999451       0.77813756262878453     
   4.6699999999999449       0.77816879951507123     
   4.6799999999999446       0.77820175252202506     
   4.6899999999999444       0.77823656486995363     
   4.6999999999999442       0.77827338759509168     
   4.7099999999999440       0.77831238015589299     
   4.7199999999999438       0.77835371106792040     
   4.7299999999999436       0.77839755856889326     
   4.7399999999999434       0.77844411131539326     
   4.7499999999999432       0.77849356911275858     
   4.7599999999999429       0.77854614367958830     
   4.7699999999999427       0.77860205944819372     
   4.7799999999999425       0.77866155440223606     
   4.7899999999999423       0.77872488095264514     
   4.7999999999999421       0.77879230685274003     
   4.8099999999999419       0.77886411615324469     
   4.8199999999999417       0.77894061019766647     
   4.8299999999999415       0.77902210865819366     
   4.8399999999999412       0.77910895061185192     
   4.8499999999999410       0.77920149565631058     
   4.8599999999999408       0.77930012506415514     
   4.8699999999999406       0.77940524297390523     
   4.8799999999999404       0.77951727761535150     
   4.8899999999999402       0.77963668256599783     
   4.8999999999999400       0.77976393803454236     
   4.9099999999999397       0.77989955216623486     
   4.9199999999999395       0.78004406236388968     
   4.9299999999999393       0.78019803661692289     
   4.9399999999999391       0.78036207482939790     
   4.9499999999999389       0.78053681013634812     
   4.9599999999999387       0.78072291019590778     
   4.9699999999999385       0.78092107844263969     
   4.9799999999999383       0.78113205528536023     
   4.9899999999999380       0.78135661923019606     
   4.9999999999999378       0.78159558790707195     
   5.0099999999999376       0.78184981897490946     
   5.0199999999999374       0.78212021087777739     
   5.0299999999999372       0.78240770342099397     
   5.0399999999999370       0.78271327813281610     
   5.0499999999999368       0.78303795837372558     
   5.0599999999999365       0.78338280915181335     
   5.0699999999999363       0.78374893659902745     
   5.0799999999999361       0.78413748705956188     
   5.0899999999999359       0.78454964573812358     
   5.0999999999999357       0.78498663485271747     
   5.1099999999999355       0.78544971123378915     
   5.1199999999999353       0.78594016330938032     
   5.1299999999999351       0.78645930741446246     
   5.1399999999999348       0.78700848336219131     
   5.1499999999999346       0.78758904921548412     
   5.1599999999999344       0.78820237519955294     
   5.1699999999999342       0.78884983669991415     
   5.1799999999999340       0.78953280629636280     
   5.1899999999999338       0.79025264479164814     
   5.1999999999999336       0.79101069120448197     
   5.2099999999999334       0.79180825171020375     
   5.2199999999999331       0.79264658752920081     
   5.2299999999999329       0.79352690178332874     
   5.2399999999999327       0.79445032536370708     
   5.2499999999999325       0.79541790188007100     
   5.2599999999999323       0.79643057179133692     
   5.2699999999999321       0.79748915584959035     
   5.2799999999999319       0.79859433802424151     
   5.2899999999999316       0.79974664810916507     
   5.2999999999999314       0.80094644425233386     
   5.3099999999999312       0.80219389568325017     
   5.3199999999999310       0.80348896594746144     
   5.3299999999999308       0.80483139698762984     
   5.3399999999999306       0.80622069443550959     
   5.3499999999999304       0.80765611449696684     
   5.3599999999999302       0.80913665282096514     
   5.3699999999999299       0.81066103574170223     
   5.3799999999999297       0.81222771426918217     
   5.3899999999999295       0.81383486117655890     
   5.3999999999999293       0.81548037149164199     
   5.4099999999999291       0.81716186664521417     
   5.4199999999999289       0.81887670246064981     
   5.4299999999999287       0.82062198108900697     
   5.4399999999999284       0.82239456690360813     
   5.4499999999999282       0.82419110627034342     
   5.4599999999999280       0.82600805100834485     
   5.4699999999999278       0.82784168525396540     
   5.4799999999999276       0.82968815534285090     
   5.4899999999999274       0.83154350223531304     
   5.4999999999999272       0.83340369593239760     
   5.5099999999999270       0.83526467126803494     
   5.5199999999999267       0.83712236441937060     
   5.5299999999999265       0.83897274945466360     
   5.5399999999999263       0.84081187423734260     
   5.5499999999999261       0.84263589502594516     
   5.5599999999999259       0.84444110915151849     
   5.5699999999999257       0.84622398521481790     
   5.5799999999999255       0.84798119032238128     
   5.5899999999999253       0.84970961396958022     
   5.5999999999999250       0.85140638827634119     
   5.6099999999999248       0.85306890438290306     
   5.6199999999999246       0.85469482491483328     
   5.6299999999999244       0.85628209252483023     
   5.6399999999999242       0.85782893460955534     
   5.6499999999999240       0.85933386438121684     
   5.6599999999999238       0.86079567854260775     
   5.6699999999999235       0.86221345187028242     
   5.6799999999999233       0.86358652905256905     
   5.6899999999999231       0.86491451415712139     
   5.6999999999999229       0.86619725811773984     
   5.7099999999999227       0.86743484463266241     
   5.7199999999999225       0.86862757485864350     
   5.7299999999999223       0.86977595126795959     
   5.7399999999999221       0.87088066101101935     
   5.7499999999999218       0.87194255909742702     
   5.7599999999999216       0.87296265167457265     
   5.7699999999999214       0.87394207964702941     
   5.7799999999999212       0.87488210284324397     
   5.7899999999999210       0.87578408489981296     
   5.7999999999999208       0.87664947899868506     
   5.8099999999999206       0.87747981455985491     
   5.8199999999999203       0.87827668496193900     
   5.8299999999999201       0.87904173633596538     
   5.8399999999999199       0.87977665745373113     
   5.8499999999999197       0.88048317071133608     
   5.8599999999999195       0.88116302419111348     
   5.8699999999999193       0.88181798477044926     
   5.8799999999999191       0.88244983223444118     
   5.8899999999999189       0.88306035433991759     
   5.8999999999999186       0.88365134277152135     
   5.9099999999999184       0.88422458992531205     
   5.9199999999999182       0.88478188645198474     
   5.9299999999999180       0.88532501948967013     
   5.9399999999999178       0.88585577151508899     
   5.9499999999999176       0.88637591974181562     
   5.9599999999999174       0.88688723599441877     
   5.9699999999999172       0.88739148698822223     
   5.9799999999999169       0.88789043494518438     
   5.9899999999999167       0.88838583847746433     
   5.9999999999999165       0.88887945367109933     
   6.0099999999999163       0.88937303530306033     
   6.0199999999999161       0.88986833812544830     
   6.0299999999999159       0.89036711815100134     
   6.0399999999999157       0.89087113387389394     
   6.0499999999999154       0.89138214735975574     
   6.0599999999999152       0.89190192513810884     
   6.0699999999999150       0.89243223882973211     
   6.0799999999999148       0.89297486544053284     
   6.0899999999999146       0.89353158725250637     
   6.0999999999999144       0.89410419124143437     
   6.1099999999999142       0.89469446795030061     
   6.1199999999999140       0.89530420974700697     
   6.1299999999999137       0.89593520839525687     
   6.1399999999999135       0.89658925186844463     
   6.1499999999999133       0.89726812033854719     
   6.1599999999999131       0.89797358127538907     
   6.1699999999999129       0.89870738359663660     
   6.1799999999999127       0.89947125081583423     
   6.1899999999999125       0.90026687314497367     
   6.1999999999999122       0.90109589851965533     
   6.2099999999999120       0.90195992252935497     
   6.2199999999999118       0.90286047725276530     
   6.2299999999999116       0.90379901901868664     
   6.2399999999999114       0.90477691513679082     
   6.2499999999999112       0.90579542966961868     
   6.2599999999999110       0.90685570834709928     
   6.2699999999999108       0.90795876275770204     
   6.2799999999999105       0.90910545398508746     
   6.2899999999999103       0.91029647589543217     
   6.2999999999999101       0.91153233831715019     
   6.3099999999999099       0.91281335039097200     
   6.3199999999999097       0.91413960440177122     
   6.3299999999999095       0.91551096043393032     
   6.3399999999999093       0.91692703221649174     
   6.3499999999999091       0.91838717454193641     
   6.3599999999999088       0.91989047265067880     
   6.3699999999999086       0.92143573397132472     
   6.3799999999999084       0.92302148259218442     
   6.3899999999999082       0.92464595681209460     
   6.3999999999999080       0.92630711007708066     
   6.4099999999999078       0.92800261555398222     
   6.4199999999999076       0.92972987452355427     
   6.4299999999999073       0.93148602869469976     
   6.4399999999999071       0.93326797645093285     
   6.4499999999999069       0.93507239294210853     
   6.4599999999999067       0.93689575383278467     
   6.4699999999999065       0.93873436241663200     
   6.4799999999999063       0.94058437970871978     
   6.4899999999999061       0.94244185703783812     
   6.4999999999999059       0.94430277058390033     
   6.5099999999999056       0.94616305724401473     
   6.5199999999999054       0.94801865116812101     
   6.5299999999999052       0.94986552028321058     
   6.5399999999999050       0.95169970212508714     
   6.5499999999999048       0.95351733831847085     
   6.5599999999999046       0.95531470708886934     
   6.5699999999999044       0.95708825325086921     
   6.5799999999999041       0.95883461519482993     
   6.5899999999999039       0.96055064848324756     
   6.5999999999999037       0.96223344576579728     
   6.6099999999999035       0.96388035282375695     
   6.6199999999999033       0.96548898065635291     
   6.6299999999999031       0.96705721361926067     
   6.6399999999999029       0.96858321371626133     
   6.6499999999999027       0.97006542122567041     
   6.6599999999999024       0.97150255191175638     
   6.6699999999999022       0.97289359112681728     
   6.6799999999999020       0.97423778515081438     
   6.6899999999999018       0.97553463014316855     
   6.6999999999999016       0.97678385909556553     
   6.7099999999999014       0.97798542717680248     
   6.7199999999999012       0.97913949585235804     
   6.7299999999999010       0.98024641614385211     
   6.7399999999999007       0.98130671136891734     
   6.7499999999999005       0.98232105967196248     
   6.7599999999999003       0.98329027662256485     
   6.7699999999999001       0.98421529812226183     
   6.7799999999998999       0.98509716382406110     
   6.7899999999998997       0.98593700123271433     
   6.7999999999998995       0.98673601061920913     
   6.8099999999998992       0.98749545085043244     
   6.8199999999998990       0.98821662620509010     
   6.8299999999998988       0.98890087422039408     
   6.8399999999998986       0.98954955459043015     
   6.8499999999998984       0.99016403911708373     
   6.8599999999998982       0.99074570269739171     
   6.8699999999998980       0.99129591531743166     
   6.8799999999998978       0.99181603501182258     
   6.8899999999998975       0.99230740173959064     
   6.8999999999998973       0.99277133212108049     
   6.9099999999998971       0.99320911497669939     
   6.9199999999998969       0.99362200760586916     
   6.9299999999998967       0.99401123274396364     
   6.9399999999998965       0.99437797613532786     
   6.9499999999998963       0.99472338466194721     
   6.9599999999998960       0.99504856496950567     
   6.9699999999998958       0.99535458253529974     
   6.9799999999998956       0.99564246112564847     
   6.9899999999998954       0.99591318259389794     
   6.9999999999998952       0.99616768697361757     
   7.0099999999998950       0.99640687282532070     
   7.0199999999998948       0.99663159779858090     
   7.0299999999998946       0.99684267937500870     
   7.0399999999998943       0.99704089576089949     
   7.0499999999998941       0.99722698690168465     
   7.0599999999998939       0.99740165559331340     
   7.0699999999998937       0.99756556866856938     
   7.0799999999998935       0.99771935823900271     
   7.0899999999998933       0.99786362297555775     
   7.0999999999998931       0.99799892941326029     
   7.1099999999998929       0.99812581326725303     
   7.1199999999998926       0.99824478074946021     
   7.1299999999998924       0.99835630987660651     
   7.1399999999998922       0.99846085176201127     
   7.1499999999998920       0.99855883188468353     
   7.1599999999998918       0.99865065133051600     
   7.1699999999998916       0.99873668800142523     
   7.1799999999998914       0.99881729778902084     
   7.1899999999998911       0.99889281571039923     
   7.1999999999998909       0.99896355700410921     
   7.2099999999998907       0.99902981818508096     
   7.2199999999998905       0.99909187805774480     
   7.2299999999998903       0.99914999868695020     
   7.2399999999998901       0.99920442632679041     
   7.2499999999998899       0.99925539230753102     
   7.2599999999998897       0.99930311388142512     
   7.2699999999998894       0.99934779502787185     
   7.2799999999998892       0.99938962721921376     
   7.2899999999998890       0.99942879014796326     
   7.2999999999998888       0.99946545241683871     
   7.3099999999998886       0.99949977219268149     
   7.3199999999998884       0.99953189782575158     
   7.3299999999998882       0.99956196843556044     
   7.3399999999998879       0.99959011446475388     
   7.3499999999998877       0.99961645820229506     
   7.3599999999998875       0.99964111427740443     
   7.3699999999998873       0.99966419012553054     
   7.3799999999998871       0.99968578642771688     
   7.3899999999998869       0.99970599752465084     
   7.3999999999998867       0.99972491180669976     
   7.4099999999998865       0.99974261208103221     
   7.4199999999998862       0.99975917591720254     
   7.4299999999998860       0.99977467597219372     
   7.4399999999998858       0.99978918029605224     
   7.4499999999998856       0.99980275261922713     
   7.4599999999998854       0.99981545262260363     
   7.4699999999998852       0.99982733619110298     
   7.4799999999998850       0.99983845565193130     
   7.4899999999998847       0.99984885999826489     
   7.4999999999998845       0.99985859509921204     
   7.5099999999998843       0.99986770389684443     
   7.5199999999998841       0.99987622659111297     
   7.5299999999998839       0.99988420081330154     
   7.5399999999998837       0.99989166178867472     
   7.5499999999998835       0.99989864248907856     
   7.5599999999998833       0.99990517377597399     
   7.5699999999998830       0.99991128453454259     
   7.5799999999998828       0.99991700179938370     
   7.5899999999998826       0.99992235087234027     
   7.5999999999998824       0.99992735543291111     
   7.6099999999998822       0.99993203764168626     
   7.6199999999998820       0.99993641823730128     
   7.6299999999998818       0.99994051662721772     
   7.6399999999998816       0.99994435097280443     
   7.6499999999998813       0.99994793826899908     
   7.6599999999998811       0.99995129441893227     
   7.6699999999998809       0.99995443430381159     
   7.6799999999998807       0.99995737184837730     
   7.6899999999998805       0.99996012008216395     
   7.6999999999998803       0.99996269119688774     
   7.7099999999998801       0.99996509660015953     
   7.7199999999998798       0.99996734696580702     
   7.7299999999998796       0.99996945228092982     
   7.7399999999998794       0.99997142189000554     
   7.7499999999998792       0.99997326453613000     
   7.7599999999998790       0.99997498839965204     
   7.7699999999998788       0.99997660113433939     
   7.7799999999998786       0.99997810990118319     
   7.7899999999998784       0.99997952140011626     
   7.7999999999998781       0.99998084189962377     
   7.8099999999998779       0.99998207726448007     
   7.8199999999998777       0.99998323298175074     
   7.8299999999998775       0.99998431418503764     
   7.8399999999998773       0.99998532567727039     
   7.8499999999998771       0.99998627195195811     
   7.8599999999998769       0.99998715721309006     
   7.8699999999998766       0.99998798539380851     
   7.8799999999998764       0.99998876017379823     
   7.8899999999998762       0.99998948499565243     
   7.8999999999998760       0.99999016308010469     
   7.9099999999998758       0.99999079744031050     
   7.9199999999998756       0.99999139089526545     
   7.9299999999998754       0.99999194608224273     
   7.9399999999998752       0.99999246546854736     
   7.9499999999998749       0.99999295136245159     
   7.9599999999998747       0.99999340592342967     
   7.9699999999998745       0.99999383117175300     
   7.9799999999998743       0.99999422899747414     
   7.9899999999998741       0.99999460116879013     
   7.9999999999998739       0.99999494933990618     
   8.0099999999998737       0.99999527505838592     
   8.0199999999998735       0.99999557977202591     
   8.0299999999998732       0.99999586483527148     
   8.0399999999998730       0.99999613151524869     
   8.0499999999998728       0.99999638099738908     
   8.0599999999998726       0.99999661439068488     
   8.0699999999998724       0.99999683273263118     
   8.0799999999998722       0.99999703699381648     
   8.0899999999998720       0.99999722808226288     
   8.0999999999998717       0.99999740684743776     
   8.1099999999998715       0.99999757408402012     
   8.1199999999998713       0.99999773053546548     
   8.1299999999998711       0.99999787689728725     
   8.1399999999998709       0.99999801382014075     
   8.1499999999998707       0.99999814191273595     
   8.1599999999998705       0.99999826174451045     
   8.1699999999998703       0.99999837384821000     
   8.1799999999998700       0.99999847872221281     
   8.1899999999998698       0.99999857683275595     
   8.1999999999998696       0.99999866861599729     
   8.2099999999998694       0.99999875448000786     
   8.2199999999998692       0.99999883480650753     
   8.2299999999998690       0.99999890995261131     
   8.2399999999998688       0.99999898025241152     
   8.2499999999998685       0.99999904601844491     
   8.2599999999998683       0.99999910754309618     
   8.2699999999998681       0.99999916509990383     
   8.2799999999998679       0.99999921894475130     
   8.2899999999998677       0.99999926931702909     
   8.2999999999998675       0.99999931644068574     
   8.3099999999998673       0.99999936052523397     
   8.3199999999998671       0.99999940176667323     
   8.3299999999998668       0.99999944034835031     
   8.3399999999998666       0.99999947644179643     
   8.3499999999998664       0.99999951020749678     
   8.3599999999998662       0.99999954179556327     
   8.3699999999998660       0.99999957134643580     
   8.3799999999998658       0.99999959899149893     
   8.3899999999998656       0.99999962485365579     
   8.3999999999998654       0.99999964904789607     
   8.4099999999998651       0.99999967168179138     
   8.4199999999998649       0.99999969285596535     
   8.4299999999998647       0.99999971266455745     
   8.4399999999998645       0.99999973119564323     
   8.4499999999998643       0.99999974853159812     
   8.4599999999998641       0.99999976474952745     
   8.4699999999998639       0.99999977992150724     
   8.4799999999998636       0.99999979411501216     
   8.4899999999998634       0.99999980739312788     
   8.4999999999998632       0.99999981981490338     
   8.5099999999998630       0.99999983143556648     
   8.5199999999998628       0.99999984230678252     
   8.5299999999998626       0.99999985247687717     
   8.5399999999998624       0.99999986199108015     
   8.5499999999998622       0.99999987089167897     
   8.5599999999998619       0.99999987921825018     
   8.5699999999998617       0.99999988700782971     
   8.5799999999998615       0.99999989429502611     
   8.5899999999998613       0.99999990111225268     
   8.5999999999998611       0.99999990748981660     
   8.6099999999998609       0.99999991345607830     
   8.6199999999998607       0.99999991903754726     
   8.6299999999998604       0.99999992425905326     
   8.6399999999998602       0.99999992914381464     
   8.6499999999998600       0.99999993371353613     
   8.6599999999998598       0.99999993798855635     
   8.6699999999998596       0.99999994198785958     
   8.6799999999998594       0.99999994572923123     
   8.6899999999998592       0.99999994922931768     
   8.6999999999998590       0.99999995250366802     
   8.7099999999998587       0.99999995556685028     
   8.7199999999998585       0.99999995843247347     
   8.7299999999998583       0.99999996111328648     
   8.7399999999998581       0.99999996362120824     
   8.7499999999998579       0.99999996596738983     
   8.7599999999998577       0.99999996816225056     
   8.7699999999998575       0.99999997021555764     
   8.7799999999998573       0.99999997213645286     
   8.7899999999998570       0.99999997393345952     
   8.7999999999998568       0.99999997561456255     
   8.8099999999998566       0.99999997718725786     
   8.8199999999998564       0.99999997865851653     
   8.8299999999998562       0.99999998003489532     
   8.8399999999998560       0.99999998132250623     
   8.8499999999998558       0.99999998252707534     
   8.8599999999998555       0.99999998365394482     
   8.8699999999998553       0.99999998470815454     
   8.8799999999998551       0.99999998569437154     
   8.8899999999998549       0.99999998661698974     
   8.8999999999998547       0.99999998748010077     
   8.9099999999998545       0.99999998828753944     
   8.9199999999998543       0.99999998904291354     
   8.9299999999998541       0.99999998974957194     
   8.9399999999998538       0.99999999041065146     
   8.9499999999998536       0.99999999102910231     
   8.9599999999998534       0.99999999160766051     
   8.9699999999998532       0.99999999214890467     
   8.9799999999998530       0.99999999265524331     
   8.9899999999998528       0.99999999312893706     
   8.9999999999998526       0.99999999357207159     
   9.0099999999998523       0.99999999398662154     
   9.0199999999998521       0.99999999437444531     
   9.0299999999998519       0.99999999473725432     
   9.0399999999998517       0.99999999507665926     
   9.0499999999998515       0.99999999539418405     
   9.0599999999998513       0.99999999569122999     
   9.0699999999998511       0.99999999596911160     
   9.0799999999998509       0.99999999622907920     
   9.0899999999998506       0.99999999647227633     
   9.0999999999998504       0.99999999669978779     
   9.1099999999998502       0.99999999691262864     
   9.1199999999998500       0.99999999711175158     
   9.1299999999998498       0.99999999729801581     
   9.1399999999998496       0.99999999747227419     
   9.1499999999998494       0.99999999763529623     
   9.1599999999998492       0.99999999778780435     
   9.1699999999998489       0.99999999793048011     
   9.1799999999998487       0.99999999806394635     
   9.1899999999998485       0.99999999818880858     
   9.1999999999998483       0.99999999830562358     
   9.2099999999998481       0.99999999841489873     
   9.2199999999998479       0.99999999851711763     
   9.2299999999998477       0.99999999861275646     
   9.2399999999998474       0.99999999870221423     
   9.2499999999998472       0.99999999878592050     
   9.2599999999998470       0.99999999886421220     
   9.2699999999998468       0.99999999893746838     
   9.2799999999998466       0.99999999900599568     
   9.2899999999998464       0.99999999907009929     
   9.2999999999998462       0.99999999913007009     
   9.3099999999998460       0.99999999918617910     
   9.3199999999998457       0.99999999923866179     
   9.3299999999998455       0.99999999928776540     
   9.3399999999998453       0.99999999933370454     
   9.3499999999998451       0.99999999937667516     
   9.3599999999998449       0.99999999941687712     
   9.3699999999998447       0.99999999945447349     
   9.3799999999998445       0.99999999948965901     
   9.3899999999998442       0.99999999952256546     
   9.3999999999998440       0.99999999955337360     
   9.4099999999998438       0.99999999958216257     
   9.4199999999998436       0.99999999960912567     
   9.4299999999998434       0.99999999963432173     
   9.4399999999998432       0.99999999965790620     
   9.4499999999998430       0.99999999967997732     
   9.4599999999998428       0.99999999970061837     
   9.4699999999998425       0.99999999971992515     
   9.4799999999998423       0.99999999973798692     
   9.4899999999998421       0.99999999975488185     
   9.4999999999998419       0.99999999977068632     
   9.5099999999998417       0.99999999978548793     
   9.5199999999998415       0.99999999979931153     
   9.5299999999998413       0.99999999981225407     
   9.5399999999998411       0.99999999982436294     
   9.5499999999998408       0.99999999983569587     
   9.5599999999998406       0.99999999984628696     
   9.5699999999998404       0.99999999985619936     
   9.5799999999998402       0.99999999986547339     
   9.5899999999998400       0.99999999987414667     
   9.5999999999998398       0.99999999988227117     
   9.6099999999998396       0.99999999988986110     
   9.6199999999998393       0.99999999989696620     
   9.6299999999998391       0.99999999990360877     
   9.6399999999998389       0.99999999990982502     
   9.6499999999998387       0.99999999991564237     
   9.6599999999998385       0.99999999992107624     
   9.6699999999998383       0.99999999992616806     
   9.6799999999998381       0.99999999993094235     
   9.6899999999998379       0.99999999993539213     
   9.6999999999998376       0.99999999993954369     
   9.7099999999998374       0.99999999994345634     
   9.7199999999998372       0.99999999994710109     
   9.7299999999998370       0.99999999995052236     
   9.7399999999998368       0.99999999995370770     
   9.7499999999998366       0.99999999995669542     
   9.7599999999998364       0.99999999995947675     
   9.7699999999998361       0.99999999996210498     
   9.7799999999998359       0.99999999996453248     
   9.7899999999998357       0.99999999996683209     
   9.7999999999998355       0.99999999996896749     
   9.8099999999998353       0.99999999997096090     
   9.8199999999998351       0.99999999997283240     
   9.8299999999998349       0.99999999997460121     
   9.8399999999998347       0.99999999997622424     
   9.8499999999998344       0.99999999997776157     
   9.8599999999998342       0.99999999997920774     
   9.8699999999998340       0.99999999998054134     
   9.8799999999998338       0.99999999998178546     
   9.8899999999998336       0.99999999998296885     
   9.8999999999998334       0.99999999998406131     
   9.9099999999998332       0.99999999998509159     
   9.9199999999998330       0.99999999998605738     
   9.9299999999998327       0.99999999998694777     
   9.9399999999998325       0.99999999998780809     
   9.9499999999998323       0.99999999998858591     
   9.9599999999998321       0.99999999998932454     
   9.9699999999998319       0.99999999999001232     
   9.9799999999998317       0.99999999999064138     
   9.9899999999998315       0.99999999999124767     
   9.9999999999998312       0.99999999999182365     
