   0.0000000000000000       -1.1227515830627668E-017
   1.0000000000000000E-002   2.0624276898966393E-003
   2.0000000000000000E-002   4.1252592567308823E-003
   2.9999999999999999E-002   6.1888980853622233E-003
   4.0000000000000001E-002   8.2537465667907855E-003
   5.0000000000000003E-002   1.0320205577245828E-002
   6.0000000000000005E-002   1.2388673929202459E-002
   7.0000000000000007E-002   1.4459547786167518E-002
   8.0000000000000002E-002   1.6533220034007236E-002
   8.9999999999999997E-002   1.8610079602773527E-002
   9.9999999999999992E-002   2.0690510734270851E-002
  0.10999999999999999        2.2774892192050679E-002
  0.11999999999999998        2.4863596412030484E-002
  0.12999999999999998        2.6956988593505038E-002
  0.13999999999999999        2.9055425731892452E-002
  0.14999999999999999        3.1159255596126138E-002
  0.16000000000000000        3.3268815655125968E-002
  0.17000000000000001        3.5384431959220780E-002
  0.18000000000000002        3.7506417983765070E-002
  0.19000000000000003        3.9635073443429217E-002
  0.20000000000000004        4.1770683086785498E-002
  0.21000000000000005        4.3913515481797817E-002
  0.22000000000000006        4.6063821803676464E-002
  0.23000000000000007        4.8221834637272303E-002
  0.24000000000000007        5.0387766806725277E-002
  0.25000000000000006        5.2561810245449654E-002
  0.26000000000000006        5.4744134919758998E-002
  0.27000000000000007        5.6934887819418384E-002
  0.28000000000000008        5.9134192028234875E-002
  0.29000000000000009        6.1342145887385832E-002
  0.30000000000000010        6.3558822263540940E-002
  0.31000000000000011        6.5784267932970097E-002
  0.32000000000000012        6.8018503091721333E-002
  0.33000000000000013        7.0261521000594684E-002
  0.34000000000000014        7.2513287772070653E-002
  0.35000000000000014        7.4773742304559965E-002
  0.36000000000000015        7.7042796367382080E-002
  0.37000000000000016        7.9320334837787027E-002
  0.38000000000000017        8.1606216089115904E-002
  0.39000000000000018        8.3900272527018857E-002
  0.40000000000000019        8.6202311268412601E-002
  0.41000000000000020        8.8512114955802398E-002
  0.42000000000000021        9.0829442697621998E-002
  0.43000000000000022        9.3154031123542258E-002
  0.44000000000000022        9.5485595542212115E-002
  0.45000000000000023        9.7823831187732774E-002
  0.46000000000000024       0.10016841454028946     
  0.47000000000000025       0.10251900470583465     
  0.48000000000000026       0.10487524483946808     
  0.49000000000000027       0.10723676359721415     
  0.50000000000000022       0.10960317660119351     
  0.51000000000000023       0.11197408790371896     
  0.52000000000000024       0.11434909143650675     
  0.53000000000000025       0.11672777243203296     
  0.54000000000000026       0.11910970880494297     
  0.55000000000000027       0.12149447248238204     
  0.56000000000000028       0.12388163067309607     
  0.57000000000000028       0.12627074706609639     
  0.58000000000000029       0.12866138295069748     
  0.59000000000000030       0.13105309825065392     
  0.60000000000000031       0.13344545246612047     
  0.61000000000000032       0.13583800551806952     
  0.62000000000000033       0.13823031849083436     
  0.63000000000000034       0.14062195426940088     
  0.64000000000000035       0.14301247806915990     
  0.65000000000000036       0.14540145785692621     
  0.66000000000000036       0.14778846466322010     
  0.67000000000000037       0.15017307278703385     
  0.68000000000000038       0.15255485989566958     
  0.69000000000000039       0.15493340702358652     
  0.70000000000000040       0.15730829847566569     
  0.71000000000000041       0.15967912164180248     
  0.72000000000000042       0.16204546673120418     
  0.73000000000000043       0.16440692643631391     
  0.74000000000000044       0.16676309553772353     
  0.75000000000000044       0.16911357046278905     
  0.76000000000000045       0.17145794881197657     
  0.77000000000000046       0.17379582886800746     
  0.78000000000000047       0.17612680910379769     
  0.79000000000000048       0.17845048770581140     
  0.80000000000000049       0.18076646212981859     
  0.81000000000000050       0.18307432870603371     
  0.82000000000000051       0.18537368231032300     
  0.83000000000000052       0.18766411611741254     
  0.84000000000000052       0.18994522145091813     
  0.85000000000000053       0.19221658774350073     
  0.86000000000000054       0.19447780261853534     
  0.87000000000000055       0.19672845210236306     
  0.88000000000000056       0.19896812097360683     
  0.89000000000000057       0.20119639325307093     
  0.90000000000000058       0.20341285283461497     
  0.91000000000000059       0.20561708425410991     
  0.92000000000000060       0.20780867359018770     
  0.93000000000000060       0.20998720948720387     
  0.94000000000000061       0.21215228428758923     
  0.95000000000000062       0.21430349525782882     
  0.96000000000000063       0.21644044588963687     
  0.97000000000000064       0.21856274725568614     
  0.98000000000000065       0.22067001939752715     
  0.99000000000000066       0.22276189272216632     
   1.0000000000000007       0.22483800938327125     
   1.0100000000000007       0.22689802462305714     
   1.0200000000000007       0.22894160805169333     
   1.0300000000000007       0.23096844484246803     
   1.0400000000000007       0.23297823682294394     
   1.0500000000000007       0.23497070344488347     
   1.0600000000000007       0.23694558261867193     
   1.0700000000000007       0.23890263140130985     
   1.0800000000000007       0.24084162653060112     
   1.0900000000000007       0.24276236480184776     
   1.1000000000000008       0.24466466328705572     
   1.1100000000000008       0.24654835940018552     
   1.1200000000000008       0.24841331081542062     
   1.1300000000000008       0.25025939524833984     
   1.1400000000000008       0.25208651011263949     
   1.1500000000000008       0.25389457206715138     
   1.1600000000000008       0.25568351646963061     
   1.1700000000000008       0.25745329675496087     
   1.1800000000000008       0.25920388375603981     
   1.1900000000000008       0.26093526498580033     
   1.2000000000000008       0.26264744389844419     
   1.2100000000000009       0.26434043914722810     
   1.2200000000000009       0.26601428385500936     
   1.2300000000000009       0.26766902491223848     
   1.2400000000000009       0.26930472231548586     
   1.2500000000000009       0.27092144855755451     
   1.2600000000000009       0.27251928807833942     
   1.2700000000000009       0.27409833678341905     
   1.2800000000000009       0.27565870163534062     
   1.2900000000000009       0.27720050032053223     
   1.3000000000000009       0.27872386099280005     
   1.3100000000000009       0.28022892209262013     
   1.3200000000000010       0.28171583223974783     
   1.3300000000000010       0.28318475019528655     
   1.3400000000000010       0.28463584488799926     
   1.3500000000000010       0.28606929549872240     
   1.3600000000000010       0.28748529159582259     
   1.3700000000000010       0.28888403331407525     
   1.3800000000000010       0.29026573156889690     
   1.3900000000000010       0.29163060829766652     
   1.4000000000000010       0.29297889671981703     
   1.4100000000000010       0.29431084160751558     
   1.4200000000000010       0.29562669955903648     
   1.4300000000000010       0.29692673926729252     
   1.4400000000000011       0.29821124177654540     
   1.4500000000000011       0.29948050072091215     
   1.4600000000000011       0.30073482253893780     
   1.4700000000000011       0.30197452665925145     
   1.4800000000000011       0.30319994565307984     
   1.4900000000000011       0.30441142535016458     
   1.5000000000000011       0.30560932491543374     
   1.5100000000000011       0.30679401688453406     
   1.5200000000000011       0.30796588715705620     
   1.5300000000000011       0.30912533494708544     
   1.5400000000000011       0.31027277269125797     
   1.5500000000000012       0.31140862591523055     
   1.5600000000000012       0.31253333305997555     
   1.5700000000000012       0.31364734526981275     
   1.5800000000000012       0.31475112614454548     
   1.5900000000000012       0.31584515145840525     
   1.6000000000000012       0.31692990884882388     
   1.6100000000000012       0.31800589747821423     
   1.6200000000000012       0.31907362767220210     
   1.6300000000000012       0.32013362053771410     
   1.6400000000000012       0.32118640756441436     
   1.6500000000000012       0.32223253021295661     
   1.6600000000000013       0.32327253949336598     
   1.6700000000000013       0.32430699553677789     
   1.6800000000000013       0.32533646716353171     
   1.6900000000000013       0.32636153145044194     
   1.7000000000000013       0.32738277329976084     
   1.7100000000000013       0.32840078501214803     
   1.7200000000000013       0.32941616586558459     
   1.7300000000000013       0.33042952170197254     
   1.7400000000000013       0.33144146452283318     
   1.7500000000000013       0.33245261209520705     
   1.7600000000000013       0.33346358756869987     
   1.7700000000000014       0.33447501910426891     
   1.7800000000000014       0.33548753951524612     
   1.7900000000000014       0.33650178592087343     
   1.8000000000000014       0.33751839941250622     
   1.8100000000000014       0.33853802473257100     
   1.8200000000000014       0.33956130996627992     
   1.8300000000000014       0.34058890624613286     
   1.8400000000000014       0.34162146746921512     
   1.8500000000000014       0.34265965002730669     
   1.8600000000000014       0.34370411254995376     
   1.8700000000000014       0.34475551566058948     
   1.8800000000000014       0.34581452174587923     
   1.8900000000000015       0.34688179473844288     
   1.9000000000000015       0.34795799991306237     
   1.9100000000000015       0.34904380369635796     
   1.9200000000000015       0.35013987348974718     
   1.9300000000000015       0.35124687750523875     
   1.9400000000000015       0.35236548461317307     
   1.9500000000000015       0.35349636420066882     
   1.9600000000000015       0.35464018603883463     
   1.9700000000000015       0.35579762015620342     
   1.9800000000000015       0.35696933671507775     
   1.9900000000000015       0.35815600588654128     
   2.0000000000000013       0.35935829771914046     
   2.0100000000000011       0.36057688199515947     
   2.0200000000000009       0.36181242806755631     
   2.0300000000000007       0.36306560466972643     
   2.0400000000000005       0.36433707968936629     
   2.0500000000000003       0.36562751989706993     
   2.0600000000000001       0.36693759061960740     
   2.0699999999999998       0.36826795534748102     
   2.0799999999999996       0.36961927526611277     
   2.0899999999999994       0.37099220870003619     
   2.0999999999999992       0.37238741045974999     
   2.1099999999999990       0.37380553108135089     
   2.1199999999999988       0.37524721594995269     
   2.1299999999999986       0.37671310429883376     
   2.1399999999999983       0.37820382807764591     
   2.1499999999999981       0.37972001068450367     
   2.1599999999999979       0.38126226555853493     
   2.1699999999999977       0.38283119463144161     
   2.1799999999999975       0.38442738663864828     
   2.1899999999999973       0.38605141529294545     
   2.1999999999999971       0.38770383732578251     
   2.2099999999999969       0.38938519040382252     
   2.2199999999999966       0.39109599093080949     
   2.2299999999999964       0.39283673174729095     
   2.2399999999999962       0.39460787974327416     
   2.2499999999999960       0.39640987340129424     
   2.2599999999999958       0.39824312028997033     
   2.2699999999999956       0.40010799453044543     
   2.2799999999999954       0.40200483426055694     
   2.2899999999999952       0.40393393912388570     
   2.2999999999999949       0.40589556781299696     
   2.3099999999999947       0.40788993569828919     
   2.3199999999999945       0.40991721257573216     
   2.3299999999999943       0.41197752056839365     
   2.3399999999999941       0.41407093221798186     
   2.3499999999999939       0.41619746880349606     
   2.3599999999999937       0.41835709892456202     
   2.3699999999999934       0.42054973738676005     
   2.3799999999999932       0.42277524442539760     
   2.3899999999999930       0.42503342530251104     
   2.3999999999999928       0.42732403030928101     
   2.4099999999999926       0.42964675520250173     
   2.4199999999999924       0.43200124209926272     
   2.4299999999999922       0.43438708084840932     
   2.4399999999999920       0.43680381089085807     
   2.4499999999999917       0.43925092361339102     
   2.4599999999999915       0.44172786519232982     
   2.4699999999999913       0.44423403991467453     
   2.4799999999999911       0.44676881395489837     
   2.4899999999999909       0.44933151957619244     
   2.4999999999999907       0.45192145971541220     
   2.5099999999999905       0.45453791290183787     
   2.5199999999999902       0.45718013845122418     
   2.5299999999999900       0.45984738186875695     
   2.5399999999999898       0.46253888038766650     
   2.5499999999999896       0.46525386856456191     
   2.5599999999999894       0.46799158384807282     
   2.5699999999999892       0.47075127203434008     
   2.5799999999999890       0.47353219252123668     
   2.5899999999999888       0.47633362327289724     
   2.5999999999999885       0.47915486540726643     
   2.6099999999999883       0.48199524732173277     
   2.6199999999999881       0.48485412827556751     
   2.6299999999999879       0.48773090135261882     
   2.6399999999999877       0.49062499573352558     
   2.6499999999999875       0.49353587821344697     
   2.6599999999999873       0.49646305390905365     
   2.6699999999999871       0.49940606610695709     
   2.6799999999999868       0.50236449521519766     
   2.6899999999999866       0.50533795678956683     
   2.6999999999999864       0.50832609861761158     
   2.7099999999999862       0.51132859685515564     
   2.7199999999999860       0.51434515122293956     
   2.7299999999999858       0.51737547928502736     
   2.7399999999999856       0.52041930984533302     
   2.7499999999999853       0.52347637551459048     
   2.7599999999999851       0.52654640451690260     
   2.7699999999999849       0.52962911182265082     
   2.7799999999999847       0.53272418971291491     
   2.7899999999999845       0.53583129789925410     
   2.7999999999999843       0.53895005334140245     
   2.8099999999999841       0.54208001992367227     
   2.8199999999999839       0.54522069816798879     
   2.8299999999999836       0.54837151517695437     
   2.8399999999999834       0.55153181501309723     
   2.8499999999999832       0.55470084973008627     
   2.8599999999999830       0.55787777127699412     
   2.8699999999999828       0.56106162449713104     
   2.8799999999999826       0.56425134143746958     
   2.8899999999999824       0.56744573717318947     
   2.8999999999999821       0.57064350733329106     
   2.9099999999999819       0.57384322748802397     
   2.9199999999999817       0.57704335452671518     
   2.9299999999999815       0.58024223011615406     
   2.9399999999999813       0.58343808628569860     
   2.9499999999999811       0.58662905313685554     
   2.9599999999999809       0.58981316862363586     
   2.9699999999999807       0.59298839029733375     
   2.9799999999999804       0.59615260885723076     
   2.9899999999999802       0.59930366329918638     
   2.9999999999999800       0.60243935740917154     
   3.0099999999999798       0.60555747731014664     
   3.0199999999999796       0.60865580974026179     
   3.0299999999999794       0.61173216071910685     
   3.0399999999999792       0.61478437424776466     
   3.0499999999999790       0.61781035068817092     
   3.0599999999999787       0.62080806447737724     
   3.0699999999999785       0.62377558085278928     
   3.0799999999999783       0.62671107129357451     
   3.0899999999999781       0.62961282742069191     
   3.0999999999999779       0.63247927314090180     
   3.1099999999999777       0.63530897486759552     
   3.1199999999999775       0.63810064970102287     
   3.1299999999999772       0.64085317150058396     
   3.1399999999999770       0.64356557483096610     
   3.1499999999999768       0.64623705680994137     
   3.1599999999999766       0.64886697692784956     
   3.1699999999999764       0.65145485494566313     
   3.1799999999999762       0.65400036700985309     
   3.1899999999999760       0.65650334014727230     
   3.1999999999999758       0.65896374532210666     
   3.2099999999999755       0.66138168924962315     
   3.2199999999999753       0.66375740516833903     
   3.2299999999999751       0.66609124277394249     
   3.2399999999999749       0.66838365751530326     
   3.2499999999999747       0.67063519944612882     
   3.2599999999999745       0.67284650181565775     
   3.2699999999999743       0.67501826956927224     
   3.2799999999999740       0.67715126791563307     
   3.2899999999999738       0.67924631110128741     
   3.2999999999999736       0.68130425151762786     
   3.3099999999999734       0.68332596924864752     
   3.3199999999999732       0.68531236215183688     
   3.3299999999999730       0.68726433654895547     
   3.3399999999999728       0.68918279858830900     
   3.3499999999999726       0.69106864632630627     
   3.3599999999999723       0.69292276256276009     
   3.3699999999999721       0.69474600845238377     
   3.3799999999999719       0.69653921790373940     
   3.3899999999999717       0.69830319276678821     
   3.3999999999999715       0.70003869880092962     
   3.4099999999999713       0.70174646240714411     
   3.4199999999999711       0.70342716810041273     
   3.4299999999999708       0.70508145669185152     
   3.4399999999999706       0.70670992414418765     
   3.4499999999999704       0.70831312105915478     
   3.4599999999999702       0.70989155275089066     
   3.4699999999999700       0.71144567985595830     
   3.4799999999999698       0.71297591942764760     
   3.4899999999999696       0.71448264646024340     
   3.4999999999999694       0.71596619578753240     
   3.5099999999999691       0.71742686429937808     
   3.5199999999999689       0.71886491342034431     
   3.5299999999999687       0.72028057179544247     
   3.5399999999999685       0.72167403812970465     
   3.5499999999999683       0.72304548413068004     
   3.5599999999999681       0.72439505750604472     
   3.5699999999999679       0.72572288497193482     
   3.5799999999999677       0.72702907523164539     
   3.5899999999999674       0.72831372188871490     
   3.5999999999999672       0.72957690626288219     
   3.6099999999999670       0.73081870008218797     
   3.6199999999999668       0.73203916802913893     
   3.6299999999999666       0.73323837012360682     
   3.6399999999999664       0.73441636392942433     
   3.6499999999999662       0.73557320657606606     
   3.6599999999999659       0.73670895659049807     
   3.6699999999999657       0.73782367553793515     
   3.6799999999999655       0.73891742947326078     
   3.6899999999999653       0.73999029020756590     
   3.6999999999999651       0.74104233639652917     
   3.7099999999999649       0.74207365445900952     
   3.7199999999999647       0.74308433933579610     
   3.7299999999999645       0.74407449509924073     
   3.7399999999999642       0.74504423542531095     
   3.7499999999999640       0.74599368393967924     
   3.7599999999999638       0.74692297444983557     
   3.7699999999999636       0.74783225107460738     
   3.7799999999999634       0.74872166828244091     
   3.7899999999999632       0.74959139084910842     
   3.7999999999999630       0.75044159374485975     
   3.8099999999999627       0.75127246196039699     
   3.8199999999999625       0.75208419028028883     
   3.8299999999999623       0.75287698301167549     
   3.8399999999999621       0.75365105367529384     
   3.8499999999999619       0.75440662466529151     
   3.8599999999999617       0.75514392688335497     
   3.8699999999999615       0.75586319935227753     
   3.8799999999999613       0.75656468881333427     
   3.8899999999999610       0.75724864931129465     
   3.8999999999999608       0.75791534177049846     
   3.9099999999999606       0.75856503356495464     
   3.9199999999999604       0.75919799808496979     
   3.9299999999999602       0.75981451430263114     
   3.9399999999999600       0.76041486633804445     
   3.9499999999999598       0.76099934302806638     
   3.9599999999999596       0.76156823749907188     
   3.9699999999999593       0.76212184674510508     
   3.9799999999999591       0.76266047121258096     
   3.9899999999999589       0.76318441439268714     
   3.9999999999999587       0.76369398242239306     
   4.0099999999999589       0.76418948369507822     
   4.0199999999999587       0.76467122848147706     
   4.0299999999999585       0.76513952856180323     
   4.0399999999999583       0.76559469686968395     
   4.0499999999999581       0.76603704714861476     
   4.0599999999999579       0.76646689362143650     
   4.0699999999999577       0.76688455067351935     
   4.0799999999999574       0.76729033254996137     
   4.0899999999999572       0.76768455306744920     
   4.0999999999999570       0.76806752534098732     
   4.1099999999999568       0.76843956152597170     
   4.1199999999999566       0.76880097257584534     
   4.1299999999999564       0.76915206801555347     
   4.1399999999999562       0.76949315573103394     
   4.1499999999999559       0.76982454177481341     
   4.1599999999999557       0.77014653018787538     
   4.1699999999999555       0.77045942283770896     
   4.1799999999999553       0.77076351927261810     
   4.1899999999999551       0.77105911659217297     
   4.1999999999999549       0.77134650933364213     
   4.2099999999999547       0.77162598937433724     
   4.2199999999999545       0.77189784584955667     
   4.2299999999999542       0.77216236508591063     
   4.2399999999999540       0.77241983054977215     
   4.2499999999999538       0.77267052281047244     
   4.2599999999999536       0.77291471951792390     
   4.2699999999999534       0.77315269539424469     
   4.2799999999999532       0.77338472223903043     
   4.2899999999999530       0.77361106894778409     
   4.2999999999999527       0.77383200154308529     
   4.3099999999999525       0.77404778321802514     
   4.3199999999999523       0.77425867439141627     
   4.3299999999999521       0.77446493277432071     
   4.3399999999999519       0.77466681344735300     
   4.3499999999999517       0.77486456894828160     
   4.3599999999999515       0.77505844936944468     
   4.3699999999999513       0.77524870246445254     
   4.3799999999999510       0.77543557376364070     
   4.3899999999999508       0.77561930669785584     
   4.3999999999999506       0.77580014272998876     
   4.4099999999999504       0.77597832149382306     
   4.4199999999999502       0.77615408093966143     
   4.4299999999999500       0.77632765748630939     
   4.4399999999999498       0.77649928617884134     
   4.4499999999999496       0.77666920085178359     
   4.4599999999999493       0.77683763429716413     
   4.4699999999999491       0.77700481843699831     
   4.4799999999999489       0.77717098449975286     
   4.4899999999999487       0.77733636320030408     
   4.4999999999999485       0.77750118492295728     
   4.5099999999999483       0.77766567990706437     
   4.5199999999999481       0.77783007843475138     
   4.5299999999999478       0.77799461102033807     
   4.5399999999999476       0.77815950860094285     
   4.5499999999999474       0.77832500272779392     
   4.5599999999999472       0.77849132575780156     
   4.5699999999999470       0.77865871104483997     
   4.5799999999999468       0.77882739313023774     
   4.5899999999999466       0.77899760793199246     
   4.5999999999999464       0.77916959293207555     
   4.6099999999999461       0.77934358736133047     
   4.6199999999999459       0.77951983238131106     
   4.6299999999999457       0.77969857126247089     
   4.6399999999999455       0.77988004955803070     
   4.6499999999999453       0.78006451527283904     
   4.6599999999999451       0.78025221902647757     
   4.6699999999999449       0.78044341420989749     
   4.6799999999999446       0.78063835713472152     
   4.6899999999999444       0.78083730717442323     
   4.6999999999999442       0.78104052689640624     
   4.7099999999999440       0.78124828218414810     
   4.7199999999999438       0.78146084234830338     
   4.7299999999999436       0.78167848022579656     
   4.7399999999999434       0.78190147226578466     
   4.7499999999999432       0.78213009860128180     
   4.7599999999999429       0.78236464310533960     
   4.7699999999999427       0.78260539343041502     
   4.7799999999999425       0.78285264102964403     
   4.7899999999999423       0.78310668115866333     
   4.7999999999999421       0.78336781285649737     
   4.8099999999999419       0.78363633890407847     
   4.8199999999999417       0.78391256575882695     
   4.8299999999999415       0.78419680346374498     
   4.8399999999999412       0.78448936552937354     
   4.8499999999999410       0.78479056878701137     
   4.8599999999999408       0.78510073321145801     
   4.8699999999999406       0.78542018171163752     
   4.8799999999999404       0.78574923988735956     
   4.8899999999999402       0.78608823575055586     
   4.8999999999999400       0.78643749940924323     
   4.9099999999999397       0.78679736271262124     
   4.9199999999999395       0.78716815885565272     
   4.9299999999999393       0.78755022194159130     
   4.9399999999999391       0.78794388650097213     
   4.9499999999999389       0.78834948696570051     
   4.9599999999999387       0.78876735709705514     
   4.9699999999999385       0.78919782936641492     
   4.9799999999999383       0.78964123428791055     
   4.9899999999999380       0.79009789970218647     
   4.9999999999999378       0.79056815001092473     
   5.0099999999999376       0.79105230536180438     
   5.0199999999999374       0.79155068078407276     
   5.0299999999999372       0.79206358527513998     
   5.0399999999999370       0.79259132083893480     
   5.0499999999999368       0.79313418147726744     
   5.0599999999999365       0.79369245213579676     
   5.0699999999999363       0.79426640760665301     
   5.0799999999999361       0.79485631139031776     
   5.0899999999999359       0.79546241451984978     
   5.0999999999999357       0.79608495435109961     
   5.1099999999999355       0.79672415332311053     
   5.1199999999999353       0.79738021769357248     
   5.1299999999999351       0.79805333625466879     
   5.1399999999999348       0.79874367903541477     
   5.1499999999999346       0.79945139599710524     
   5.1599999999999344       0.80017661572911569     
   5.1699999999999342       0.80091944415298211     
   5.1799999999999340       0.80167996324312929     
   5.1899999999999338       0.80245822977327541     
   5.1999999999999336       0.80325427409799266     
   5.2099999999999334       0.80406809897938902     
   5.2199999999999331       0.80489967846918820     
   5.2299999999999329       0.80574895685694026     
   5.2399999999999327       0.80661584769519812     
   5.2499999999999325       0.80750023291266848     
   5.2599999999999323       0.80840196202644155     
   5.2699999999999321       0.80932085146420674     
   5.2799999999999319       0.81025668400725648     
   5.2899999999999316       0.81120920836467791     
   5.2999999999999314       0.81217813888866208     
   5.3099999999999312       0.81316315544028872     
   5.3199999999999310       0.81416390341432765     
   5.3299999999999308       0.81517999393071738     
   5.3399999999999306       0.81621100419938963     
   5.3499999999999304       0.81725647806381885     
   5.3599999999999302       0.81831592672751319     
   5.3699999999999299       0.81938882966616378     
   5.3799999999999297       0.82047463572664980     
   5.3899999999999295       0.82157276441255056     
   5.3999999999999293       0.82268260735410781     
   5.4099999999999291       0.82380352995888240     
   5.4199999999999289       0.82493487323758219     
   5.4299999999999287       0.82607595579787485     
   5.4399999999999284       0.82722607599718889     
   5.4499999999999282       0.82838451424392279     
   5.4599999999999280       0.82955053543487800     
   5.4699999999999278       0.83072339151521712     
   5.4799999999999276       0.83190232414593013     
   5.4899999999999274       0.83308656746253784     
   5.4999999999999272       0.83427535090781502     
   5.5099999999999270       0.83546790212028932     
   5.5199999999999267       0.83666344985979668     
   5.5299999999999265       0.83786122695080589     
   5.5399999999999263       0.83906047322403399     
   5.5499999999999261       0.84026043843687959     
   5.5599999999999259       0.84146038515340338     
   5.5699999999999257       0.84265959156501991     
   5.5799999999999255       0.84385735423365871     
   5.5899999999999253       0.84505299074011608     
   5.5999999999999250       0.84624584222118693     
   5.6099999999999248       0.84743527578043687     
   5.6199999999999246       0.84862068675879032     
   5.6299999999999244       0.84980150085255168     
   5.6399999999999242       0.85097717606796919     
   5.6499999999999240       0.85214720450317449     
   5.6599999999999238       0.85331111394986925     
   5.6699999999999235       0.85446846930888887     
   5.6799999999999233       0.85561887381538604     
   5.6899999999999231       0.85676197007110144     
   5.6999999999999229       0.85789744088267605     
   5.7099999999999227       0.85902500990656094     
   5.7199999999999225       0.86014444210252783     
   5.7299999999999223       0.86125554399895177     
   5.7399999999999221       0.86235816377456243     
   5.7499999999999218       0.86345219116203575     
   5.7599999999999216       0.86453755718013314     
   5.7699999999999214       0.86561423370166668     
   5.7799999999999212       0.86668223286529122     
   5.7899999999999210       0.86774160633974362     
   5.7999999999999208       0.86879244444937476     
   5.8099999999999206       0.86983487517029545     
   5.8199999999999203       0.87086906300635381     
   5.8299999999999201       0.87189520775440466     
   5.8399999999999199       0.87291354316807790     
   5.8499999999999197       0.87392433552911841     
   5.8599999999999195       0.87492788213519068     
   5.8699999999999193       0.87592450971250790     
   5.8799999999999191       0.87691457276142470     
   5.8899999999999189       0.87789845184257864     
   5.8999999999999186       0.87887655181069002     
   5.9099999999999184       0.87984930000264894     
   5.9199999999999182       0.88081714438599490     
   5.9299999999999180       0.88178055167328384     
   5.9399999999999178       0.88274000540748032     
   5.9499999999999176       0.88369600402284221     
   5.9599999999999174       0.88464905888546264     
   5.9699999999999172       0.88559969231703184     
   5.9799999999999169       0.88654843560520491     
   5.9899999999999167       0.88749582700335738     
   5.9999999999999165       0.88844240972251887     
   6.0099999999999163       0.88938872991780249     
   6.0199999999999161       0.89033533467161030     
   6.0299999999999159       0.89128276997585587     
   6.0399999999999157       0.89223157871516046     
   6.0499999999999154       0.89318229865341237     
   6.0599999999999152       0.89413546042574865     
   6.0699999999999150       0.89509158553855195     
   6.0799999999999148       0.89605118438000553     
   6.0899999999999146       0.89701475424426447     
   6.0999999999999144       0.89798277737244214     
   6.1099999999999142       0.89895571901414095     
   6.1199999999999140       0.89993402551367430     
   6.1299999999999137       0.90091812242550029     
   6.1399999999999135       0.90190841266399424     
   6.1499999999999133       0.90290527469315462     
   6.1599999999999131       0.90390906076238708     
   6.1699999999999129       0.90492009519497474     
   6.1799999999999127       0.90593867273642437     
   6.1899999999999125       0.90696505697036101     
   6.1999999999999122       0.90799947881000009     
   6.2099999999999120       0.90904213507378251     
   6.2199999999999118       0.91009318715394494     
   6.2299999999999116       0.91115275978715282     
   6.2399999999999114       0.91222093993651021     
   6.2499999999999112       0.91329777579426519     
   6.2599999999999110       0.91438327591459456     
   6.2699999999999108       0.91547740848565651     
   6.2799999999999105       0.91658010074980700     
   6.2899999999999103       0.91769123858058621     
   6.2999999999999101       0.91881066622437402     
   6.3099999999999099       0.91993818621408308     
   6.3199999999999097       0.92107355946134795     
   6.3299999999999095       0.92221650553276391     
   6.3399999999999093       0.92336670311453539     
   6.3499999999999091       0.92452379066884893     
   6.3599999999999088       0.92568736728374690     
   6.3699999999999086       0.92685699371700736     
   6.3799999999999084       0.92803219363285572     
   6.3899999999999082       0.92921245502888206     
   6.3999999999999080       0.93039723184877565     
   6.4099999999999078       0.93158594577487586     
   6.4199999999999076       0.93277798819280833     
   6.4299999999999073       0.93397272231889950     
   6.4399999999999071       0.93516948547934475     
   6.4499999999999069       0.93636759152865601     
   6.4599999999999067       0.93756633339343276     
   6.4699999999999065       0.93876498572618516     
   6.4799999999999063       0.93996280765279450     
   6.4899999999999061       0.94115904559609531     
   6.4999999999999059       0.94235293615739346     
   6.5099999999999056       0.94354370903696094     
   6.5199999999999054       0.94473058997419501     
   6.5299999999999052       0.94591280368795672     
   6.5399999999999050       0.94708957679752048     
   6.5499999999999048       0.94826014070499609     
   6.5599999999999046       0.94942373442031835     
   6.5699999999999044       0.95057960731077829     
   6.5799999999999041       0.95172702175776336     
   6.5899999999999039       0.95286525570464320     
   6.5999999999999037       0.95399360508070941     
   6.6099999999999035       0.95511138608766311     
   6.6199999999999033       0.95621793733649718     
   6.6299999999999031       0.95731262182432664     
   6.6399999999999029       0.95839482874224480     
   6.6499999999999027       0.95946397510716652     
   6.6599999999999024       0.96051950721220336     
   6.6699999999999022       0.96156090189198651     
   6.6799999999999020       0.96258766760093595     
   6.6899999999999018       0.96359934530429625     
   6.6999999999999016       0.96459550918315728     
   6.7099999999999014       0.96557576715642868     
   6.7199999999999012       0.96653976122388530     
   6.7299999999999010       0.96748716763589415     
   6.7399999999999007       0.96841769689654889     
   6.7499999999999005       0.96933109360784897     
   6.7599999999999003       0.97022713616365075     
   6.7699999999999001       0.97110563630270819     
   6.7799999999998999       0.97196643853074505     
   6.7899999999998997       0.97280941942215393     
   6.7999999999998995       0.97363448681186471     
   6.8099999999998992       0.97444157888857141     
   6.8199999999998990       0.97523066320023233     
   6.8299999999998988       0.97600173558289682     
   6.8399999999998986       0.97675481902370642     
   6.8499999999998984       0.97748996246870357     
   6.8599999999998982       0.97820723958573330     
   6.8699999999998980       0.97890674749235318     
   6.8799999999998978       0.97958860545817905     
   6.8899999999998975       0.98025295359060882     
   6.8999999999998973       0.98089995151228493     
   6.9099999999998971       0.98152977703815836     
   6.9199999999998969       0.98214262485924431     
   6.9299999999998967       0.98273870523976348     
   6.9399999999998965       0.98331824273358259     
   6.9499999999998963       0.98388147492525746     
   6.9599999999998960       0.98442865120053269     
   6.9699999999998958       0.98496003155034095     
   6.9799999999998956       0.98547588541192965     
   6.9899999999998954       0.98597649055013448     
   6.9999999999998952       0.98646213198130583     
   7.0099999999998950       0.98693310094190800     
   7.0199999999998948       0.98738969390331754     
   7.0299999999998946       0.98783221163400137     
   7.0399999999998943       0.98826095830970884     
   7.0499999999998941       0.98867624067218030     
   7.0599999999998939       0.98907836723626474     
   7.0699999999998937       0.98946764754530170     
   7.0799999999998935       0.98984439147419900     
   7.0899999999998933       0.99020890857944055     
   7.0999999999998931       0.99056150749511096     
   7.1099999999998929       0.99090249537375463     
   7.1199999999998926       0.99123217737085612     
   7.1299999999998924       0.99155085617145944     
   7.1399999999998922       0.99185883155746168     
   7.1499999999998920       0.99215640001401340     
   7.1599999999998918       0.99244385437334026     
   7.1699999999998916       0.99272148349430545     
   7.1799999999998914       0.99298957197601845     
   7.1899999999998911       0.99324839990373603     
   7.1999999999998909       0.99349824262532316     
   7.2099999999998907       0.99373937055659434     
   7.2199999999998905       0.99397204901376035     
   7.2299999999998903       0.99419653807142105     
   7.2399999999998901       0.99441309244434017     
   7.2499999999998899       0.99462196139155190     
   7.2599999999998897       0.99482338864112008     
   7.2699999999998894       0.99501761233419317     
   7.2799999999998892       0.99520486498678862     
   7.2899999999998890       0.99538537346806144     
   7.2999999999998888       0.99555935899361137     
   7.3099999999998886       0.99572703713266952     
   7.3199999999998884       0.99588861782791938     
   7.3299999999998882       0.99604430542683509     
   7.3399999999998879       0.99619429872340381     
   7.3499999999998877       0.99633879100934686     
   7.3599999999998875       0.99647797013372319     
   7.3699999999998873       0.99661201857014470     
   7.3799999999998871       0.99674111349067529     
   7.3899999999998869       0.99686542684566659     
   7.3999999999998867       0.99698512544880080     
   7.4099999999998865       0.99710037106660687     
   7.4199999999998862       0.99721132051186645     
   7.4299999999998860       0.99731812574027578     
   7.4399999999998858       0.99742093394986298     
   7.4499999999998856       0.99751988768257727     
   7.4599999999998854       0.99761512492769200     
   7.4699999999998852       0.99770677922648965     
   7.4799999999998850       0.99779497977792220     
   7.4899999999998847       0.99787985154480241     
   7.4999999999998845       0.99796151536032163     
   7.5099999999998843       0.99804008803443445     
   7.5199999999998841       0.99811568246002791     
   7.5299999999998839       0.99818840771845685     
   7.5399999999998837       0.99825836918435862     
   7.5499999999998835       0.99832566862949768     
   7.5599999999998833       0.99839040432545467     
   7.5699999999998830       0.99845267114504976     
   7.5799999999998828       0.99851256066231464     
   7.5899999999998826       0.99857016125093656     
   7.5999999999998824       0.99862555818107124     
   7.6099999999998822       0.99867883371437294     
   7.6199999999998820       0.99873006719727764     
   7.6299999999998818       0.99877933515236628     
   7.6399999999998816       0.99882671136782597     
   7.6499999999998813       0.99887226698495246     
   7.6599999999998811       0.99891607058363774     
   7.6699999999998809       0.99895818826585248     
   7.6799999999998807       0.99899868373710177     
   7.6899999999998805       0.99903761838582006     
   7.6999999999998803       0.99907505136071473     
   7.7099999999998801       0.99911103964612435     
   7.7199999999998798       0.99914563813525570     
   7.7299999999998796       0.99917889970148488     
   7.7399999999998794       0.99921087526760521     
   7.7499999999998792       0.99924161387311194     
   7.7599999999998790       0.99927116273953454     
   7.7699999999998788       0.99929956733383540     
   7.7799999999998786       0.99932687142989685     
   7.7899999999998784       0.99935311716817443     
   7.7999999999998781       0.99937834511346679     
   7.8099999999998779       0.99940259431093148     
   7.8199999999998777       0.99942590234031137     
   7.8299999999998775       0.99944830536843732     
   7.8399999999998773       0.99946983820005486     
   7.8499999999998771       0.99949053432699209     
   7.8599999999998769       0.99951042597571282     
   7.8699999999998766       0.99952954415332029     
   7.8799999999998764       0.99954791869199588     
   7.8899999999998762       0.99956557829199311     
   7.8999999999998760       0.99958255056313261     
   7.9099999999998758       0.99959886206491588     
   7.9199999999998756       0.99961453834525471     
   7.9299999999998754       0.99962960397787393     
   7.9399999999998752       0.99964408259841953     
   7.9499999999998749       0.99965799693928270     
   7.9599999999998747       0.99967136886326002     
   7.9699999999998745       0.99968421939596497     
   7.9799999999998743       0.99969656875715218     
   7.9899999999998741       0.99970843639087492     
   7.9999999999998739       0.99971984099461531     
   8.0099999999998737       0.99973080054734753     
   8.0199999999998735       0.99974133233658813     
   8.0299999999998732       0.99975145298448198     
   8.0399999999998730       0.99976117847294554     
   8.0499999999998728       0.99977052416787471     
   8.0599999999998726       0.99977950484249922     
   8.0699999999998724       0.99978813469987116     
   8.0799999999998722       0.99979642739452657     
   8.0899999999998720       0.99980439605333771     
   8.0999999999998717       0.99981205329563450     
   8.1099999999998715       0.99981941125253393     
   8.1199999999998713       0.99982648158560594     
   8.1299999999998711       0.99983327550479195     
   8.1399999999998709       0.99983980378567539     
   8.1499999999998707       0.99984607678617776     
   8.1599999999998705       0.99985210446247608     
   8.1699999999998703       0.99985789638447820     
   8.1799999999998700       0.99986346175064200     
   8.1899999999998698       0.99986880940223999     
   8.1999999999998696       0.99987394783709016     
   8.2099999999998694       0.99987888522282276     
   8.2199999999998692       0.99988362940952158     
   8.2299999999998690       0.99988818794203460     
   8.2399999999998688       0.99989256807171545     
   8.2499999999998685       0.99989677676774547     
   8.2599999999998683       0.99990082072804976     
   8.2699999999998681       0.99990470638977369     
   8.2799999999998679       0.99990843993936296     
   8.2899999999998677       0.99991202732226092     
   8.2999999999998675       0.99991547425224914     
   8.3099999999998673       0.99991878622040398     
   8.3199999999998671       0.99992196850374038     
   8.3299999999998668       0.99992502617349766     
   8.3399999999998666       0.99992796410313034     
   8.3499999999998664       0.99993078697598092     
   8.3599999999998662       0.99993349929264597     
   8.3699999999998660       0.99993610537810085     
   8.3799999999998658       0.99993860938848356     
   8.3899999999998656       0.99994101531769308     
   8.3999999999998654       0.99994332700367217     
   8.4099999999998651       0.99994554813448411     
   8.4199999999998649       0.99994768225413644     
   8.4299999999998647       0.99994973276819188     
   8.4399999999998645       0.99995170294915270     
   8.4499999999998643       0.99995359594164923     
   8.4599999999998641       0.99995541476740613     
   8.4699999999998639       0.99995716233004273     
   8.4799999999998636       0.99995884141967417     
   8.4899999999998634       0.99996045471733253     
   8.4999999999998632       0.99996200479921549     
   8.5099999999998630       0.99996349414077357     
   8.5199999999998628       0.99996492512066204     
   8.5299999999998626       0.99996630002448428     
   8.5399999999998624       0.99996762104844705     
   8.5499999999998622       0.99996889030283320     
   8.5599999999998619       0.99997010981536816     
   8.5699999999998617       0.99997128153442938     
   8.5799999999998615       0.99997240733216330     
   8.5899999999998613       0.99997348900744343     
   8.5999999999998611       0.99997452828874756     
   8.6099999999998609       0.99997552683689861     
   8.6199999999998607       0.99997648624770386     
   8.6299999999998604       0.99997740805451329     
   8.6399999999998602       0.99997829373064229     
   8.6499999999998600       0.99997914469172977     
   8.6599999999998598       0.99997996229798813     
   8.6699999999998596       0.99998074785636581     
   8.6799999999998594       0.99998150262264118     
   8.6899999999998592       0.99998222780341905     
   8.6999999999998590       0.99998292455803850     
   8.7099999999998587       0.99998359400045167     
   8.7199999999998585       0.99998423720097362     
   8.7299999999998583       0.99998485518800095     
   8.7399999999998581       0.99998544894965313     
   8.7499999999998579       0.99998601943533016     
   8.7599999999998577       0.99998656755726800     
   8.7699999999998575       0.99998709419194276     
   8.7799999999998573       0.99998760018150867     
   8.7899999999998570       0.99998808633512049     
   8.7999999999998568       0.99998855343023707     
   8.8099999999998566       0.99998900221385867     
   8.8199999999998564       0.99998943340371182     
   8.8299999999998562       0.99998984768940702     
   8.8399999999998560       0.99999024573352768     
   8.8499999999998558       0.99999062817270834     
   8.8599999999998555       0.99999099561862481     
   8.8699999999998553       0.99999134865898121     
   8.8799999999998551       0.99999168785846537     
   8.8899999999998549       0.99999201375963187     
   8.8999999999998547       0.99999232688375905     
   8.9099999999998545       0.99999262773171671     
   8.9199999999998543       0.99999291678473945     
   8.9299999999998541       0.99999319450519353     
   8.9399999999998538       0.99999346133733247     
   8.9499999999998536       0.99999371770800094     
   8.9599999999998534       0.99999396402729857     
   8.9699999999998532       0.99999420068927003     
   8.9799999999998530       0.99999442807251193     
   8.9899999999998528       0.99999464654077252     
   8.9999999999998526       0.99999485644354935     
   9.0099999999998523       0.99999505811664158     
   9.0199999999998521       0.99999525188268101     
   9.0299999999998519       0.99999543805165936     
   9.0399999999998517       0.99999561692141314     
   9.0499999999998515       0.99999578877811091     
   9.0599999999998513       0.99999595389668527     
   9.0699999999998511       0.99999611254131926     
   9.0799999999998509       0.99999626496581429     
   9.0899999999998506       0.99999641141404660     
   9.0999999999998504       0.99999655212030880     
   9.1099999999998502       0.99999668730972191     
   9.1199999999998500       0.99999681719857980     
   9.1299999999998498       0.99999694199470235     
   9.1399999999998496       0.99999706189774806     
   9.1499999999998494       0.99999717709956348     
   9.1599999999998492       0.99999728778446950     
   9.1699999999998489       0.99999739412956168     
   9.1799999999998487       0.99999749630498536     
   9.1899999999998485       0.99999759447422265     
   9.1999999999998483       0.99999768879434847     
   9.2099999999998481       0.99999777941626966     
   9.2199999999998479       0.99999786648499445     
   9.2299999999998477       0.99999795013982962     
   9.2399999999998474       0.99999803051462244     
   9.2499999999998472       0.99999810773798081     
   9.2599999999998470       0.99999818193346757     
   9.2699999999998468       0.99999825321979385     
   9.2799999999998466       0.99999832171102865     
   9.2899999999998464       0.99999838751676173     
   9.2999999999998462       0.99999845074228488     
   9.3099999999998460       0.99999851148876473     
   9.3199999999998457       0.99999856985339997     
   9.3299999999998455       0.99999862592958266     
   9.3399999999998453       0.99999867980703827     
   9.3499999999998451       0.99999873157197550     
   9.3599999999998449       0.99999878130722308     
   9.3699999999998447       0.99999882909236604     
   9.3799999999998445       0.99999887500386342     
   9.3899999999998442       0.99999891911517891     
   9.3999999999998440       0.99999896149689982     
   9.4099999999998438       0.99999900221683680     
   9.4199999999998436       0.99999904134014606     
   9.4299999999998434       0.99999907892943662     
   9.4399999999998432       0.99999911504485395     
   9.4499999999998430       0.99999914974418536     
   9.4599999999998428       0.99999918308295577     
   9.4699999999998425       0.99999921511451317     
   9.4799999999998423       0.99999924589011358     
   9.4899999999998421       0.99999927545900058     
   9.4999999999998419       0.99999930386848568     
   9.5099999999998417       0.99999933116403539     
   9.5199999999998415       0.99999935738932200     
   9.5299999999998413       0.99999938258631260     
   9.5399999999998411       0.99999940679532395     
   9.5499999999998408       0.99999943005509706     
   9.5599999999998406       0.99999945240284960     
   9.5699999999998404       0.99999947387434474     
   9.5799999999998402       0.99999949450393322     
   9.5899999999998400       0.99999951432463774     
   9.5999999999998398       0.99999953336816128     
   9.6099999999998396       0.99999955166498544     
   9.6199999999998393       0.99999956924438982     
   9.6299999999998391       0.99999958613449969     
   9.6399999999998389       0.99999960236233976     
   9.6499999999998387       0.99999961795388492     
   9.6599999999998385       0.99999963293408101     
   9.6699999999998383       0.99999964732689528     
   9.6799999999998381       0.99999966115536543     
   9.6899999999998379       0.99999967444161619     
   9.6999999999998376       0.99999968720690824     
   9.7099999999998374       0.99999969947166889     
   9.7199999999998372       0.99999971125552511     
   9.7299999999998370       0.99999972257732894     
   9.7399999999998368       0.99999973345520232     
   9.7499999999998366       0.99999974390654855     
   9.7599999999998364       0.99999975394809659     
   9.7699999999998361       0.99999976359591003     
   9.7799999999998359       0.99999977286542974     
   9.7899999999998357       0.99999978177148507     
   9.7999999999998355       0.99999979032833131     
   9.8099999999998353       0.99999979854966037     
   9.8199999999998351       0.99999980644862874     
   9.8299999999998349       0.99999981403787586     
   9.8399999999998347       0.99999982132954024     
   9.8499999999998344       0.99999982833530021     
   9.8599999999998342       0.99999983506636114     
   9.8699999999998340       0.99999984153349253     
   9.8799999999998338       0.99999984774704687     
   9.8899999999998336       0.99999985371696021     
   9.8999999999998334       0.99999985945279235     
   9.9099999999998332       0.99999986496372406     
   9.9199999999998330       0.99999987025856740     
   9.9299999999998327       0.99999987534579349     
   9.9399999999998325       0.99999988023355058     
   9.9499999999998323       0.99999988492965164     
   9.9599999999998321       0.99999988944162255     
   9.9699999999998319       0.99999989377667553     
   9.9799999999998317       0.99999989794174715     
   9.9899999999998315       0.99999990194350374     
   9.9999999999998312       0.99999990578835396     
