   0.0000000000000000       0.19447369033361475     
   1.0000000000000000E-002  0.19447714655387002     
   2.0000000000000000E-002  0.19448750600494336     
   2.9999999999999999E-002  0.19450474106526117     
   4.0000000000000001E-002  0.19452880573609838     
   5.0000000000000003E-002  0.19455963569031828     
   6.0000000000000005E-002  0.19459714835338324     
   7.0000000000000007E-002  0.19464124299500107     
   8.0000000000000002E-002  0.19469180084779392     
   8.9999999999999997E-002  0.19474868525233668     
   9.9999999999999992E-002  0.19481174181740349     
  0.10999999999999999       0.19488079860444765     
  0.11999999999999998       0.19495566634250305     
  0.12999999999999998       0.19503613865077121     
  0.13999999999999999       0.19512199229881960     
  0.14999999999999999       0.19521298747714394     
  0.16000000000000000       0.19530886809097561     
  0.17000000000000001       0.19540936207985049     
  0.18000000000000002       0.19551418174388918     
  0.19000000000000003       0.19562302410628118     
  0.20000000000000004       0.19573557127162369     
  0.21000000000000005       0.19585149082435446     
  0.22000000000000006       0.19597043622711391     
  0.23000000000000007       0.19609204724386187     
  0.24000000000000007       0.19621595038029579     
  0.25000000000000006       0.19634175934183934     
  0.26000000000000006       0.19646907551609899     
  0.27000000000000007       0.19659748847019162     
  0.28000000000000008       0.19672657648117339     
  0.29000000000000009       0.19685590708943712     
  0.30000000000000010       0.19698503768046097     
  0.31000000000000011       0.19711351610408195     
  0.32000000000000012       0.19724088132474252     
  0.33000000000000013       0.19736666411450171     
  0.34000000000000014       0.19749038777836320     
  0.35000000000000014       0.19761156892466325     
  0.36000000000000015       0.19772971827525479     
  0.37000000000000016       0.19784434151655084     
  0.38000000000000017       0.19795494018440887     
  0.39000000000000018       0.19806101258950484     
  0.40000000000000019       0.19816205477294171     
  0.41000000000000020       0.19825756148370519     
  0.42000000000000021       0.19834702719008981     
  0.43000000000000022       0.19842994709069789     
  0.44000000000000022       0.19850581815136292     
  0.45000000000000023       0.19857414013588154     
  0.46000000000000024       0.19863441663596640     
  0.47000000000000025       0.19868615610075777     
  0.48000000000000026       0.19872887285007329     
  0.49000000000000027       0.19876208806961743     
  0.50000000000000022       0.19878533079893709     
  0.51000000000000023       0.19879813889343154     
  0.52000000000000024       0.19880005997550632     
  0.53000000000000025       0.19879065236409910     
  0.54000000000000026       0.19876948599802366     
  0.55000000000000027       0.19873614334154296     
  0.56000000000000028       0.19869022029466119     
  0.57000000000000028       0.19863132709041609     
  0.58000000000000029       0.19855908919723639     
  0.59000000000000030       0.19847314823036005     
  0.60000000000000031       0.19837316286105228     
  0.61000000000000032       0.19825880973216026     
  0.62000000000000033       0.19812978438836004     
  0.63000000000000034       0.19798580218911535     
  0.64000000000000035       0.19782659923777834     
  0.65000000000000036       0.19765193328657826     
  0.66000000000000036       0.19746158462430005     
  0.67000000000000037       0.19725535694487889     
  0.68000000000000038       0.19703307815792517     
  0.69000000000000039       0.19679460117370018     
  0.70000000000000040       0.19653980459634229     
  0.71000000000000041       0.19626859337183725     
  0.72000000000000042       0.19598089933365073     
  0.73000000000000043       0.19567668166170379     
  0.74000000000000044       0.19535592724227799     
  0.75000000000000044       0.19501865092324899     
  0.76000000000000045       0.19466489566360828     
  0.77000000000000046       0.19429473256719679     
  0.78000000000000047       0.19390826082015936     
  0.79000000000000048       0.19350560752103910     
  0.80000000000000049       0.19308692741206271     
  0.81000000000000050       0.19265240252604848     
  0.82000000000000051       0.19220224175068654     
  0.83000000000000052       0.19173668032284499     
  0.84000000000000052       0.19125597925935467     
  0.85000000000000053       0.19076042473521593     
  0.86000000000000054       0.19025032742137843     
  0.87000000000000055       0.18972602178470394     
  0.88000000000000056       0.18918786535736692     
  0.89000000000000057       0.18863623798239662     
  0.90000000000000058       0.18807154103872673     
  0.91000000000000059       0.18749419663831943     
  0.92000000000000060       0.18690464681944968     
  0.93000000000000060       0.18630335269589701     
  0.94000000000000061       0.18569079360430263     
  0.95000000000000062       0.18506746620942727     
  0.96000000000000063       0.18443388358281940     
  0.97000000000000064       0.18379057425730691     
  0.98000000000000065       0.18313808123614292     
  0.99000000000000066       0.18247696096156110     
   1.0000000000000007       0.18180778225802363     
   1.0100000000000007       0.18113112522536851     
   1.0200000000000007       0.18044758010191517     
   1.0300000000000007       0.17975774608943945     
   1.0400000000000007       0.17906223015756370     
   1.0500000000000007       0.17836164581468469     
   1.0600000000000007       0.17765661187867854     
   1.0700000000000007       0.17694775122469783     
   1.0800000000000007       0.17623568954189772     
   1.0900000000000007       0.17552105410852570     
   1.1000000000000008       0.17480447257082671     
   1.1100000000000008       0.17408657175872744     
   1.1200000000000008       0.17336797654748171     
   1.1300000000000008       0.17264930874113821     
   1.1400000000000008       0.17193118603441679     
   1.1500000000000008       0.17121422101223105     
   1.1600000000000008       0.17049902021509375     
   1.1700000000000008       0.16978618328267636     
   1.1800000000000008       0.16907630213612473     
   1.1900000000000008       0.16836996027040699     
   1.2000000000000008       0.16766773207096411     
   1.2100000000000009       0.16697018223755214     
   1.2200000000000009       0.16627786524960245     
   1.2300000000000009       0.16559132490656445     
   1.2400000000000009       0.16491109392689937     
   1.2500000000000009       0.16423769361240040     
   1.2600000000000009       0.16357163356344329     
   1.2700000000000009       0.16291341144234098     
   1.2800000000000009       0.16226351279494647     
   1.2900000000000009       0.16162241091681073     
   1.3000000000000009       0.16099056674664905     
   1.3100000000000009       0.16036842881843452     
   1.3200000000000010       0.15975643323217859     
   1.3300000000000010       0.15915500366682478     
   1.3400000000000010       0.15856455141238962     
   1.3500000000000010       0.15798547543088348     
   1.3600000000000010       0.15741816243945567     
   1.3700000000000010       0.15686298701415605     
   1.3800000000000010       0.15632031170435851     
   1.3900000000000010       0.15579048716472138     
   1.4000000000000010       0.15527385229804028     
   1.4100000000000010       0.15477073439865996     
   1.4200000000000010       0.15428144931918425     
   1.4300000000000010       0.15380630161436609     
   1.4400000000000011       0.15334558471382737     
   1.4500000000000011       0.15289958107403601     
   1.4600000000000011       0.15246856233215189     
   1.4700000000000011       0.15205278946665932     
   1.4800000000000011       0.15165251293940651     
   1.4900000000000011       0.15126797282914467     
   1.5000000000000011       0.15089939897013377     
   1.5100000000000011       0.15054701106933507     
   1.5200000000000011       0.15021101881630652     
   1.5300000000000011       0.14989162198229403     
   1.5400000000000011       0.14958901051327272     
   1.5500000000000012       0.14930336459434221     
   1.5600000000000012       0.14903485472878872     
   1.5700000000000012       0.14878364177589132     
   1.5800000000000012       0.14854987698969332     
   1.5900000000000012       0.14833370205407281     
   1.6000000000000012       0.14813524908495118     
   1.6100000000000012       0.14795464062833447     
   1.6200000000000012       0.14779198965959914     
   1.6300000000000012       0.14764739953878583     
   1.6400000000000012       0.14752096398871950     
   1.6500000000000012       0.14741276703381723     
   1.6600000000000013       0.14732288293647183     
   1.6700000000000013       0.14725137612922370     
   1.6800000000000013       0.14719830110717905     
   1.6900000000000013       0.14716370235182766     
   1.7000000000000013       0.14714761419425798     
   1.7100000000000013       0.14715006070427894     
   1.7200000000000013       0.14717105554658200     
   1.7300000000000013       0.14721060182760437     
   1.7400000000000013       0.14726869193414990     
   1.7500000000000013       0.14734530735781523     
   1.7600000000000013       0.14744041850742864     
   1.7700000000000014       0.14755398450176652     
   1.7800000000000014       0.14768595296114007     
   1.7900000000000014       0.14783625978464884     
   1.8000000000000014       0.14800482889766778     
   1.8100000000000014       0.14819157201790148     
   1.8200000000000014       0.14839638837757374     
   1.8300000000000014       0.14861916445888518     
   1.8400000000000014       0.14885977370008918     
   1.8500000000000014       0.14911807619896142     
   1.8600000000000014       0.14939391840044836     
   1.8700000000000014       0.14968713278323373     
   1.8800000000000014       0.14999753751958622     
   1.8900000000000015       0.15032493613884745     
   1.9000000000000015       0.15066911717751275     
   1.9100000000000015       0.15102985381448308     
   1.9200000000000015       0.15140690351308034     
   1.9300000000000015       0.15180000763305662     
   1.9400000000000015       0.15220889106294594     
   1.9500000000000015       0.15263326182535766     
   1.9600000000000015       0.15307281068563458     
   1.9700000000000015       0.15352721076719208     
   1.9800000000000015       0.15399611715384423     
   1.9900000000000015       0.15447916649558324     
   2.0000000000000013       0.15497597662502960     
   2.0100000000000011       0.15548614617269985     
   2.0200000000000009       0.15600925419255846     
   2.0300000000000007       0.15654485980105412     
   2.0400000000000005       0.15709250183342113     
   2.0500000000000003       0.15765169850272936     
   2.0600000000000001       0.15822194711143664     
   2.0699999999999998       0.15880272375100180     
   2.0799999999999996       0.15939348305347553     
   2.0899999999999994       0.15999365797382054     
   2.0999999999999992       0.16060265959837464     
   2.1099999999999990       0.16121987698729473     
   2.1199999999999988       0.16184467708081221     
   2.1299999999999986       0.16247640460965626     
   2.1399999999999983       0.16311438208495771     
   2.1499999999999981       0.16375790980643462     
   2.1599999999999979       0.16440626592295859     
   2.1699999999999977       0.16505870654174606     
   2.1799999999999975       0.16571446585979033     
   2.1899999999999973       0.16637275636760168     
   2.1999999999999971       0.16703276905820466     
   2.2099999999999969       0.16769367370167321     
   2.2199999999999966       0.16835461914287700     
   2.2299999999999964       0.16901473363834238     
   2.2399999999999962       0.16967312523791644     
   2.2499999999999960       0.17032888219946027     
   2.2599999999999958       0.17098107345614980     
   2.2699999999999956       0.17162874912075585     
   2.2799999999999954       0.17227094105885746     
   2.2899999999999952       0.17290666352176456     
   2.2999999999999949       0.17353491384107328     
   2.3099999999999947       0.17415467323129394     
   2.3199999999999945       0.17476490766171240     
   2.3299999999999943       0.17536456885488144     
   2.3399999999999941       0.17595259538936325     
