   0.0000000000000000        9.2417482249473965E-002
   1.0000000000000000E-002   9.2422392994374908E-002
   2.0000000000000000E-002   9.2437178786300242E-002
   2.9999999999999999E-002   9.2461998197890555E-002
   4.0000000000000001E-002   9.2497108630387126E-002
   5.0000000000000003E-002   9.2542856286038436E-002
   6.0000000000000005E-002   9.2599662751598893E-002
   7.0000000000000007E-002   9.2668008736251292E-002
   8.0000000000000002E-002   9.2748415649089852E-002
   8.9999999999999997E-002   9.2841425766376051E-002
   9.9999999999999992E-002   9.2947581774957405E-002
  0.10999999999999999        9.3067406497158958E-002
  0.11999999999999998        9.3201383581097932E-002
  0.12999999999999998        9.3349939884842581E-002
  0.13999999999999999        9.3513430190189220E-002
  0.14999999999999999        9.3692124778215771E-002
  0.16000000000000000        9.3886200223204139E-002
  0.17000000000000001        9.4095733586887526E-002
  0.18000000000000002        9.4320699971578575E-002
  0.19000000000000003        9.4560973162404180E-002
  0.20000000000000004        9.4816328860667390E-002
  0.21000000000000005        9.5086449785492327E-002
  0.22000000000000006        9.5370931781906115E-002
  0.23000000000000007        9.5669289953520378E-002
  0.24000000000000007        9.5980963852369386E-002
  0.25000000000000006        9.6305320839107866E-002
  0.26000000000000006        9.6641656933499381E-002
  0.27000000000000007        9.6989194744520182E-002
  0.28000000000000008        9.7347078408790144E-002
  0.29000000000000009        9.7714365834293326E-002
  0.30000000000000010        9.8090018875196652E-002
  0.31000000000000011        9.8472892371395768E-002
  0.32000000000000012        9.8861723195266135E-002
  0.33000000000000013        9.9255120556166226E-002
  0.34000000000000014        9.9651558850801222E-002
  0.35000000000000014       0.10004937424737206     
  0.36000000000000015       0.10044676605447589     
  0.37000000000000016       0.10084180368543819     
  0.38000000000000017       0.10123243978654239     
  0.39000000000000018       0.10161652975959773     
  0.40000000000000019       0.10199185761673567     
  0.41000000000000020       0.10235616774348864     
  0.42000000000000021       0.10270720180118167     
  0.43000000000000022       0.10304273964584469     
  0.44000000000000022       0.10336064282184133     
  0.45000000000000023       0.10365889888074109     
  0.46000000000000024       0.10393566456018981     
  0.47000000000000025       0.10418930572345264     
  0.48000000000000026       0.10441843196837396     
  0.49000000000000027       0.10462192394362818     
  0.50000000000000022       0.10479895174589006     
  0.51000000000000023       0.10494898319871127     
  0.52000000000000024       0.10507178141811201     
  0.53000000000000025       0.10516739168372692     
  0.54000000000000026       0.10523611833108658     
  0.55000000000000027       0.10527849294159417     
  0.56000000000000028       0.10529523566652978     
  0.57000000000000028       0.10528721182745958     
  0.58000000000000029       0.10525538618784321     
  0.59000000000000030       0.10520077732443094     
  0.60000000000000031       0.10512441443950785     
  0.61000000000000032       0.10502729876021957     
  0.62000000000000033       0.10491037137285167     
  0.63000000000000034       0.10477448897701104     
  0.64000000000000035       0.10462040859483072     
  0.65000000000000036       0.10444878181388025     
  0.66000000000000036       0.10426015857768783     
  0.67000000000000037       0.10405499998820154     
  0.68000000000000038       0.10383369898718985     
  0.69000000000000039       0.10359660721656683     
  0.70000000000000040       0.10334406585818499     
  0.71000000000000041       0.10307643783418685     
  0.72000000000000042       0.10279413855463376     
  0.73000000000000043       0.10249766235819106     
  0.74000000000000044       0.10218760204444285     
  0.75000000000000044       0.10186465936445134     
  0.76000000000000045       0.10152964506266832     
  0.77000000000000046       0.10118346791806025     
  0.78000000000000047       0.10082711318641259     
  0.79000000000000048       0.10046161179050245     
  0.80000000000000049       0.10008800238119653     
  0.81000000000000050        9.9707289031669602E-002
  0.82000000000000051        9.9320397652184783E-002
  0.83000000000000052        9.8928134276486501E-002
  0.84000000000000052        9.8531148206419117E-002
  0.85000000000000053        9.8129902552441181E-002
  0.86000000000000054        9.7724654180575243E-002
  0.87000000000000055        9.7315444373195892E-002
  0.88000000000000056        9.6902100880171801E-002
  0.89000000000000057        9.6484251297195650E-002
  0.90000000000000058        9.6061347146751477E-002
  0.91000000000000059        9.5632697458595803E-002
  0.92000000000000060        9.5197510191479567E-002
  0.93000000000000060        9.4754939461094395E-002
  0.94000000000000061        9.4304136273115374E-002
  0.95000000000000062        9.3844300275726586E-002
  0.96000000000000063        9.3374729994452177E-002
  0.97000000000000064        9.2894869076916797E-002
  0.98000000000000065        9.2404346285361261E-002
  0.99000000000000066        9.1903007293825389E-002
   1.0000000000000007        9.1390936837975195E-002
   1.0100000000000007        9.0868470304228732E-002
   1.0200000000000007        9.0336194502803432E-002
   1.0300000000000007        8.9794937969674679E-002
   1.0400000000000007        8.9245751791614703E-002
   1.0500000000000007        8.8689882379162324E-002
   1.0600000000000007        8.8128738052154237E-002
   1.0700000000000007        8.7563851421988692E-002
   1.0800000000000007        8.6996839648040517E-002
   1.0900000000000007        8.6429364515846749E-002
   1.1000000000000008        8.5863094057574973E-002
   1.1100000000000008        8.5299667143313135E-002
   1.1200000000000008        8.4740662126169680E-002
   1.1300000000000008        8.4187570291525363E-002
   1.1400000000000008        8.3641774500369331E-002
   1.1500000000000008        8.3104533163159369E-002
   1.1600000000000008        8.2576969387116450E-002
   1.1700000000000008        8.2060064951389552E-002
   1.1800000000000008        8.1554658587498496E-002
   1.1900000000000008        8.1061447927845698E-002
   1.2000000000000008        8.0580994417791624E-002
   1.2100000000000009        8.0113730434858477E-002
   1.2200000000000009        7.9659967909746623E-002
   1.2300000000000009        7.9219907774454354E-002
   1.2400000000000009        7.8793649671384483E-002
   1.2500000000000009        7.8381201471708808E-002
   1.2600000000000009        7.7982488303327005E-002
   1.2700000000000009        7.7597360919691077E-002
   1.2800000000000009        7.7225603375940755E-002
   1.2900000000000009        7.6866940113533982E-002
   1.3000000000000009        7.6521042596330940E-002
   1.3100000000000009        7.6187535735011191E-002
   1.3200000000000010        7.5866004318629429E-002
   1.3300000000000010        7.5555999645901914E-002
   1.3400000000000010        7.5257046527792471E-002
   1.3500000000000010        7.4968650730557154E-002
   1.3600000000000010        7.4690306882980353E-002
   1.3700000000000010        7.4421506764538098E-002
   1.3800000000000010        7.4161747876627687E-002
   1.3900000000000010        7.3910542080270050E-002
   1.4000000000000010        7.3667424116782482E-002
   1.4100000000000010        7.3431959771998956E-002
   1.4200000000000010        7.3203753466079532E-002
   1.4300000000000010        7.2982455053924145E-002
   1.4400000000000011        7.2767765672841170E-002
   1.4500000000000011        7.2559442489586193E-002
   1.4600000000000011        7.2357302254378295E-002
   1.4700000000000011        7.2161223608122466E-002
   1.4800000000000011        7.1971148138374977E-002
   1.4900000000000011        7.1787080203864567E-002
   1.5000000000000011        7.1609085606255951E-002
   1.5100000000000011        7.1437289188945929E-002
   1.5200000000000011        7.1271871498473735E-002
   1.5300000000000011        7.1113064616718999E-002
   1.5400000000000011        7.0961147341841571E-002
   1.5500000000000012        7.0816439822357150E-002
   1.5600000000000012        7.0679297846224412E-002
   1.5700000000000012        7.0550106877736399E-002
   1.5800000000000012        7.0429276007444128E-002
   1.5900000000000012        7.0317231929269280E-002
   1.6000000000000012        7.0214413050880956E-002
   1.6100000000000012        7.0121263835071085E-002
   1.6200000000000012        7.0038229444443545E-002
   1.6300000000000012        6.9965750763689077E-002
   1.6400000000000012        6.9904259821561954E-002
   1.6500000000000012        6.9854175670802446E-002
   1.6600000000000013        6.9815900718164237E-002
   1.6700000000000013        6.9789817527083881E-002
   1.6800000000000013        6.9776286072011542E-002
   1.6900000000000013        6.9775641435256233E-002
   1.7000000000000013        6.9788191926728901E-002
   1.7100000000000013        6.9814217585017282E-002
   1.7200000000000013        6.9853969041390768E-002
   1.7300000000000013        6.9907666704684901E-002
   1.7400000000000013        6.9975500236555466E-002
   1.7500000000000013        7.0057628280934620E-002
   1.7600000000000013        7.0154178425221231E-002
   1.7700000000000014        7.0265247365627101E-002
   1.7800000000000014        7.0390901256175559E-002
   1.7900000000000014        7.0531176244388996E-002
   1.8000000000000014        7.0686079172336228E-002
   1.8100000000000014        7.0855588468182629E-002
   1.8200000000000014        7.1039655236766835E-002
   1.8300000000000014        7.1238204570893179E-002
   1.8400000000000014        7.1451137123005798E-002
   1.8500000000000014        7.1678330969981538E-002
   1.8600000000000014        7.1919643817669632E-002
   1.8700000000000014        7.2174915574890627E-002
   1.8800000000000014        7.2443971361587783E-002
   1.8900000000000015        7.2726624947711205E-002
   1.9000000000000015        7.3022682672890166E-002
   1.9100000000000015        7.3331947824161803E-002
   1.9200000000000015        7.3654225465699177E-002
   1.9300000000000015        7.3989327646727374E-002
   1.9400000000000015        7.4337078918590052E-002
   1.9500000000000015        7.4697322019046095E-002
   1.9600000000000015        7.5069923562293348E-002
   1.9700000000000015        7.5454779526971327E-002
   1.9800000000000015        7.5851820300124148E-002
   1.9900000000000015        7.6261015005187616E-002
   2.0000000000000013        7.6682374833854483E-002
   2.0100000000000011        7.7115955092295310E-002
   2.0200000000000009        7.7561855702888163E-002
   2.0300000000000007        7.8020219914024302E-002
   2.0400000000000005        7.8491231062776792E-002
   2.0500000000000003        7.8975107257951885E-002
   2.0600000000000001        7.9472094006832930E-002
   2.0699999999999998        7.9982454834120101E-002
   2.0799999999999996        8.0506460116967007E-002
   2.0899999999999994        8.1044374446238354E-002
   2.0999999999999992        8.1596442934311980E-002
   2.1099999999999990        8.2162877011657975E-002
   2.1199999999999988        8.2743840329457544E-002
   2.1299999999999986        8.3339435459244077E-002
   2.1399999999999983        8.3949692081978319E-002
   2.1499999999999981        8.4574557372404741E-002
   2.1599999999999979        8.5213889151486269E-002
   2.1699999999999977        8.5867452279231801E-002
   2.1799999999999975        8.6534918495201341E-002
   2.1899999999999973        8.7215869669200044E-002
   2.1999999999999971        8.7909804077631507E-002
   2.2099999999999969        8.8616144972454902E-002
   2.2199999999999966        8.9334250395222053E-002
   2.2299999999999964        9.0063422900520523E-002
   2.2399999999999962        9.0802917694572771E-002
   2.2499999999999960        9.1551947651416707E-002
   2.2599999999999958        9.2309683818476942E-002
   2.2699999999999956        9.3075250291441980E-002
   2.2799999999999954        9.3847712798437066E-002
   2.2899999999999952        9.4626060879254376E-002
   2.2999999999999949        9.5409184144897241E-002
   2.3099999999999947        9.6195843730328398E-002
   2.3199999999999945        9.6984640598859487E-002
   2.3299999999999943        9.7773982819210611E-002
   2.3399999999999941        9.8562054261453189E-002
   2.3499999999999939        9.9346787337611778E-002
   2.3599999999999937       0.10012584242774933     
   2.3699999999999934       0.10089659650909913     
   2.3799999999999932       0.10165614325175715     
   2.3899999999999930       0.10240130641150849     
   2.3999999999999928       0.10312866786300393     
   2.4099999999999926       0.10383461091854126     
   2.4199999999999924       0.10451537881994592     
   2.4299999999999922       0.10516714734735973     
   2.4399999999999920       0.10578610949796342     
   2.4499999999999917       0.10636856909073816     
   2.4599999999999915       0.10691103910867597     
   2.4699999999999913       0.10741033965243155     
   2.4799999999999911       0.10786368969910391     
   2.4899999999999909       0.10826878654509031     
   2.4999999999999907       0.10862386698402464     
   2.5099999999999905       0.10892774496791606     
   2.5199999999999902       0.10917982170806918     
   2.5299999999999900       0.10938006580971399     
   2.5399999999999898       0.10952896297222764     
   2.5499999999999896       0.10962743680277995     
   2.5599999999999894       0.10967674427852488     
   2.5699999999999892       0.10967835108779721     
   2.5799999999999890       0.10963379351472134     
   2.5899999999999888       0.10954453453262498     
   2.5999999999999885       0.10941182237940830     
   2.6099999999999883       0.10923656014576519     
   2.6199999999999881       0.10901919477296566     
   2.6299999999999879       0.10875963339238053     
   2.6399999999999877       0.10845719408087602     
   2.6499999999999875       0.10811059686656853     
   2.6599999999999873       0.10771799906152317     
   2.6699999999999871       0.10727707678436625     
   2.6799999999999868       0.10678515174845203     
   2.6899999999999866       0.10623935923369343     
   2.6999999999999864       0.10563684969295184     
   2.7099999999999862       0.10497501303318028     
   2.7199999999999860       0.10425171161430466     
   2.7299999999999858       0.10346550583356107     
   2.7399999999999856       0.10261585523570763     
   2.7499999999999853       0.10170327869961851     
   2.7599999999999851       0.10072945950903819     
   2.7699999999999849        9.9697284878577930E-002
   2.7799999999999847        9.8610814459993770E-002
   2.7899999999999845        9.7475177898397491E-002
   2.7999999999999843        9.6296407040964926E-002
   2.8099999999999841        9.5081213314109500E-002
   2.8199999999999839        9.3836724552620474E-002
   2.8299999999999836        9.2570197937084389E-002
   2.8399999999999834        9.1288726602925696E-002
   2.8499999999999832        8.9998957031913684E-002
   2.8599999999999830        8.8706832837582100E-002
   2.8699999999999828        8.7417378294630949E-002
   2.8799999999999826        8.6134532296005942E-002
   2.8899999999999824        8.4861040532933044E-002
   2.8999999999999821        8.3598410778394541E-002
   2.9099999999999819        8.2346933220368623E-002
   2.9199999999999817        8.1105764796977439E-002
   2.9299999999999815        7.9873073420388768E-002
   2.9399999999999813        7.8646234785313546E-002
   2.9499999999999811        7.7422071240117185E-002
   2.9599999999999809        7.6197119134812197E-002
   2.9699999999999807        7.4967908492790641E-002
   2.9799999999999804        7.3731237165530747E-002
   2.9899999999999802        7.2484421223218326E-002
   2.9999999999999800        7.1225504533874620E-002
   3.0099999999999798        6.9953413348089674E-002
   3.0199999999999796        6.8668046092045729E-002
   3.0299999999999794        6.7370293998387371E-002
   3.0399999999999792        6.6061994058900342E-002
   3.0499999999999790        6.4745821275673979E-002
   3.0599999999999787        6.3425131695639042E-002
   3.0699999999999785        6.2103770729845680E-002
   3.0799999999999783        6.0785862578714690E-002
   3.0899999999999781        5.9475596326139142E-002
   3.0999999999999779        5.8177022659525103E-002
   3.1099999999999777        5.6893872714808065E-002
   3.1199999999999775        5.5629407648476389E-002
   3.1299999999999772        5.4386304614401561E-002
   3.1399999999999770        5.3166582120235437E-002
   3.1499999999999768        5.1971565421805914E-002
   3.1599999999999766        5.0801890694841319E-002
   3.1699999999999764        4.9657545117247764E-002
   3.1799999999999762        4.8537938656861734E-002
   3.1899999999999760        4.7442002171764981E-002
   3.1999999999999758        4.6368305357772872E-002
   3.2099999999999755        4.5315187168672000E-002
   3.2199999999999753        4.4280890673083911E-002
   3.2299999999999751        4.3263694013268739E-002
   3.2399999999999749        4.2262029353005895E-002
   3.2499999999999747        4.1274582543814498E-002
   3.2599999999999745        4.0300367697688501E-002
   3.2699999999999743        3.9338772870050415E-002
   3.2799999999999740        3.8389575443211983E-002
   3.2899999999999738        3.7452928273130473E-002
   3.2999999999999736        3.6529319954011347E-002
   3.3099999999999734        3.5619514401681589E-002
   3.3199999999999732        3.4724476142780063E-002
   3.3299999999999730        3.3845288163723640E-002
   3.3399999999999728        3.2983068952158398E-002
   3.3499999999999726        3.2138894538139069E-002
   3.3599999999999723        3.1313730148384775E-002
   3.3699999999999721        3.0508374661568499E-002
   3.3799999999999719        2.9723419646815921E-002
   3.3899999999999717        2.8959223459417132E-002
   3.3999999999999715        2.8215899804295921E-002
   3.4099999999999713        2.7493319389014718E-002
   3.4199999999999711        2.6791122735981505E-002
   3.4299999999999708        2.6108741959212131E-002
   3.4399999999999706        2.5445429210174779E-002
   3.4499999999999704        2.4800289573507966E-002
   3.4599999999999702        2.4172316351067955E-002
   3.4699999999999700        2.3560426922623057E-002
   3.4799999999999698        2.2963497636369061E-002
   3.4899999999999696        2.2380396471167453E-002
   3.4999999999999694        2.1810012506664138E-002
   3.5099999999999691        2.1251281503179998E-002
   3.5199999999999689        2.0703207169158785E-002
   3.5299999999999687        2.0164877909553604E-002
   3.5399999999999685        1.9635479084648348E-002
   3.5499999999999683        1.9114300952636023E-002
   3.5599999999999681        1.8600742646332401E-002
   3.5699999999999679        1.8094312616720690E-002
   3.5799999999999677        1.7594626048657094E-002
   3.5899999999999674        1.7101399797605006E-002
   3.5999999999999672        1.6614445392780001E-002
   3.6099999999999670        1.6133660627865254E-002
   3.6199999999999668        1.5659020217361461E-002
   3.6299999999999666        1.5190565949530273E-002
   3.6399999999999664        1.4728396682971221E-002
   3.6499999999999662        1.4272658486223807E-002
   3.6599999999999659        1.3823535145816020E-002
   3.6699999999999657        1.3381239207764397E-002
   3.6799999999999655        1.2946003669642726E-002
   3.6899999999999653        1.2518074395830159E-002
   3.6999999999999651        1.2097703293195041E-002
   3.7099999999999649        1.1685142253563994E-002
   3.7199999999999647        1.1280637857258982E-002
   3.7299999999999645        1.0884426807421882E-002
   3.7399999999999642        1.0496732061985129E-002
   3.7499999999999640        1.0117759624170589E-002
   3.7599999999999638        9.7476959385390353E-003
   3.7699999999999636        9.3867058566523779E-003
   3.7799999999999634        9.0349311127218123E-003
   3.7899999999999632        8.6924892749604878E-003
   3.7999999999999630        8.3594731131170115E-003
   3.8099999999999627        8.0359503490836318E-003
   3.8199999999999625        7.7219637427918750E-003
   3.8299999999999623        7.4175314685352252E-003
   3.8399999999999621        7.1226477498330257E-003
   3.8499999999999619        6.8372837068145665E-003
   3.8599999999999617        6.5613883910973347E-003
   3.8699999999999615        6.2948899606010125E-003
   3.8799999999999613        6.0376969799889315E-003
   3.8899999999999610        5.7896998034554330E-003
   3.8999999999999608        5.5507720213105174E-003
   3.9099999999999606        5.3207719467895749E-003
   3.9199999999999604        5.0995441182010680E-003
   3.9299999999999602        4.8869207988653076E-003
   3.9399999999999600        4.6827234595524870E-003
   3.9499999999999598        4.4867642284668677E-003
   3.9599999999999596        4.2988472961692694E-003
   3.9699999999999593        4.1187702654124653E-003
   3.9799999999999591        3.9463254414263413E-003
   3.9899999999999589        3.7813010484870715E-003
   3.9999999999999587        3.6234823807925437E-003
   4.0099999999999589        3.4726528696857723E-003
   4.0199999999999587        3.3285950812902108E-003
   4.0299999999999585        3.1910916283830484E-003
   4.0399999999999583        3.0599260138060029E-003
   4.0499999999999581        2.9348833882000473E-003
   4.0599999999999579        2.8157512415908567E-003
   4.0699999999999577        2.7023200210004399E-003
   4.0799999999999574        2.5943836797283262E-003
   4.0899999999999572        2.4917401620144961E-003
   4.0999999999999570        2.3941918282607629E-003
   4.1099999999999568        2.3015458228157044E-003
   4.1199999999999566        2.2136143867308171E-003
   4.1299999999999564        2.1302151264091778E-003
   4.1399999999999562        2.0511712323505599E-003
   4.1499999999999559        1.9763116589745088E-003
   4.1599999999999557        1.9054712687539708E-003
   4.1699999999999555        1.8384909401963875E-003
   4.1799999999999553        1.7752176479323054E-003
   4.1899999999999551        1.7155045135542070E-003
   4.1999999999999549        1.6592108373412195E-003
   4.2099999999999547        1.6062021043977488E-003
   4.2199999999999545        1.5563499772878646E-003
   4.2299999999999542        1.5095322708970371E-003
   4.2399999999999540        1.4656329155792913E-003
   4.2499999999999538        1.4245419108919024E-003
   4.2599999999999536        1.3861552679472744E-003
   4.2699999999999534        1.3503749497886356E-003
   4.2799999999999532        1.3171088015349532E-003
   4.2899999999999530        1.2862704833106900E-003
   4.2999999999999527        1.2577793958574283E-003
   4.3099999999999525        1.2315606091384892E-003
   4.3199999999999523        1.2075447919570232E-003
   4.3299999999999521        1.1856681406462110E-003
   4.3399999999999519        1.1658723132724935E-003
   4.3499999999999517        1.1481043655596928E-003
   4.3599999999999515        1.1323166942520321E-003
   4.3699999999999513        1.1184669805294099E-003
   4.3799999999999510        1.1065181456784735E-003
   4.3899999999999508        1.0964383082960924E-003
   4.3999999999999506        1.0882007490025673E-003
   4.4099999999999504        1.0817838856743780E-003
   4.4199999999999502        1.0771712531132079E-003
   4.4299999999999500        1.0743514919570719E-003
   4.4399999999999498        1.0733183463680805E-003
   4.4499999999999496        1.0740706698516877E-003
   4.4599999999999493        1.0766124409546671E-003
   4.4699999999999491        1.0809527867306490E-003
   4.4799999999999489        1.0871060172270677E-003
   4.4899999999999487        1.0950916671919214E-003
   4.4999999999999485        1.1049345505972879E-003
   4.5099999999999483        1.1166648212193014E-003
   4.5199999999999481        1.1303180461556060E-003
   4.5299999999999478        1.1459352858667392E-003
   4.5399999999999476        1.1635631889727459E-003
   4.5499999999999474        1.1832540896833516E-003
   4.5599999999999472        1.2050661218256044E-003
   4.5699999999999470        1.2290633377012665E-003
   4.5799999999999468        1.2553158386739904E-003
   4.5899999999999466        1.2838999138616320E-003
   4.5999999999999464        1.3148981876489026E-003
   4.6099999999999461        1.3483997771097070E-003
   4.6199999999999459        1.3845004543455686E-003
   4.6299999999999457        1.4233028218069322E-003
   4.6399999999999455        1.4649164884063565E-003
   4.6499999999999453        1.5094582569749630E-003
   4.6599999999999451        1.5570523150842889E-003
   4.6699999999999449        1.6078304311810021E-003
   4.6799999999999446        1.6619321548386546E-003
   4.6899999999999444        1.7195050188638617E-003
   4.6999999999999442        1.7807047436383735E-003
   4.7099999999999440        1.8456954403860035E-003
   4.7199999999999438        1.9146498139436204E-003
   4.7299999999999436        1.9877493596058161E-003
   4.7399999999999434        2.0651845568848614E-003
   4.7499999999999432        2.1471550523543864E-003
   4.7599999999999429        2.2338698327352227E-003
   4.7699999999999427        2.3255473850219118E-003
   4.7799999999999425        2.4224158362214669E-003
   4.7899999999999423        2.5247130759718985E-003
   4.7999999999999421        2.6326868507065403E-003
   4.8099999999999419        2.7465948302683747E-003
   4.8199999999999417        2.8667046390933762E-003
   4.8299999999999415        2.9932938466967094E-003
   4.8399999999999412        3.1266499137146526E-003
   4.8499999999999410        3.2670700825105691E-003
   4.8599999999999408        3.4148612120527607E-003
   4.8699999999999406        3.5703395392083451E-003
   4.8799999999999404        3.7338303708017231E-003
   4.8899999999999402        3.9056676843949676E-003
   4.8999999999999400        4.0861936385578907E-003
   4.9099999999999397        4.2757579744636016E-003
   4.9199999999999395        4.4747173039633549E-003
   4.9299999999999393        4.6834342665440587E-003
   4.9399999999999391        4.9022765476615122E-003
   4.9499999999999389        5.1316157415452288E-003
   4.9599999999999387        5.3718260479888400E-003
   4.9699999999999385        5.6232827867930728E-003
   4.9799999999999383        5.8863607162093724E-003
   4.9899999999999380        6.1614321422655844E-003
   4.9999999999999378        6.4488648017474500E-003
   5.0099999999999376        6.7490195074150537E-003
   5.0199999999999374        7.0622475406236351E-003
   5.0299999999999372        7.3888877768251036E-003
   5.0399999999999370        7.7292635375956278E-003
   5.0499999999999368        8.0836791518732465E-003
   5.0599999999999365        8.4524162287092260E-003
   5.0699999999999363        8.8357296265377631E-003
   5.0799999999999361        9.2338431277401659E-003
   5.0899999999999359        9.6469448161372474E-003
   5.0999999999999357        1.0075182168190826E-002
   5.1099999999999355        1.0518656874054821E-002
   5.1199999999999353        1.0977419407806438E-002
   5.1299999999999351        1.1451463381649818E-002
   5.1399999999999348        1.1940719717495975E-002
   5.1499999999999346        1.2445050692254519E-002
   5.1599999999999344        1.2964243912109274E-002
   5.1699999999999342        1.3498006291545746E-002
   5.1799999999999340        1.4045958122595223E-002
   5.1899999999999338        1.4607627331692911E-002
   5.1999999999999336        1.5182444039204272E-002
   5.2099999999999334        1.5769735544254680E-002
   5.2199999999999331        1.6368721877527907E-002
   5.2299999999999329        1.6978512070047060E-002
   5.2399999999999327        1.7598101301730867E-002
   5.2499999999999325        1.8226369094808043E-002
   5.2599999999999323        1.8862078731492368E-002
   5.2699999999999321        1.9503878066288189E-002
   5.2799999999999319        2.0150301905192205E-002
   5.2899999999999316        2.0799776115346329E-002
   5.2999999999999314        2.1450623608972860E-002
   5.3099999999999312        2.2101072327634658E-002
   5.3199999999999310        2.2749265319968032E-002
   5.3299999999999308        2.3393272971063136E-002
   5.3399999999999306        2.4031107396540515E-002
   5.3499999999999304        2.4660738962914468E-002
   5.3599999999999302        2.5280114839783950E-002
   5.3699999999999299        2.5887179424109452E-002
   5.3799999999999297        2.6479896419173934E-002
   5.3899999999999295        2.7056272273426718E-002
   5.3999999999999293        2.7614380634223085E-002
   5.4099999999999291        2.8152387398142947E-002
   5.4199999999999289        2.8668575898614421E-002
   5.4299999999999287        2.9161371720743557E-002
   5.4399999999999284        2.9629366609327613E-002
   5.4499999999999282        3.0071340919024057E-002
   5.4599999999999280        3.0486284060424668E-002
   5.4699999999999278        3.0873412415461075E-002
   5.4799999999999276        3.1232184235615020E-002
   5.4899999999999274        3.1562311095725187E-002
   5.4999999999999272        3.1863765543948416E-002
   5.5099999999999270        3.2136784684712011E-002
   5.5199999999999267        3.2381869520583056E-002
   5.5299999999999265        3.2599779988323405E-002
   5.5399999999999263        3.2791525733789989E-002
   5.5499999999999261        3.2958352766740764E-002
   5.5599999999999259        3.3101726251257901E-002
   5.5699999999999257        3.3223309760762550E-002
   5.5799999999999255        3.3324941417089110E-002
   5.5899999999999253        3.3408607389172569E-002
   5.5999999999999250        3.3476413271480356E-002
   5.6099999999999248        3.3530553893601357E-002
   5.6199999999999246        3.3573282118684669E-002
   5.6299999999999244        3.3606877189255764E-002
   5.6399999999999242        3.3633613149921693E-002
   5.6499999999999240        3.3655727856947856E-002
   5.6599999999999238        3.3675393031744820E-002
   5.6699999999999235        3.3694685778692141E-002
   5.6799999999999233        3.3715561929140235E-002
   5.6899999999999231        3.3739831525702015E-002
   5.6999999999999229        3.3769136709098167E-002
   5.7099999999999227        3.3804932220509933E-002
   5.7199999999999225        3.3848468690345419E-002
   5.7299999999999223        3.3900778844995240E-002
   5.7399999999999221        3.3962666728240977E-002
   5.7499999999999218        3.4034700006740456E-002
   5.7599999999999216        3.4117205404164505E-002
   5.7699999999999214        3.4210267288491449E-002
   5.7799999999999212        3.4313729414489270E-002
   5.7899999999999210        3.4427199812982541E-002
   5.7999999999999208        3.4550058788595663E-002
   5.8099999999999206        3.4681469978550150E-002
   5.8199999999999203        3.4820394391416196E-002
   5.8299999999999201        3.4965607320276176E-002
   5.8399999999999199        3.5115717990765009E-002
   5.8499999999999197        3.5269191764100913E-002
   5.8599999999999195        3.5424374672298878E-002
   5.8699999999999193        3.5579520012210632E-002
   5.8799999999999191        3.5732816679995186E-002
   5.8899999999999189        3.5882418864361658E-002
   5.8999999999999186        3.6026476678628155E-002
   5.9099999999999184        3.6163167252879130E-002
   5.9199999999999182        3.6290725774566587E-002
   5.9299999999999180        3.6407475927564943E-002
   5.9399999999999178        3.6511859164027639E-002
   5.9499999999999176        3.6602462237000088E-002
   5.9599999999999174        3.6678042427721158E-002
   5.9699999999999172        3.6737549936141249E-002
   5.9799999999999169        3.6780146941119821E-002
   5.9899999999999167        3.6805222903004343E-002
   5.9999999999999165        3.6812405757249214E-002
   6.0099999999999163        3.6801568736995222E-002
   6.0199999999999161        3.6772832666192329E-002
   6.0299999999999159        3.6726563665163886E-002
   6.0399999999999157        3.6663366329335353E-002
   6.0499999999999154        3.6584072533310467E-002
   6.0599999999999152        3.6489726131577110E-002
   6.0699999999999150        3.6381563900017677E-002
   6.0799999999999148        3.6260993150269503E-002
   6.0899999999999146        3.6129566507791165E-002
   6.0999999999999144        3.5988954388523377E-002
   6.1099999999999142        3.5840915737961838E-002
   6.1199999999999140        3.5687267604287004E-002
   6.1299999999999137        3.5529854116050856E-002
   6.1399999999999135        3.5370515407301073E-002
   6.1499999999999133        3.5211057008943725E-002
   6.1599999999999131        3.5053220178832820E-002
   6.1699999999999129        3.4898653596981050E-002
   6.1799999999999127        3.4748886800649317E-002
   6.1899999999999125        3.4605305681968367E-002
   6.1999999999999122        3.4469130321310298E-002
   6.2099999999999120        3.4341395375122472E-002
   6.2199999999999118        3.4222933201845752E-002
   6.2299999999999116        3.4114359862629721E-002
   6.2399999999999114        3.4016064103196679E-002
   6.2499999999999112        3.3928199395158114E-002
   6.2599999999999110        3.3850679086903888E-002
   6.2699999999999108        3.3783174698839645E-002
   6.2799999999999105        3.3725117371480838E-002
   6.2899999999999103        3.3675702465908910E-002
   6.2999999999999101        3.3633897286719582E-002
   6.3099999999999099        3.3598451886576897E-002
   6.3199999999999097        3.3567912881742705E-002
   6.3299999999999095        3.3540640178163598E-002
   6.3399999999999093        3.3514826479539919E-002
   6.3499999999999091        3.3488519405209312E-002
   6.3599999999999088        3.3459646004391705E-002
   6.3699999999999086        3.3426039402277570E-002
   6.3799999999999084        3.3385467270716757E-002
   6.3899999999999082        3.3335661751227146E-002
   6.3999999999999080        3.3274350420378289E-002
   6.4099999999999078        3.3199287834047957E-002
   6.4199999999999076        3.3108287145281787E-002
   6.4299999999999073        3.2999251262636024E-002
   6.4399999999999071        3.2870202995183201E-002
   6.4499999999999069        3.2719313623640084E-002
   6.4599999999999067        3.2544929349680347E-002
   6.4699999999999065        3.2345595101199366E-002
   6.4799999999999063        3.2120075219267019E-002
   6.4899999999999061        3.1867370610716365E-002
   6.4999999999999059        3.1586732031778114E-002
   6.5099999999999056        3.1277669253305100E-002
   6.5199999999999054        3.0939955964293765E-002
   6.5299999999999052        3.0573630367199151E-002
   6.5399999999999050        3.0178991537962177E-002
   6.5499999999999048        2.9756591711712445E-002
   6.5599999999999046        2.9307224773488353E-002
   6.5699999999999044        2.8831911301070910E-002
   6.5799999999999041        2.8331880594146711E-002
   6.5899999999999039        2.7808550175501923E-002
   6.5999999999999037        2.7263503289931698E-002
   6.6099999999999035        2.6698464950338646E-002
   6.6199999999999033        2.6115277078169262E-002
   6.6299999999999031        2.5515873280510998E-002
   6.6399999999999029        2.4902253762661294E-002
   6.6499999999999027        2.4276460849425901E-002
   6.6599999999999024        2.3640555521154297E-002
   6.6699999999999022        2.2996595320772979E-002
   6.6799999999999020        2.2346613917294939E-002
   6.6899999999999018        2.1692602549755611E-002
   6.6999999999999016        2.1036493508545185E-002
   6.7099999999999014        2.0380145748158544E-002
   6.7199999999999012        1.9725332670886660E-002
   6.7299999999999010        1.9073732065679395E-002
   6.7399999999999007        1.8426918147306494E-002
   6.7499999999999005        1.7786355596876090E-002
   6.7599999999999003        1.7153395482290400E-002
   6.7699999999999001        1.6529272911164645E-002
   6.7799999999998999        1.5915106250631927E-002
   6.7899999999998997        1.5311897748147051E-002
   6.7999999999998995        1.4720535371656910E-002
   6.8099999999998992        1.4141795698995142E-002
   6.8199999999998990        1.3576347685363158E-002
   6.8299999999998988        1.3024757146321196E-002
   6.8399999999998986        1.2487491807398761E-002
   6.8499999999998984        1.1964926777921181E-002
   6.8599999999998982        1.1457350326731461E-002
   6.8699999999998980        1.0964969840684806E-002
   6.8799999999998978        1.0487917875905388E-002
   6.8899999999998975        1.0026258205944962E-002
   6.8999999999998973        9.5799918023997642E-003
   6.9099999999998971        9.1490626810299489E-003
   6.9199999999998969        8.7333635685860039E-003
   6.9299999999998967        8.3327413462623290E-003
   6.9399999999998965        7.9470022435681846E-003
   6.9499999999998963        7.5759167574537952E-003
   6.9599999999998960        7.2192242838590584E-003
   6.9699999999998958        6.8766374513668767E-003
   6.9799999999998956        6.5478461540606318E-003
   6.9899999999998954        6.2325212849300470E-003
   6.9999999999998952        5.9303181725674997E-003
   7.0099999999998950        5.6408797307129551E-003
   7.0199999999998948        5.3638393295671457E-003
   7.0299999999998946        5.0988233985934470E-003
   7.0399999999998943        4.8454537779733077E-003
   7.0499999999998941        4.6033498261033989E-003
   7.0599999999998939        4.3721303053615348E-003
   7.0699999999998937        4.1514150520998647E-003
   7.0799999999998935        3.9408264524942466E-003
   7.0899999999998933        3.7399907351516070E-003
   7.0999999999998931        3.5485390943410175E-003
   7.1099999999998929        3.3661086596803195E-003
   7.1199999999998926        3.1923433226859668E-003
   7.1299999999998924        3.0268944356250270E-003
   7.1399999999998922        2.8694213908041603E-003
   7.1499999999998920        2.7195920958430022E-003
   7.1599999999998918        2.5770833508796409E-003
   7.1699999999998916        2.4415811414976694E-003
   7.1799999999998914        2.3127808533305863E-003
   7.1899999999998911        2.1903874184311259E-003
   7.1999999999998909        2.0741154015807878E-003
   7.2099999999998907        1.9636890311111256E-003
   7.2199999999998905        1.8588421841228074E-003
   7.2299999999998903        1.7593183295049556E-003
   7.2399999999998901        1.6648704364494904E-003
   7.2499999999998899        1.5752608495833730E-003
   7.2599999999998897        1.4902611408641089E-003
   7.2699999999998894        1.4096519370593219E-003
   7.2799999999998892        1.3332227288247675E-003
   7.2899999999998890        1.2607716652766963E-003
   7.2999999999998888        1.1921053351415301E-003
   7.3099999999998886        1.1270385385972767E-003
   7.3199999999998884        1.0653940515140223E-003
   7.3299999999998882        1.0070023838506428E-003
   7.3399999999998879        9.5170153484349859E-004
   7.3499999999998877        8.9933674607018191E-004
   7.3599999999998875        8.4976025389171535E-004
   7.3699999999998873        8.0283104177766927E-004
   7.3799999999998871        7.5841459608307982E-004
   7.3899999999998869        7.1638266194184086E-004
   7.3999999999998867        6.7661300483326135E-004
   7.4099999999998865        6.3898917425924242E-004
   7.4199999999998862        6.0340027351696757E-004
   7.4299999999998860        5.6974073333389177E-004
   7.4399999999998858        5.3791009188672496E-004
   7.4499999999998856        5.0781277951247492E-004
   7.4599999999998854        4.7935791038800578E-004
   7.4699999999998852        4.5245907951760973E-004
   7.4799999999998850        4.2703416628052268E-004
   7.4899999999998847        4.0300514501195655E-004
   7.4999999999998845        3.8029790012651584E-004
   7.5099999999998843        3.5884204965475015E-004
   7.5199999999998841        3.3857077396040451E-004
   7.5299999999998839        3.1942065076936694E-004
   7.5399999999998837        3.0133149736145693E-004
   7.5499999999998835        2.8424621659441541E-004
   7.5599999999998833        2.6811065284224484E-004
   7.5699999999998830        2.5287344960312646E-004
   7.5799999999998828        2.3848591509716219E-004
   7.5899999999998826        2.2490189409044654E-004
   7.5999999999998824        2.1207764322087267E-004
   7.6099999999998822        1.9997171292629841E-004
   7.6199999999998820        1.8854483428388505E-004
   7.6299999999998818        1.7775981112886071E-004
   7.6399999999998816        1.6758141552329641E-004
   7.6499999999998813        1.5797629070057819E-004
   7.6599999999998811        1.4891285496209115E-004
   7.6699999999998809        1.4036121323919343E-004
   7.6799999999998807        1.3229307036972390E-004
   7.6899999999998805        1.2468164981430417E-004
   7.6999999999998803        1.1750161576518493E-004
   7.7099999999998801        1.1072899872952908E-004
   7.7199999999998798        1.0434112479207143E-004
   7.7299999999998796        9.8316548583233932E-005
   7.7399999999998794        9.2634989670965887E-005
   7.7499999999998792        8.7277270694603314E-005
   7.7599999999998790        8.2225260578764546E-005
   7.7699999999998788        7.7461818905502771E-005
   7.7799999999998786        7.2970743507247524E-005
   7.7899999999998784        6.8736721408295637E-005
   7.7999999999998781        6.4745281124542825E-005
   7.8099999999998779        6.0982748144753485E-005
   7.8199999999998777        5.7436202198868438E-005
   7.8299999999998775        5.4093437055416000E-005
   7.8399999999998773        5.0942922050507074E-005
   7.8499999999998771        4.7973766130838481E-005
   7.8599999999998769        4.5175682913981997E-005
   7.8699999999998766        4.2538957995988464E-005
   7.8799999999998764        4.0054418776787498E-005
   7.8899999999998762        3.7713403744033902E-005
   7.8999999999998760        3.5507736139342853E-005
   7.9099999999998758        3.3429696088264802E-005
   7.9199999999998756        3.1471996811908892E-005
   7.9299999999998754        2.9627760286517743E-005
   7.9399999999998752        2.7890494924308654E-005
   7.9499999999998749        2.6254074740569805E-005
   7.9599999999998747        2.4712718485828822E-005
   7.9699999999998745        2.3260971331263747E-005
   7.9799999999998743        2.1893686466000894E-005
   7.9899999999998741        2.0606008418973281E-005
   7.9999999999998739        1.9393356303775891E-005
   8.0099999999998737        1.8251409048148366E-005
   8.0199999999998735        1.7176090870223614E-005
   8.0299999999998732        1.6163557619451316E-005
   8.0399999999998730        1.5210183949624803E-005
   8.0499999999998728        1.4312550475223165E-005
   8.0599999999998726        1.3467433345181878E-005
   8.0699999999998724        1.2671792489282659E-005
   8.0799999999998722        1.1922761168644130E-005
   8.0899999999998720        1.1217637108097349E-005
   8.0999999999998717        1.0553872465083081E-005
   8.1099999999998715        9.9290652437031718E-006
   8.1199999999998713        9.3409515450689916E-006
   8.1299999999998711        8.7873973517337009E-006
   8.1399999999998709        8.2663909162620769E-006
   8.1499999999998707        7.7760369319050810E-006
   8.1599999999998705        7.3145483865523468E-006
   8.1699999999998703        6.8802419057555031E-006
   8.1799999999998700        6.4715307706981307E-006
   8.1899999999998698        6.0869200116935184E-006
   8.1999999999998696        5.7250011309747493E-006
   8.2099999999998694        5.3844469579833608E-006
   8.2199999999998692        5.0640069665594019E-006
   8.2299999999998690        4.7625032619315554E-006
   8.2399999999998688        4.4788262837425294E-006
   8.2499999999998685        4.2119305081138145E-006
   8.2599999999998683        3.9608315265412207E-006
   8.2699999999998681        3.7246018605068398E-006
   8.2799999999998679        3.5023679893290108E-006
   8.2899999999998677        3.2933070963066914E-006
   8.2999999999998675        3.0966445308517425E-006
   8.3099999999998673        2.9116505668017917E-006
   8.3199999999998671        2.7376382062620268E-006
   8.3299999999998668        2.5739604245539361E-006
   8.3399999999998666        2.4200078538083072E-006
   8.3499999999998664        2.2752070768719930E-006
   8.3599999999998662        2.1390178895991485E-006
   8.3699999999998660        2.0109316766154899E-006
   8.3799999999998658        1.8904699874631947E-006
   8.3899999999998656        1.7771819170498852E-006
   8.3999999999998654        1.6706433130139970E-006
   8.4099999999998651        1.5704547365455783E-006
   8.4199999999998649        1.4762403108545350E-006
   8.4299999999998647        1.3876460863686024E-006
   8.4399999999998645        1.3043391191196320E-006
   8.4499999999998643        1.2260058310252622E-006
   8.4599999999998641        1.1523513775728796E-006
   8.4699999999998639        1.0830977903206753E-006
   8.4799999999998636        1.0179838538529247E-006
   8.4899999999998634        9.5676381835862626E-007
   8.4999999999998632        8.9920615530313053E-007
   8.5099999999998630        8.4509309689843166E-007
   8.5199999999998628        7.9421972508312594E-007
   8.5299999999998626        7.4639326282898360E-007
   8.5399999999998624        7.0143242038470303E-007
   8.5499999999998622        6.5916619101481391E-007
   8.5599999999998619        6.1943426712018969E-007
   8.5699999999998617        5.8208567205838769E-007
   8.5799999999998615        5.4697786438882505E-007
   8.5899999999998613        5.1397746187082605E-007
   8.5999999999998611        4.8295866235669600E-007
   8.6099999999998609        4.5380293779399954E-007
   8.6199999999998607        4.2639909000426337E-007
   8.6299999999998604        4.0064254316342763E-007
   8.6399999999998602        3.7643450450438755E-007
   8.6499999999998600        3.5368280414394169E-007
   8.6599999999998598        3.3229978950849750E-007
   8.6699999999998596        3.1220392246617722E-007
   8.6799999999998594        2.9331796140160945E-007
   8.6899999999998592        2.7556940283505963E-007
   8.6999999999998590        2.5889020896184998E-007
   8.7099999999998587        2.4321621658295911E-007
   8.7199999999998585        2.2848718847448421E-007
   8.7299999999998583        2.1464623775723283E-007
   8.7399999999998581        2.0164030140579157E-007
   8.7499999999998579        1.8941909829006600E-007
   8.7599999999998577        1.7793556850128178E-007
   8.7699999999998575        1.6714554874528778E-007
   8.7799999999998573        1.5700709155564769E-007
   8.7899999999998570        1.4748110486173977E-007
   8.7999999999998568        1.3853082070334050E-007
   8.8099999999998566        1.3012156113896404E-007
   8.8199999999998564        1.2222080068278273E-007
   8.8299999999998562        1.1479792119715916E-007
   8.8399999999998560        1.0782406616211798E-007
   8.8499999999998558        1.0127229160491527E-007
   8.8599999999998555        9.5117175084137864E-008
   8.8699999999998553        8.9334671496947186E-008
   8.8799999999998551        8.3902463387928164E-008
   8.8899999999998549        7.8799336749113574E-008
   8.8999999999998547        7.4005482857267178E-008
   8.9099999999998545        6.9502195799968265E-008
   8.9199999999998543        6.5271965389348034E-008
   8.9299999999998541        6.1298274188836042E-008
   8.9399999999998538        5.7565666355495301E-008
   8.9499999999998536        5.4059520817539824E-008
   8.9599999999998534        5.0766231866625670E-008
   8.9699999999998532        4.7672847073210719E-008
   8.9799999999998530        4.4767248413399518E-008
   8.9899999999998528        4.2038247361682491E-008
   8.9999999999998526        3.9475038513358194E-008
   9.0099999999998523        3.7067603471362235E-008
   9.0199999999998521        3.4806436580140192E-008
   9.0299999999998519        3.2682739272361143E-008
   9.0399999999998517        3.0688281805079740E-008
   9.0499999999998515        2.8815043066377178E-008
   9.0599999999998513        2.7055825014059828E-008
   9.0699999999998511        2.5403744822567021E-008
   9.0799999999998509        2.3852134017273414E-008
   9.0899999999998506        2.2395042470498456E-008
   9.0999999999998504        2.1026681550713113E-008
   9.1099999999998502        1.9741644292075739E-008
   9.1199999999998500        1.8534916509048137E-008
   9.1299999999998498        1.7401751612620896E-008
   9.1399999999998496        1.6337595575668992E-008
   9.1499999999998494        1.5338455494118547E-008
   9.1599999999998492        1.4400072022629135E-008
   9.1699999999998489        1.3519003766417081E-008
   9.1799999999998487        1.2691701079765312E-008
   9.1899999999998485        1.1914801155107551E-008
   9.1999999999998483        1.1185386116981885E-008
   9.2099999999998481        1.0500488808292317E-008
   9.2199999999998479        9.8574742917763978E-009
   9.2299999999998477        9.2535952179838972E-009
   9.2399999999998474        8.6866940166889532E-009
   9.2499999999998472        8.1543636011833479E-009
   9.2599999999998470        7.6545881149991891E-009
   9.2699999999998468        7.1854339897215063E-009
   9.2799999999998466        6.7449014547389427E-009
   9.2899999999998464        6.3313187075290563E-009
   9.2999999999998462        5.9430206562339530E-009
   9.3099999999998460        5.5784226549237027E-009
   9.3199999999998457        5.2361802975870216E-009
   9.3299999999998455        4.9148808131339470E-009
   9.3399999999998453        4.6132522355318334E-009
   9.3499999999998451        4.3300644541485081E-009
   9.3599999999998449        4.0642524156154447E-009
   9.3699999999998447        3.8146811060594179E-009
   9.3799999999998445        3.5804170294215387E-009
   9.3899999999998442        3.3604809648929202E-009
   9.3999999999998440        3.1540452412227824E-009
   9.4099999999998438        2.9602484322601770E-009
   9.4199999999998436        2.7783308494030913E-009
   9.4299999999998434        2.6075110107801496E-009
   9.4399999999998432        2.4472690976400455E-009
   9.4499999999998430        2.2967547613827838E-009
   9.4599999999998428        2.1555640535326179E-009
   9.4699999999998425        2.0230115265033024E-009
   9.4799999999998423        1.8985123929282706E-009
   9.4899999999998421        1.7817305636299818E-009
   9.4999999999998419        1.6720973248014978E-009
   9.5099999999998417        1.5692306322514122E-009
   9.5199999999998415        1.4726020650457068E-009
   9.5299999999998413        1.3819313329882879E-009
   9.5399999999998411        1.2969271875716094E-009
   9.5499999999998408        1.2169912473583900E-009
   9.5599999999998406        1.1420444274643692E-009
   9.5699999999998404        1.0717621110087700E-009
   9.5799999999998402        1.0056849617106851E-009
   9.5899999999998400        9.4372472095180867E-010
   9.5999999999998398        8.8557207236903555E-010
   9.6099999999998396        8.3100476986943572E-010
   9.6199999999998393        7.7976451800552752E-010
   9.6299999999998391        7.3171697979003718E-010
   9.6399999999998389        6.8658064377812664E-010
   9.6499999999998387        6.4429657768602945E-010
   9.6599999999998385        6.0452279580821009E-010
   9.6699999999998383        5.6723864388473715E-010
   9.6799999999998381        5.3228822192840188E-010
   9.6899999999998379        4.9939288040172448E-010
   9.6999999999998376        4.6857044866547530E-010
   9.7099999999998374        4.3966649058172027E-010
   9.7199999999998372        4.1257631622917236E-010
   9.7299999999998370        3.8704765003532893E-010
   9.7399999999998368        3.6316159173880516E-010
   9.7499999999998366        3.4072820684712294E-010
   9.7599999999998364        3.1968123149246283E-010
   9.7699999999998361        2.9999168474159097E-010
   9.7799999999998359        2.8140886178159308E-010
   9.7899999999998357        2.6402771546753812E-010
   9.7999999999998355        2.4770901971679372E-010
   9.8099999999998353        2.3241248165672558E-010
   9.8199999999998351        2.1804868721246200E-010
   9.8299999999998349        2.0457774648096976E-010
   9.8399999999998347        1.9192296360931686E-010
   9.8499999999998344        1.8005711757309563E-010
   9.8599999999998342        1.6894090236450360E-010
   9.8699999999998340        1.5847341104390143E-010
   9.8799999999998338        1.4868959096610602E-010
   9.8899999999998336        1.3946415140355593E-010
   9.8999999999998334        1.3085697449842011E-010
   9.9099999999998332        1.2275533971534202E-010
   9.9199999999998330        1.1515768451830331E-010
   9.9299999999998327        1.0803786521038898E-010
   9.9399999999998325        1.0133280878650180E-010
   9.9499999999998323        9.5078235645404834E-011
   9.9599999999998321        8.9186590307730007E-011
   9.9699999999998319        8.3669077802400050E-011
   9.9799999999998317        7.8475285779080198E-011
   9.9899999999998315        7.3628915443931520E-011
   9.9999999999998312        6.9079694252464609E-011
