   0.0000000000000000       0.19447369033361475     
   1.0000000000000000E-002  0.19447714655387002     
   2.0000000000000000E-002  0.19448750600494336     
   2.9999999999999999E-002  0.19450474106526117     
   4.0000000000000001E-002  0.19452880573609838     
   5.0000000000000003E-002  0.19455963569031828     
   6.0000000000000005E-002  0.19459714835338324     
   7.0000000000000007E-002  0.19464124299500107     
   8.0000000000000002E-002  0.19469180084779392     
   8.9999999999999997E-002  0.19474868525233668     
   9.9999999999999992E-002  0.19481174181740349     
  0.10999999999999999       0.19488079860444765     
  0.11999999999999998       0.19495566634250305     
  0.12999999999999998       0.19503613865077121     
  0.13999999999999999       0.19512199229881960     
  0.14999999999999999       0.19521298747714394     
  0.16000000000000000       0.19530886809097561     
  0.17000000000000001       0.19540936207985049     
  0.18000000000000002       0.19551418174388918     
  0.19000000000000003       0.19562302410628118     
  0.20000000000000004       0.19573557127162369     
  0.21000000000000005       0.19585149082435446     
  0.22000000000000006       0.19597043622711391     
  0.23000000000000007       0.19609204724386187     
  0.24000000000000007       0.19621595038029579     
  0.25000000000000006       0.19634175934183934     
  0.26000000000000006       0.19646907551609899     
  0.27000000000000007       0.19659748847019162     
  0.28000000000000008       0.19672657648117339     
  0.29000000000000009       0.19685590708943712     
  0.30000000000000010       0.19698503768046097     
  0.31000000000000011       0.19711351610408195     
  0.32000000000000012       0.19724088132474252     
  0.33000000000000013       0.19736666411450171     
  0.34000000000000014       0.19749038777836320     
  0.35000000000000014       0.19761156892466325     
  0.36000000000000015       0.19772971827525479     
  0.37000000000000016       0.19784434151655084     
  0.38000000000000017       0.19795494018440887     
  0.39000000000000018       0.19806101258950484     
  0.40000000000000019       0.19816205477294171     
  0.41000000000000020       0.19825756148370519     
  0.42000000000000021       0.19834702719008981     
  0.43000000000000022       0.19842994709069789     
  0.44000000000000022       0.19850581815136292     
  0.45000000000000023       0.19857414013588154     
  0.46000000000000024       0.19863441663596640     
  0.47000000000000025       0.19868615610075777     
  0.48000000000000026       0.19872887285007329     
  0.49000000000000027       0.19876208806961743     
  0.50000000000000022       0.19878533079893709     
  0.51000000000000023       0.19879813889343154     
  0.52000000000000024       0.19880005997550632     
  0.53000000000000025       0.19879065236409910     
  0.54000000000000026       0.19876948599802366     
  0.55000000000000027       0.19873614334154296     
  0.56000000000000028       0.19869022029466119     
  0.57000000000000028       0.19863132709041609     
  0.58000000000000029       0.19855908919723639     
  0.59000000000000030       0.19847314823036005     
  0.60000000000000031       0.19837316286105228     
  0.61000000000000032       0.19825880973216026     
  0.62000000000000033       0.19812978438836004     
  0.63000000000000034       0.19798580218911535     
  0.64000000000000035       0.19782659923777834     
  0.65000000000000036       0.19765193328657826     
  0.66000000000000036       0.19746158462430005     
  0.67000000000000037       0.19725535694487889     
  0.68000000000000038       0.19703307815792517     
  0.69000000000000039       0.19679460117370018     
  0.70000000000000040       0.19653980459634229     
  0.71000000000000041       0.19626859337183725     
  0.72000000000000042       0.19598089933365073     
  0.73000000000000043       0.19567668166170379     
  0.74000000000000044       0.19535592724227799     
  0.75000000000000044       0.19501865092324899     
  0.76000000000000045       0.19466489566360828     
  0.77000000000000046       0.19429473256719679     
  0.78000000000000047       0.19390826082015936     
  0.79000000000000048       0.19350560752103910     
  0.80000000000000049       0.19308692741206271     
  0.81000000000000050       0.19265240252604848     
  0.82000000000000051       0.19220224175068654     
  0.83000000000000052       0.19173668032284499     
  0.84000000000000052       0.19125597925935467     
  0.85000000000000053       0.19076042473521593     
  0.86000000000000054       0.19025032742137843     
  0.87000000000000055       0.18972602178470394     
  0.88000000000000056       0.18918786535736692     
  0.89000000000000057       0.18863623798239662     
  0.90000000000000058       0.18807154103872673     
  0.91000000000000059       0.18749419663831943     
  0.92000000000000060       0.18690464681944968     
  0.93000000000000060       0.18630335269589701     
  0.94000000000000061       0.18569079360430263     
  0.95000000000000062       0.18506746620942727     
  0.96000000000000063       0.18443388358281940     
  0.97000000000000064       0.18379057425730691     
  0.98000000000000065       0.18313808123614292     
  0.99000000000000066       0.18247696096156110     
   1.0000000000000007       0.18180778225802363     
   1.0100000000000007       0.18113112522536851     
   1.0200000000000007       0.18044758010191517     
   1.0300000000000007       0.17975774608943945     
   1.0400000000000007       0.17906223015756370     
   1.0500000000000007       0.17836164581468469     
   1.0600000000000007       0.17765661187867854     
   1.0700000000000007       0.17694775122469783     
   1.0800000000000007       0.17623568954189772     
   1.0900000000000007       0.17552105410852570     
   1.1000000000000008       0.17480447257082671     
   1.1100000000000008       0.17408657175872744     
   1.1200000000000008       0.17336797654748171     
   1.1300000000000008       0.17264930874113821     
   1.1400000000000008       0.17193118603441679     
   1.1500000000000008       0.17121422101223105     
   1.1600000000000008       0.17049902021509375     
   1.1700000000000008       0.16978618328267636     
   1.1800000000000008       0.16907630213612473     
   1.1900000000000008       0.16836996027040699     
   1.2000000000000008       0.16766773207096411     
   1.2100000000000009       0.16697018223755214     
   1.2200000000000009       0.16627786524960245     
   1.2300000000000009       0.16559132490656445     
   1.2400000000000009       0.16491109392689937     
   1.2500000000000009       0.16423769361240040     
   1.2600000000000009       0.16357163356344329     
   1.2700000000000009       0.16291341144234098     
   1.2800000000000009       0.16226351279494647     
   1.2900000000000009       0.16162241091681073     
   1.3000000000000009       0.16099056674664905     
   1.3100000000000009       0.16036842881843452     
   1.3200000000000010       0.15975643323217859     
   1.3300000000000010       0.15915500366682478     
   1.3400000000000010       0.15856455141238962     
   1.3500000000000010       0.15798547543088348     
   1.3600000000000010       0.15741816243945567     
   1.3700000000000010       0.15686298701415605     
   1.3800000000000010       0.15632031170435851     
   1.3900000000000010       0.15579048716472138     
   1.4000000000000010       0.15527385229804028     
   1.4100000000000010       0.15477073439865996     
   1.4200000000000010       0.15428144931918425     
   1.4300000000000010       0.15380630161436609     
   1.4400000000000011       0.15334558471382737     
   1.4500000000000011       0.15289958107403601     
   1.4600000000000011       0.15246856233215189     
   1.4700000000000011       0.15205278946665932     
   1.4800000000000011       0.15165251293940651     
   1.4900000000000011       0.15126797282914467     
   1.5000000000000011       0.15089939897013377     
   1.5100000000000011       0.15054701106933507     
   1.5200000000000011       0.15021101881630652     
   1.5300000000000011       0.14989162198229403     
   1.5400000000000011       0.14958901051327272     
   1.5500000000000012       0.14930336459434221     
   1.5600000000000012       0.14903485472878872     
   1.5700000000000012       0.14878364177589132     
   1.5800000000000012       0.14854987698969332     
   1.5900000000000012       0.14833370205407281     
   1.6000000000000012       0.14813524908495118     
   1.6100000000000012       0.14795464062833447     
   1.6200000000000012       0.14779198965959914     
   1.6300000000000012       0.14764739953878583     
   1.6400000000000012       0.14752096398871950     
   1.6500000000000012       0.14741276703381723     
   1.6600000000000013       0.14732288293647183     
   1.6700000000000013       0.14725137612922370     
   1.6800000000000013       0.14719830110717905     
   1.6900000000000013       0.14716370235182766     
   1.7000000000000013       0.14714761419425798     
   1.7100000000000013       0.14715006070427894     
   1.7200000000000013       0.14717105554658200     
   1.7300000000000013       0.14721060182760437     
   1.7400000000000013       0.14726869193414990     
   1.7500000000000013       0.14734530735781523     
   1.7600000000000013       0.14744041850742864     
   1.7700000000000014       0.14755398450176652     
   1.7800000000000014       0.14768595296114007     
   1.7900000000000014       0.14783625978464884     
   1.8000000000000014       0.14800482889766778     
   1.8100000000000014       0.14819157201790148     
   1.8200000000000014       0.14839638837757374     
   1.8300000000000014       0.14861916445888518     
   1.8400000000000014       0.14885977370008918     
   1.8500000000000014       0.14911807619896142     
   1.8600000000000014       0.14939391840044836     
   1.8700000000000014       0.14968713278323373     
   1.8800000000000014       0.14999753751958622     
   1.8900000000000015       0.15032493613884745     
   1.9000000000000015       0.15066911717751275     
   1.9100000000000015       0.15102985381448308     
   1.9200000000000015       0.15140690351308034     
   1.9300000000000015       0.15180000763305662     
   1.9400000000000015       0.15220889106294594     
   1.9500000000000015       0.15263326182535766     
   1.9600000000000015       0.15307281068563458     
   1.9700000000000015       0.15352721076719208     
   1.9800000000000015       0.15399611715384423     
   1.9900000000000015       0.15447916649558324     
   2.0000000000000013       0.15497597662502960     
   2.0100000000000011       0.15548614617269985     
   2.0200000000000009       0.15600925419255846     
   2.0300000000000007       0.15654485980105412     
   2.0400000000000005       0.15709250183342113     
   2.0500000000000003       0.15765169850272936     
   2.0600000000000001       0.15822194711143664     
   2.0699999999999998       0.15880272375100180     
   2.0799999999999996       0.15939348305347553     
   2.0899999999999994       0.15999365797382054     
   2.0999999999999992       0.16060265959837464     
   2.1099999999999990       0.16121987698729473     
   2.1199999999999988       0.16184467708081221     
   2.1299999999999986       0.16247640460965626     
   2.1399999999999983       0.16311438208495771     
   2.1499999999999981       0.16375790980643462     
   2.1599999999999979       0.16440626592295859     
   2.1699999999999977       0.16505870654174606     
   2.1799999999999975       0.16571446585979033     
   2.1899999999999973       0.16637275636760168     
   2.1999999999999971       0.16703276905820466     
   2.2099999999999969       0.16769367370167321     
   2.2199999999999966       0.16835461914287700     
   2.2299999999999964       0.16901473363834238     
   2.2399999999999962       0.16967312523791644     
   2.2499999999999960       0.17032888219946027     
   2.2599999999999958       0.17098107345614980     
   2.2699999999999956       0.17162874912075585     
   2.2799999999999954       0.17227094105885746     
   2.2899999999999952       0.17290666352176456     
   2.2999999999999949       0.17353491384107328     
   2.3099999999999947       0.17415467323129394     
   2.3199999999999945       0.17476490766171240     
   2.3299999999999943       0.17536456885488144     
   2.3399999999999941       0.17595259538936325     
   2.3499999999999939       0.17652791393377784     
   2.3599999999999937       0.17708944061246287     
   2.3699999999999934       0.17763608251623533     
   2.3799999999999932       0.17816673933684885     
   2.3899999999999930       0.17868030515209246     
   2.3999999999999928       0.17917567033258980     
   2.4099999999999926       0.17965172356260461     
   2.4199999999999924       0.18010735397062722     
   2.4299999999999922       0.18054145332536234     
   2.4399999999999920       0.18095291830441698     
   2.4499999999999917       0.18134065278312370     
   2.4599999999999915       0.18170357012916227     
   2.4699999999999913       0.18204059548536927     
   2.4799999999999911       0.18235066799673386     
   2.4899999999999909       0.18263274297812623     
   2.4999999999999907       0.18288579400186522     
   2.5099999999999905       0.18310881489763003     
   2.5199999999999902       0.18330082166330786     
   2.5299999999999900       0.18346085429393647     
   2.5399999999999898       0.18358797854955516     
   2.5499999999999896       0.18368128766670588     
   2.5599999999999894       0.18373990407783330     
   2.5699999999999892       0.18376298112784770     
   2.5799999999999890       0.18374970486040554     
   2.5899999999999888       0.18369929589777187     
   2.5999999999999885       0.18361101144693481     
   2.6099999999999883       0.18348414745201233     
   2.6199999999999881       0.18331804094343801     
   2.6299999999999879       0.18311207254500031     
   2.6399999999999877       0.18286566917999458     
   2.6499999999999875       0.18257830692620497     
   2.6599999999999873       0.18224951399079481     
   2.6699999999999871       0.18187887376584594     
   2.6799999999999868       0.18146602787476254     
   2.6899999999999866       0.18101067916362579     
   2.6999999999999864       0.18051259451452800     
   2.7099999999999862       0.17997160742207993     
   2.7199999999999860       0.17938762021854365     
   2.7299999999999858       0.17876060586620451     
   2.7399999999999856       0.17809060923845207     
   2.7499999999999853       0.17737774782743279     
   2.7599999999999851       0.17662221182621846     
   2.7699999999999849       0.17582426356252259     
   2.7799999999999847       0.17498423628764040     
   2.7899999999999845       0.17410253234581885     
   2.7999999999999843       0.17317962076445190     
   2.8099999999999841       0.17221603435811819     
   2.8199999999999839       0.17121236642462895     
   2.8299999999999836       0.17016926715082006     
   2.8399999999999834       0.16908743985013569     
   2.8499999999999832       0.16796763715523230     
   2.8599999999999830       0.16681065728784691     
   2.8699999999999828       0.16561734052855923     
   2.8799999999999826       0.16438856597345072     
   2.8899999999999824       0.16312524866696607     
   2.8999999999999821       0.16182833716054432     
   2.9099999999999819       0.16049881152303558     
   2.9199999999999817       0.15913768180714505     
   2.9299999999999815       0.15774598692272723     
   2.9399999999999813       0.15632479388217113     
   2.9499999999999811       0.15487519731405042     
   2.9599999999999809       0.15339831915379412     
   2.9699999999999807       0.15189530840393872     
   2.9799999999999804       0.15036734083180778     
   2.9899999999999802       0.14881561849734584     
   2.9999999999999800       0.14724136900116389     
   3.0099999999999798       0.14564584435924510     
   3.0199999999999796       0.14403031943121830     
   3.0299999999999794       0.14239608985513108     
   3.0399999999999792       0.14074446947333738     
   3.0499999999999790       0.13907678724959605     
   3.0599999999999787       0.13739438372658641     
   3.0699999999999785       0.13569860707784404     
   3.0799999999999783       0.13399080884115197     
   3.0899999999999781       0.13227233944322014     
   3.0999999999999779       0.13054454361442755     
   3.1099999999999777       0.12880875582855345     
   3.1199999999999775       0.12706629587425797     
   3.1299999999999772       0.12531846467104205     
   3.1399999999999770       0.12356654042650074     
   3.1499999999999768       0.12181177522469411     
   3.1599999999999766       0.12005539208100240     
   3.1699999999999764       0.11829858253692817     
   3.1799999999999762       0.11654250477147493     
   3.1899999999999760       0.11478828225640242     
   3.1999999999999758       0.11303700289364028     
   3.2099999999999755       0.11128971861906455     
   3.2199999999999753       0.10954744538478024     
   3.2299999999999751       0.10781116346924960     
   3.2399999999999749       0.10608181801496429     
   3.2499999999999747       0.10436031974852383     
   3.2599999999999745       0.10264754576260408     
   3.2699999999999743       0.10094434032354217     
   3.2799999999999740        9.9251515625957284E-002
   3.2899999999999738        9.7569852451334829E-002
   3.2999999999999736        9.5900100684078532E-002
   3.3099999999999734        9.4242979668927626E-002
   3.3199999999999732        9.2599178400389753E-002
   3.3299999999999730        9.0969355538036742E-002
   3.3399999999999728        8.9354139272279198E-002
   3.3499999999999726        8.7754127052723938E-002
   3.3599999999999723        8.6169885225977905E-002
   3.3699999999999721        8.4601948598337487E-002
   3.3799999999999719        8.3050819986675170E-002
   3.3899999999999717        8.1516969769231049E-002
   3.3999999999999715        8.0000835500570175E-002
   3.4099999999999713        7.8502821600731312E-002
   3.4199999999999711        7.7023299180627933E-002
   3.4299999999999708        7.5562605980073180E-002
   3.4399999999999706        7.4121046490750658E-002
   3.4499999999999704        7.2698892233956550E-002
   3.4599999999999702        7.1296382213437912E-002
   3.4699999999999700        6.9913723554127838E-002
   3.4799999999999698        6.8551092294081933E-002
   3.4899999999999696        6.7208634340349460E-002
   3.4999999999999694        6.5886466563720991E-002
   3.5099999999999691        6.4584678022321873E-002
   3.5199999999999689        6.3303331274698893E-002
   3.5299999999999687        6.2042463790241822E-002
   3.5399999999999685        6.0802089409264765E-002
   3.5499999999999683        5.9582199845209544E-002
   3.5599999999999681        5.8382766206399712E-002
   3.5699999999999679        5.7203740515433150E-002
   3.5799999999999677        5.6045057207422026E-002
   3.5899999999999674        5.4906634607242585E-002
   3.5999999999999672        5.3788376341917910E-002
   3.6099999999999670        5.2690172715554352E-002
   3.6199999999999668        5.1611902006587260E-002
   3.6299999999999666        5.0553431698467606E-002
   3.6399999999999664        4.9514619632287211E-002
   3.6499999999999662        4.8495315087935628E-002
   3.6599999999999659        4.7495359770105078E-002
   3.6699999999999657        4.6514588737730421E-002
   3.6799999999999655        4.5552831228061905E-002
   3.6899999999999653        4.4609911436377249E-002
   3.6999999999999651        4.3685649196088007E-002
   3.7099999999999649        4.2779860610308487E-002
   3.7199999999999647        4.1892358606172006E-002
   3.7299999999999645        4.1022953442207293E-002
   3.7399999999999642        4.0171453142438071E-002
   3.7499999999999640        3.9337663905957991E-002
   3.7599999999999638        3.8521390444668749E-002
   3.7699999999999636        3.7722436295296077E-002
   3.7799999999999634        3.6940604089229050E-002
   3.7899999999999632        3.6175695792290241E-002
   3.7999999999999630        3.5427512908449220E-002
   3.8099999999999627        3.4695856668675529E-002
   3.8199999999999625        3.3980528183817117E-002
   3.8299999999999623        3.3281328592919296E-002
   3.8399999999999621        3.2598059183989996E-002
   3.8499999999999619        3.1930521503007604E-002
   3.8599999999999617        3.1278517459411882E-002
   3.8699999999999615        3.0641849409313086E-002
   3.8799999999999613        3.0020320245894634E-002
   3.8899999999999610        2.9413733469558841E-002
   3.8999999999999608        2.8821893267779945E-002
   3.9099999999999606        2.8244604575409320E-002
   3.9199999999999604        2.7681673158344484E-002
   3.9299999999999602        2.7132905663497589E-002
   3.9399999999999600        2.6598109702504761E-002
   3.9499999999999598        2.6077093911706414E-002
   3.9599999999999596        2.5569668023763377E-002
   3.9699999999999593        2.5075642943393112E-002
   3.9799999999999591        2.4594830819184982E-002
   3.9899999999999589        2.4127045120171810E-002
   3.9999999999999587        2.3672100716984893E-002
   4.0099999999999589        2.3229813965285853E-002
   4.0199999999999587        2.2800002785923163E-002
   4.0299999999999585        2.2382486758356943E-002
   4.0399999999999583        2.1977087207930693E-002
   4.0499999999999581        2.1583627295211776E-002
   4.0599999999999579        2.1201932117799620E-002
   4.0699999999999577        2.0831828800342064E-002
   4.0799999999999574        2.0473146592430897E-002
   4.0899999999999572        2.0125716971961138E-002
   4.0999999999999570        1.9789373737202166E-002
   4.1099999999999568        1.9463953112496980E-002
   4.1199999999999566        1.9149293848272537E-002
   4.1299999999999564        1.8845237315486953E-002
   4.1399999999999562        1.8551627610008083E-002
   4.1499999999999559        1.8268311649552619E-002
   4.1599999999999557        1.7995139267400630E-002
   4.1699999999999555        1.7731963312657969E-002
   4.1799999999999553        1.7478639734876188E-002
   4.1899999999999551        1.7235027686003667E-002
   4.1999999999999549        1.7000989599181893E-002
   4.2099999999999547        1.6776391278044412E-002
   4.2199999999999545        1.6561101978568867E-002
   4.2299999999999542        1.6354994488590183E-002
   4.2399999999999540        1.6157945197376945E-002
   4.2499999999999538        1.5969834178210591E-002
   4.2599999999999536        1.5790545245006900E-002
   4.2699999999999534        1.5619966020634942E-002
   4.2799999999999532        1.5457987994422821E-002
   4.2899999999999530        1.5304506581263316E-002
   4.2999999999999527        1.5159421162830743E-002
   4.3099999999999525        1.5022635143039993E-002
   4.3199999999999523        1.4894055981161584E-002
   4.3299999999999521        1.4773595232343730E-002
   4.3399999999999519        1.4661168576009576E-002
   4.3499999999999517        1.4556695842313444E-002
   4.3599999999999515        1.4460101032551810E-002
   4.3699999999999513        1.4371312337716772E-002
   4.3799999999999510        1.4290262145072462E-002
   4.3899999999999508        1.4216887044315139E-002
   4.3999999999999506        1.4151127830547360E-002
   4.4099999999999504        1.4092929492182384E-002
   4.4199999999999502        1.4042241207328008E-002
   4.4299999999999500        1.3999016318605565E-002
   4.4399999999999498        1.3963212317988352E-002
   4.4499999999999496        1.3934790813742836E-002
   4.4599999999999493        1.3913717495880969E-002
   4.4699999999999491        1.3899962098922974E-002
   4.4799999999999489        1.3893498350999959E-002
   4.4899999999999487        1.3894303922492924E-002
   4.4999999999999485        1.3902360367599415E-002
   4.5099999999999483        1.3917653054465056E-002
   4.5199999999999481        1.3940171092754441E-002
   4.5299999999999478        1.3969907254272777E-002
   4.5399999999999476        1.4006857885717705E-002
   4.5499999999999474        1.4051022805762099E-002
   4.5599999999999472        1.4102405214175691E-002
   4.5699999999999470        1.4161011568198913E-002
   4.5799999999999468        1.4226851466846805E-002
   4.5899999999999466        1.4299937525394393E-002
   4.5999999999999464        1.4380285232365106E-002
   4.6099999999999461        1.4467912802465068E-002
   4.6199999999999459        1.4562841026588965E-002
   4.6299999999999457        1.4665093095819688E-002
   4.6399999999999455        1.4774694430473594E-002
   4.6499999999999453        1.4891672490695181E-002
   4.6599999999999451        1.5016056576630382E-002
   4.6699999999999449        1.5147877620704700E-002
   4.6799999999999446        1.5287167960891150E-002
   4.6899999999999444        1.5433961114551632E-002
   4.6999999999999442        1.5588291524761617E-002
   4.7099999999999440        1.5750194306486137E-002
   4.7199999999999438        1.5919704973440123E-002
   4.7299999999999436        1.6096859152221487E-002
   4.7399999999999434        1.6281692284624845E-002
   4.7499999999999432        1.6474239317988849E-002
   4.7599999999999429        1.6674534376445498E-002
   4.7699999999999427        1.6882610422206540E-002
   4.7799999999999425        1.7098498903425841E-002
   4.7899999999999423        1.7322229388270931E-002
   4.7999999999999421        1.7553829177765188E-002
   4.8099999999999419        1.7793322920416063E-002
   4.8199999999999417        1.8040732196343525E-002
   4.8299999999999415        1.8296075099458270E-002
   4.8399999999999412        1.8559365804833146E-002
   4.8499999999999410        1.8830614121292742E-002
   4.8599999999999408        1.9109825032702213E-002
   4.8699999999999406        1.9396998237602610E-002
   4.8799999999999404        1.9692127663804418E-002
   4.8899999999999402        1.9995200987979588E-002
   4.8999999999999400        2.0306199142955721E-002
   4.9099999999999397        2.0625095817888236E-002
   4.9199999999999395        2.0951856958443874E-002
   4.9299999999999393        2.1286440259418345E-002
   4.9399999999999391        2.1628794665026405E-002
   4.9499999999999389        2.1978859863353333E-002
   4.9599999999999387        2.2336565789553071E-002
   4.9699999999999385        2.2701832136605923E-002
   4.9799999999999383        2.3074567874015756E-002
   4.9899999999999380        2.3454670781040906E-002
   4.9999999999999378        2.3842026996910098E-002
   5.0099999999999376        2.4236510589179635E-002
   5.0199999999999374        2.4637983146410948E-002
   5.0299999999999372        2.5046293399346518E-002
   5.0399999999999370        2.5461276874482144E-002
   5.0499999999999368        2.5882755575305633E-002
   5.0599999999999365        2.6310537720195017E-002
   5.0699999999999363        2.6744417502905425E-002
   5.0799999999999361        2.7184174918751264E-002
   5.0899999999999359        2.7629575639337576E-002
   5.0999999999999357        2.8080370939987824E-002
   5.1099999999999355        2.8536297690732702E-002
   5.1199999999999353        2.8997078423534831E-002
   5.1299999999999351        2.9462421451050810E-002
   5.1399999999999348        2.9932021076206978E-002
   5.1499999999999346        3.0405557869605217E-002
   5.1599999999999344        3.0882699030335425E-002
   5.1699999999999342        3.1363098831684623E-002
   5.1799999999999340        3.1846399145863714E-002
   5.1899999999999338        3.2332230066340666E-002
   5.1999999999999336        3.2820210606655353E-002
   5.2099999999999334        3.3309949496796457E-002
   5.2199999999999331        3.3801046060770737E-002
   5.2299999999999329        3.4293091183254132E-002
   5.2399999999999327        3.4785668361087735E-002
   5.2499999999999325        3.5278354833615973E-002
   5.2599999999999323        3.5770722791361460E-002
   5.2699999999999321        3.6262340652965408E-002
   5.2799999999999319        3.6752774412327313E-002
   5.2899999999999316        3.7241589041491191E-002
   5.2999999999999314        3.7728349938403169E-002
   5.3099999999999312        3.8212624426681711E-002
   5.3199999999999310        3.8693983273163042E-002
   5.3299999999999308        3.9172002233460179E-002
   5.3399999999999306        3.9646263602712763E-002
   5.3499999999999304        4.0116357761292271E-002
   5.3599999999999302        4.0581884700431260E-002
   5.3699999999999299        4.1042455525599118E-002
   5.3799999999999297        4.1497693902473286E-002
   5.3899999999999295        4.1947237454629881E-002
   5.3999999999999293        4.2390739084944389E-002
   5.4099999999999291        4.2827868210845964E-002
   5.4199999999999289        4.3258311903134582E-002
   5.4299999999999287        4.3681775911073716E-002
   5.4399999999999284        4.4097985567966257E-002
   5.4499999999999282        4.4506686561874675E-002
   5.4599999999999280        4.4907645563843170E-002
   5.4699999999999278        4.5300650707189735E-002
   5.4799999999999276        4.5685511908789424E-002
   5.4899999999999274        4.6062061030202731E-002
   5.4999999999999272        4.6430151873590161E-002
   5.5099999999999270        4.6789660012439352E-002
   5.5199999999999267        4.7140482457049632E-002
   5.5299999999999265        4.7482537159314248E-002
   5.5399999999999263        4.7815762360884376E-002
   5.5499999999999261        4.8140115785102716E-002
   5.5599999999999259        4.8455573699061984E-002
   5.5699999999999257        4.8762129829970101E-002
   5.5799999999999255        4.9059794171053682E-002
   5.5899999999999253        4.9348591681289349E-002
   5.5999999999999250        4.9628560889284981E-002
   5.6099999999999248        4.9899752423691532E-002
   5.6199999999999246        5.0162227492078416E-002
   5.6299999999999244        5.0416056307466088E-002
   5.6399999999999242        5.0661316504892806E-002
   5.6499999999999240        5.0898091546632808E-002
   5.6599999999999238        5.1126469143912584E-002
   5.6699999999999235        5.1346539714924498E-002
   5.6799999999999233        5.1558394886219758E-002
   5.6899999999999231        5.1762126069651936E-002
   5.6999999999999229        5.1957823115078627E-002
   5.7099999999999227        5.2145573065251367E-002
   5.7199999999999225        5.2325459017356496E-002
   5.7299999999999223        5.2497559109353283E-002
   5.7399999999999221        5.2661945634803087E-002
   5.7499999999999218        5.2818684300253348E-002
   5.7599999999999216        5.2967833623836495E-002
   5.7699999999999214        5.3109444482714929E-002
   5.7799999999999212        5.3243559811875035E-002
   5.7899999999999210        5.3370214452566428E-002
   5.7999999999999208        5.3489435139585109E-002
   5.8099999999999206        5.3601240642072681E-002
   5.8199999999999203        5.3705642024639490E-002
   5.8299999999999201        5.3802643044830845E-002
   5.8399999999999199        5.3892240659238401E-002
   5.8499999999999197        5.3974425633254636E-002
   5.8599999999999195        5.4049183239743212E-002
   5.8699999999999193        5.4116494034941780E-002
   5.8799999999999191        5.4176334686840966E-002
   5.8899999999999189        5.4228678850850170E-002
   5.8999999999999186        5.4273498069058013E-002
   5.9099999999999184        5.4310762675254184E-002
   5.9199999999999182        5.4340442696764239E-002
   5.9299999999999180        5.4362508723538011E-002
   5.9399999999999178        5.4376932743903247E-002
   5.9499999999999176        5.4383688917114675E-002
   5.9599999999999174        5.4382754279295967E-002
   5.9699999999999172        5.4374109365862379E-002
   5.9799999999999169        5.4357738739337844E-002
   5.9899999999999167        5.4333631413207822E-002
   5.9999999999999165        5.4301781166084154E-002
   6.0099999999999163        5.4262186738837578E-002
   6.0199999999999161        5.4214851911271990E-002
   6.0299999999999159        5.4159785459097609E-002
   6.0399999999999157        5.4097000991455743E-002
   6.0499999999999154        5.4026516664414312E-002
   6.0599999999999152        5.3948354796832104E-002
   6.0699999999999150        5.3862541364429029E-002
   6.0799999999999148        5.3769105410030202E-002
   6.0899999999999146        5.3668078366189149E-002
   6.0999999999999144        5.3559493301083221E-002
   6.1099999999999142        5.3443384108815217E-002
   6.1199999999999140        5.3319784659504925E-002
   6.1299999999999137        5.3188727910800954E-002
   6.1399999999999135        5.3050245018658300E-002
   6.1499999999999133        5.2904364446058491E-002
   6.1599999999999131        5.2751111095612764E-002
   6.1699999999999129        5.2590505482607901E-002
   6.1799999999999127        5.2422562958397395E-002
   6.1899999999999125        5.2247293012323760E-002
   6.1999999999999122        5.2064698650670489E-002
   6.2099999999999120        5.1874775881367609E-002
   6.2199999999999118        5.1677513307364475E-002
   6.2299999999999116        5.1472891842730684E-002
   6.2399999999999114        5.1260884559179189E-002
   6.2499999999999112        5.1041456675723407E-002
   6.2599999999999110        5.0814565685726336E-002
   6.2699999999999108        5.0580161634667394E-002
   6.2799999999999105        5.0338187546018660E-002
   6.2899999999999103        5.0088579995174659E-002
   6.2999999999999101        4.9831269819909284E-002
   6.3099999999999099        4.9566182982835064E-002
   6.3199999999999097        4.9293241549668909E-002
   6.3299999999999095        4.9012364801662246E-002
   6.3399999999999093        4.8723470452156227E-002
   6.3499999999999091        4.8426475963132209E-002
   6.3599999999999088        4.8121299945344975E-002
   6.3699999999999086        4.7807863630652710E-002
   6.3799999999999084        4.7486092388758519E-002
   6.3899999999999082        4.7155917286213440E-002
   6.3999999999999080        4.6817276658167838E-002
   6.4099999999999078        4.6470117678931937E-002
   6.4199999999999076        4.6114397914194749E-002
   6.4299999999999073        4.5750086831857932E-002
   6.4399999999999071        4.5377167262285446E-002
   6.4499999999999069        4.4995636779822656E-002
   6.4599999999999067        4.4605508997531122E-002
   6.4699999999999065        4.4206814760182518E-002
   6.4799999999999063        4.3799603213585434E-002
   6.4899999999999061        4.3383942747637100E-002
   6.4999999999999059        4.2959921797542162E-002
   6.5099999999999056        4.2527649494165674E-002
   6.5199999999999054        4.2087256156114430E-002
   6.5299999999999052        4.1638893624057191E-002
   6.5399999999999050        4.1182735427994374E-002
   6.5499999999999048        4.0718976780229697E-002
   6.5599999999999046        4.0247834421973494E-002
   6.5699999999999044        3.9769546283296965E-002
   6.5799999999999041        3.9284371002709255E-002
   6.5899999999999039        3.8792587288388476E-002
   6.5999999999999037        3.8294493132627332E-002
   6.6099999999999035        3.7790404891511337E-002
   6.6199999999999033        3.7280656248650047E-002
   6.6299999999999031        3.6765597049663902E-002
   6.6399999999999029        3.6245592049382283E-002
   6.6499999999999027        3.5721019564679060E-002
   6.6599999999999024        3.5192270053437488E-002
   6.6699999999999022        3.4659744634713059E-002
   6.6799999999999020        3.4123853558174828E-002
   6.6899999999999018        3.3585014648220578E-002
   6.6999999999999016        3.3043651719723906E-002
   6.7099999999999014        3.2500192995460579E-002
   6.7199999999999012        3.1955069526851371E-002
   6.7299999999999010        3.1408713632595883E-002
   6.7399999999999007        3.0861557370051165E-002
   6.7499999999999005        3.0314031046834125E-002
   6.7599999999999003        2.9766561780320902E-002
   6.7699999999999001        2.9219572116652440E-002
   6.7799999999998999        2.8673478717234292E-002
   6.7899999999998997        2.8128691119124007E-002
   6.7999999999998995        2.7585610563236693E-002
   6.8099999999998992        2.7044628923364563E-002
   6.8199999999998990        2.6506127700597591E-002
   6.8299999999998988        2.5970477119922456E-002
   6.8399999999998986        2.5438035312134892E-002
   6.8499999999998984        2.4909147584099341E-002
   6.8599999999998982        2.4384145777935764E-002
   6.8699999999998980        2.3863347730234404E-002
   6.8799999999998978        2.3347056800922698E-002
   6.8899999999998975        2.2835561502033138E-002
   6.8999999999998973        2.2329135203097438E-002
   6.9099999999998971        2.1828035915142818E-002
   6.9199999999998969        2.1332506153585215E-002
   6.9299999999998967        2.0842772867626522E-002
   6.9399999999998965        2.0359047445198640E-002
   6.9499999999998963        1.9881525773265945E-002
   6.9599999999998960        1.9410388360353657E-002
   6.9699999999998958        1.8945800515053162E-002
   6.9799999999998956        1.8487912570111287E-002
   6.9899999999998954        1.8036860154019670E-002
   6.9999999999998952        1.7592764503343766E-002
   7.0099999999998950        1.7155732809606077E-002
   7.0199999999998948        1.6725858597356431E-002
   7.0299999999998946        1.6303222132773861E-002
   7.0399999999998943        1.5887890854689109E-002
   7.0499999999998941        1.5479919818891836E-002
   7.0599999999998939        1.5079352173942316E-002
   7.0699999999998937        1.4686219629458392E-002
   7.0799999999998935        1.4300542949663301E-002
   7.0899999999998933        1.3922332448768147E-002
   7.0999999999998931        1.3551588486899784E-002
   7.1099999999998929        1.3188301966395579E-002
   7.1199999999998926        1.2832454839594507E-002
   7.1299999999998924        1.2484020593015883E-002
   7.1399999999998922        1.2142964743890584E-002
   7.1499999999998920        1.1809245320657530E-002
   7.1599999999998918        1.1482813337409062E-002
   7.1699999999998916        1.1163613260554367E-002
   7.1799999999998914        1.0851583458277610E-002
   7.1899999999998911        1.0546656648044524E-002
   7.1999999999998909        1.0248760321775002E-002
   7.2099999999998907        9.9578171642672290E-003
   7.2199999999998905        9.6737454539284427E-003
   7.2299999999998903        9.3964594498395521E-003
   7.2399999999998901        9.1258697657115740E-003
   7.2499999999998899        8.8618837274074633E-003
   7.2599999999998897        8.6044057156665372E-003
   7.2699999999998894        8.3533374921327206E-003
   7.2799999999998892        8.1085785138355730E-003
   7.2899999999998890        7.8700262315725134E-003
   7.2999999999998888        7.6375763672852266E-003
   7.3099999999998886        7.4111231897015691E-003
   7.3199999999998884        7.1905597611021744E-003
   7.3299999999998882        6.9757781797744204E-003
   7.3399999999998879        6.7666698064754649E-003
   7.3499999999998877        6.5631254754813873E-003
   7.3599999999998875        6.3650356913579108E-003
   7.3699999999998873        6.1722908227656529E-003
   7.3799999999998871        5.9847812687961622E-003
   7.3899999999998869        5.8023976265204162E-003
   7.3999999999998867        5.6250308414576376E-003
   7.4099999999998865        5.4525723468226393E-003
   7.4199999999998862        5.2849141954160860E-003
   7.4299999999998860        5.1219491772904373E-003
   7.4399999999998858        4.9635709324020024E-003
   7.4499999999998856        4.8096740512924051E-003
   7.4599999999998854        4.6601541665860684E-003
   7.4699999999998852        4.5149080392212762E-003
   7.4799999999998850        4.3738336335811890E-003
   7.4899999999998847        4.2368301870900271E-003
   7.4999999999998845        4.1037982725313556E-003
   7.5099999999998843        3.9746398539453965E-003
   7.5199999999998841        3.8492583328524174E-003
   7.5299999999998839        3.7275585949249224E-003
   7.5399999999998837        3.6094470477258259E-003
   7.5499999999998835        3.4948316474087112E-003
   7.5599999999998833        3.3836219357568282E-003
   7.5699999999998830        3.2757290537326015E-003
   7.5799999999998828        3.1710657642398561E-003
   7.5899999999998826        3.0695464681581718E-003
   7.5999999999998824        2.9710872129350670E-003
   7.6099999999998822        2.8756056973970805E-003
   7.6199999999998820        2.7830212827738903E-003
   7.6299999999998818        2.6932549861835645E-003
   7.6399999999998816        2.6062294839560764E-003
   7.6499999999998813        2.5218691050768478E-003
   7.6599999999998811        2.4400998247487045E-003
   7.6699999999998809        2.3608492565890290E-003
   7.6799999999998807        2.2840466396661036E-003
   7.6899999999998805        2.2096228278363351E-003
   7.6999999999998803        2.1375102742293740E-003
   7.7099999999998801        2.0676430164944591E-003
   7.7199999999998798        1.9999566583046558E-003
   7.7299999999998796        1.9343883512732815E-003
   7.7399999999998794        1.8708767762712342E-003
   7.7499999999998792        1.8093621212566849E-003
   7.7599999999998790        1.7497860622324661E-003
   7.7699999999998788        1.6920917375992416E-003
   7.7799999999998786        1.6362237282194511E-003
   7.7899999999998784        1.5821280345184464E-003
   7.7999999999998781        1.5297520476813956E-003
   7.8099999999998779        1.4790445328732268E-003
   7.8199999999998777        1.4299555970099613E-003
   7.8299999999998775        1.3824366684859865E-003
   7.8399999999998773        1.3364404711371006E-003
   7.8499999999998771        1.2919209985215098E-003
   7.8599999999998769        1.2488334860152495E-003
   7.8699999999998766        1.2071343918516255E-003
   7.8799999999998764        1.1667813646680603E-003
   7.8899999999998762        1.1277332217661451E-003
   7.8999999999998760        1.0899499237906696E-003
   7.9099999999998758        1.0533925478242142E-003
   7.9199999999998756        1.0180232643408837E-003
   7.9299999999998754        9.8380531046708014E-004
   7.9399999999998752        9.5070296680944142E-004
   7.9499999999998749        9.1868153258996591E-004
   7.9599999999998747        8.8770730072396998E-004
   7.9699999999998745        8.5774753481569820E-004
   7.9799999999998743        8.2877044597591521E-004
   7.9899999999998741        8.0074516855618925E-004
   7.9999999999998739        7.7364173691287538E-004
   8.0099999999998737        7.4743106488070401E-004
   8.0199999999998735        7.2208492078824210E-004
   8.0299999999998732        6.9757590750274177E-004
   8.0399999999998730        6.7387744137906169E-004
   8.0499999999998728        6.5096372748264808E-004
   8.0599999999998726        6.2880974496313299E-004
   8.0699999999998724        6.0739121993736626E-004
   8.0799999999998722        5.8668461009094063E-004
   8.0899999999998720        5.6666708379199794E-004
   8.0999999999998717        5.4731650177335112E-004
   8.1099999999998715        5.2861139420330228E-004
   8.1199999999998713        5.1053094920896743E-004
   8.1299999999998711        4.9305498814573921E-004
   8.1399999999998709        4.7616395265437779E-004
   8.1499999999998707        4.5983888445794141E-004
   8.1599999999998705        4.4406141033903650E-004
   8.1699999999998703        4.2881372500973151E-004
   8.1799999999998700        4.1407857457189247E-004
   8.1899999999998698        3.9983924125952617E-004
   8.1999999999998696        3.8607952806921845E-004
   8.2099999999998694        3.7278374407008458E-004
   8.2199999999998692        3.5993668931861574E-004
   8.2299999999998690        3.4752364037509803E-004
   8.2399999999998688        3.3553033782967619E-004
   8.2499999999998685        3.2394296994822170E-004
   8.2599999999998683        3.1274816323023630E-004
   8.2699999999998681        3.0193296580596616E-004
   8.2799999999998679        2.9148483731917759E-004
   8.2899999999998677        2.8139163666974728E-004
   8.2999999999998675        2.7164160771921478E-004
   8.3099999999998673        2.6222337165955243E-004
   8.3199999999998671        2.5312591119848487E-004
   8.3299999999998668        2.4433856377211149E-004
   8.3399999999998666        2.3585100833523065E-004
   8.3499999999998664        2.2765325556639725E-004
   8.3599999999998662        2.1973563732029204E-004
   8.3699999999998660        2.1208879886125146E-004
   8.3799999999998658        2.0470368633874889E-004
   8.3899999999998656        1.9757153976604770E-004
   8.3999999999998654        1.9068388271214275E-004
   8.4099999999998651        1.8403251419150791E-004
   8.4199999999998649        1.7760950053434348E-004
   8.4299999999998647        1.7140716567544124E-004
   8.4399999999998645        1.6541808441976577E-004
   8.4499999999998643        1.5963507445569463E-004
   8.4599999999998641        1.5405118744947884E-004
   8.4699999999998639        1.4865970404916238E-004
   8.4799999999998636        1.4345412470939719E-004
   8.4899999999998634        1.3842816398309239E-004
   8.4999999999998632        1.3357574243255438E-004
   8.5099999999998630        1.2889098193335187E-004
   8.5199999999998628        1.2436819733398821E-004
   8.5299999999998626        1.2000189183271754E-004
   8.5399999999998624        1.1578675089885126E-004
   8.5499999999998622        1.1171763485812462E-004
   8.5599999999998619        1.0778957572625696E-004
   8.5699999999998617        1.0399776989393783E-004
   8.5799999999998615        1.0033757306263253E-004
   8.5899999999998613        9.6804495907703997E-005
   8.5999999999998611        9.3394199123997802E-005
   8.6099999999998609        9.0102487381695534E-005
   8.6199999999998607        8.6925305935088812E-005
   8.6299999999998604        8.3858735269133104E-005
   8.6399999999998602        8.0898987369984205E-005
   8.6499999999998600        7.8042401001382161E-005
   8.6599999999998598        7.5285437493785850E-005
   8.6699999999998596        7.2624677784019354E-005
   8.6799999999998594        7.0056816655724092E-005
   8.6899999999998592        6.7578660756691220E-005
   8.6999999999998590        6.5187123924102504E-005
   8.7099999999998587        6.2879224373283847E-005
   8.7199999999998585        6.0652080808743894E-005
   8.7299999999998583        5.8502909040347422E-005
   8.7399999999998581        5.6429019760925926E-005
   8.7499999999998579        5.4427813290797676E-005
   8.7599999999998577        5.2496779593636357E-005
   8.7699999999998575        5.0633492290459368E-005
   8.7799999999998573        4.8835608059752237E-005
   8.7899999999998570        4.7100863467592701E-005
   8.7999999999998568        4.5427071158028631E-005
   8.8099999999998566        4.3812119064762491E-005
   8.8199999999998564        4.2253966206103763E-005
   8.8299999999998562        4.0750641807310559E-005
   8.8399999999998560        3.9300242198925479E-005
   8.8499999999998558        3.7900928243597871E-005
   8.8599999999998555        3.6550923848996680E-005
   8.8699999999998553        3.5248514040753450E-005
   8.8799999999998551        3.3992042167356259E-005
   8.8899999999998549        3.2779908207195998E-005
   8.8999999999998547        3.1610567129783847E-005
   8.9099999999998545        3.0482526755939784E-005
   8.9199999999998543        2.9394346389912298E-005
   8.9299999999998541        2.8344634538682359E-005
   8.9399999999998538        2.7332047649308485E-005
   8.9499999999998536        2.6355288651406848E-005
   8.9599999999998534        2.5413104420440697E-005
   8.9699999999998532        2.4504285306565124E-005
   8.9799999999998530        2.3627663727596009E-005
   8.9899999999998528        2.2782112297821690E-005
   8.9999999999998526        2.1966541924826041E-005
   9.0099999999998523        2.1179901785468190E-005
   9.0199999999998521        2.0421176945764112E-005
   9.0299999999998519        1.9689387900443399E-005
   9.0399999999998517        1.8983588927704151E-005
   9.0499999999998515        1.8302866862493620E-005
   9.0599999999998513        1.7646340390237711E-005
   9.0699999999998511        1.7013158936681617E-005
   9.0799999999998509        1.6402500926166361E-005
   9.0899999999998506        1.5813573403736069E-005
   9.0999999999998504        1.5245611497610222E-005
   9.1099999999998502        1.4697876490741579E-005
   9.1199999999998500        1.4169655500060784E-005
   9.1299999999998498        1.3660260216254932E-005
   9.1399999999998496        1.3169026388289354E-005
   9.1499999999998494        1.2695313230582876E-005
   9.1599999999998492        1.2238501724818432E-005
   9.1699999999998489        1.1797995269802209E-005
   9.1799999999998487        1.1373216984792197E-005
   9.1899999999998485        1.0963611107757385E-005
   9.1999999999998483        1.0568640820845746E-005
   9.2099999999998481        1.0187787950399140E-005
   9.2199999999998479        9.8205528143055212E-006
   9.2299999999998477        9.4664530863530757E-006
   9.2399999999998474        9.1250234864821783E-006
   9.2499999999998472        8.7958144047187488E-006
   9.2599999999998470        8.4783929341933522E-006
   9.2699999999998468        8.1723404117260587E-006
   9.2799999999998466        7.8772534773478532E-006
   9.2899999999998464        7.5927429159177129E-006
   9.2999999999998462        7.3184326451740795E-006
   9.3099999999998460        7.0539606395980880E-006
   9.3199999999998457        6.7989765048379425E-006
   9.3299999999998455        6.5531434134941089E-006
   9.3399999999998453        6.3161356642040301E-006
   9.3499999999998451        6.0876388738103258E-006
   9.3599999999998449        5.8673499466307967E-006
   9.3699999999998447        5.6549769827891584E-006
   9.3799999999998445        5.4502374214621344E-006
   9.3899999999998442        5.2528595982497920E-006
   9.3999999999998440        5.0625804805322738E-006
   9.4099999999998438        4.8791471874041624E-006
   9.4199999999998436        4.7023152423715771E-006
   9.4299999999998434        4.5318492947897522E-006
   9.4399999999998432        4.3675216635044789E-006
   9.4499999999998430        4.2091133902153257E-006
   9.4599999999998428        4.0564124159919447E-006
   9.4699999999998425        3.9092152335157400E-006
   9.4799999999998423        3.7673244908584734E-006
   9.4899999999998421        3.6305509545820067E-006
   9.4999999999998419        3.4987109513068983E-006
   9.5099999999998417        3.3716284567600625E-006
   9.5199999999998415        3.2491325190257933E-006
   9.5299999999998413        3.1310589797568815E-006
   9.5399999999998411        3.0172496057570678E-006
   9.5499999999998408        2.9075512426192174E-006
   9.5599999999998406        2.8018165310510671E-006
   9.5699999999998404        2.6999036586092798E-006
   9.5799999999998402        2.6016751865889966E-006
   9.5899999999998400        2.5069985846221472E-006
   9.5999999999998398        2.4157465803672574E-006
   9.6099999999998396        2.3277965652518624E-006
   9.6199999999998393        2.2430293216105036E-006
   9.6299999999998391        2.1613307320605040E-006
   9.6399999999998389        2.0825904468342491E-006
   9.6499999999998387        2.0067021345903816E-006
   9.6599999999998385        1.9335629322521683E-006
   9.6699999999998383        1.8630745607100375E-006
   9.6799999999998381        1.7951407404168511E-006
   9.6899999999998379        1.7296703642371813E-006
   9.6999999999998376        1.6665741122131501E-006
   9.7099999999998374        1.6057664743628034E-006
   9.7199999999998372        1.5471650595524097E-006
   9.7299999999998370        1.4906904399071987E-006
   9.7399999999998368        1.4362661189648508E-006
   9.7499999999998366        1.3838176570592415E-006
   9.7599999999998364        1.3332744084270549E-006
   9.7699999999998361        1.2845670233834121E-006
   9.7799999999998359        1.2376294535216652E-006
   9.7899999999998357        1.1923979144512173E-006
   9.7999999999998355        1.1488104447940888E-006
   9.8099999999998353        1.1068081109583972E-006
   9.8199999999998351        1.0663331484087243E-006
   9.8299999999998349        1.0273307421017064E-006
   9.8399999999998347        9.8974755971784504E-007
   9.8499999999998344        9.5353215475789959E-007
   9.8599999999998342        9.1863493978268723E-007
   9.8699999999998340        8.8500844618725901E-007
   9.8799999999998338        8.5260678345206184E-007
   9.8899999999998336        8.2138536574704160E-007
   9.8999999999998334        7.9130137852833476E-007
   9.9099999999998332        7.6231379351996245E-007
   9.9199999999998330        7.3438282849886194E-007
   9.9299999999998327        7.0747018874924264E-007
   9.9399999999998325        6.8153904142725243E-007
   9.9499999999998323        6.5655376375555908E-007
   9.9599999999998321        6.3248002081491804E-007
   9.9699999999998319        6.0928467838898722E-007
   9.9799999999998317        5.8693573729426929E-007
   9.9899999999998315        5.6540300752889301E-007
   9.9999999999998312        5.4465623319431190E-007
