   0.0000000000000000        9.5945199658964140E-018
   1.0000000000000000E-002   1.5189051162319079E-002
   2.0000000000000000E-002   3.0121785337430561E-002
   2.9999999999999999E-002   4.4557783046486006E-002
   4.0000000000000001E-002   5.8286511530189843E-002
   5.0000000000000003E-002   7.1137860793727484E-002
   6.0000000000000005E-002   8.2988306608308762E-002
   7.0000000000000007E-002   9.3762506041584467E-002
   8.0000000000000002E-002  0.10343079422937775     
   8.9999999999999997E-002  0.11200353119341225     
   9.9999999999999992E-002  0.11952348568989919     
  0.10999999999999999       0.12605744293395843     
  0.11999999999999998       0.13168803782464772     
  0.12999999999999998       0.13650652553857340     
  0.13999999999999999       0.14060688903599530     
  0.14999999999999999       0.14408141068212554     
  0.16000000000000000       0.14701763639776153     
  0.17000000000000001       0.14949654206334287     
  0.18000000000000002       0.15159166169192873     
  0.19000000000000003       0.15336893552637604     
  0.20000000000000004       0.15488706378843523     
  0.21000000000000005       0.15619819230425189     
  0.22000000000000006       0.15734879878983915     
  0.23000000000000007       0.15838068696117116     
  0.24000000000000007       0.15933202698374599     
  0.25000000000000006       0.16023840434759992     
  0.26000000000000006       0.16113385537129130     
  0.27000000000000007       0.16205187689102146     
  0.28000000000000008       0.16302640090057569     
  0.29000000000000009       0.16409272231103655     
  0.30000000000000010       0.16528835958974350     
  0.31000000000000011       0.16665381354713021     
  0.32000000000000012       0.16823316867809179     
  0.33000000000000013       0.17007445437628016     
  0.34000000000000014       0.17222965134916671     
  0.35000000000000014       0.17475419525458866     
  0.36000000000000015       0.17770580215921269     
  0.37000000000000016       0.18114243100634747     
  0.38000000000000017       0.18511922436746991     
  0.39000000000000018       0.18968435144222834     
  0.40000000000000019       0.19487383554376991     
  0.41000000000000020       0.20070568806888137     
  0.42000000000000021       0.20717397006162447     
  0.43000000000000022       0.21424369758363479     
  0.44000000000000022       0.22184769353660702     
  0.45000000000000023       0.22988644558346130     
  0.46000000000000024       0.23823167378490626     
  0.47000000000000025       0.24673365873402284     
  0.48000000000000026       0.25523158000425783     
  0.49000000000000027       0.26356541210682183     
  0.50000000000000022       0.27158756369369974     
  0.51000000000000023       0.27917254859069646     
  0.52000000000000024       0.28622349001980268     
  0.53000000000000025       0.29267498634091588     
  0.54000000000000026       0.29849257167181398     
  0.55000000000000027       0.30366951052071051     
  0.56000000000000028       0.30822190104205965     
  0.57000000000000028       0.31218305185767187     
  0.58000000000000029       0.31559792241508000     
  0.59000000000000030       0.31851816781176628     
  0.60000000000000031       0.32099807982992185     
  0.61000000000000032       0.32309151183698653     
  0.62000000000000033       0.32484973402564776     
  0.63000000000000034       0.32632008530103723     
  0.64000000000000035       0.32754525645955979     
  0.65000000000000036       0.32856304043085222     
  0.66000000000000036       0.32940640500410134     
  0.67000000000000037       0.33010377087459419     
  0.68000000000000038       0.33067940606388424     
  0.69000000000000039       0.33115387298213589     
  0.70000000000000040       0.33154448503560358     
  0.71000000000000041       0.33186574552138787     
  0.72000000000000042       0.33212975309191656     
  0.73000000000000043       0.33234656609067809     
  0.74000000000000044       0.33252452336953842     
  0.75000000000000044       0.33267052251855150     
  0.76000000000000045       0.33279025835977372     
  0.77000000000000046       0.33288842552884185     
  0.78000000000000047       0.33296888932374202     
  0.79000000000000048       0.33303482897430414     
  0.80000000000000049       0.33308885723968124     
  0.81000000000000050       0.33313311988149519     
  0.82000000000000051       0.33316937815603220     
  0.83000000000000052       0.33319907706197882     
  0.84000000000000052       0.33322340169491654     
  0.85000000000000053       0.33324332370873255     
  0.86000000000000054       0.33325963957240523     
  0.87000000000000055       0.33327300203894034     
  0.88000000000000056       0.33328394600965910     
  0.89000000000000057       0.33329290977824011     
  0.90000000000000058       0.33330025247109774     
  0.91000000000000059       0.33330626835984689     
  0.92000000000000060       0.33331119860402669     
  0.93000000000000060       0.33331524088445957     
  0.94000000000000061       0.33331855730655330     
  0.95000000000000062       0.33332128088582602     
  0.96000000000000063       0.33332352087265127     
  0.97000000000000064       0.33332536712771405     
  0.98000000000000065       0.33332689372230062     
  0.99000000000000066       0.33332816190692111     
   1.0000000000000007       0.33332922256673631     
   1.0100000000000007       0.33333011826188713     
   1.0200000000000007       0.33333088493430835     
   1.0300000000000007       0.33333155334931924     
   1.0400000000000007       0.33333215032970692     
   1.0500000000000007       0.33333269983172242     
   1.0600000000000007       0.33333322390609749     
   1.0700000000000007       0.33333374358257728     
   1.0800000000000007       0.33333427971339985     
   1.0900000000000007       0.33333485380948741     
   1.1000000000000008       0.33333548890280196     
   1.1100000000000008       0.33333621046931383     
   1.1200000000000008       0.33333704744941017     
   1.1300000000000008       0.33333803340635615     
   1.1400000000000008       0.33333920786882304     
   1.1500000000000008       0.33334061791063063     
   1.1600000000000008       0.33334232003002834     
   1.1700000000000008       0.33334438240232395     
   1.1800000000000008       0.33334688759386955     
   1.1900000000000008       0.33334993584275102     
   1.2000000000000008       0.33335364903252390     
   1.2100000000000009       0.33335817551055552     
   1.2200000000000009       0.33336369593254900     
   1.2300000000000009       0.33337043035027780     
   1.2400000000000009       0.33337864680090007     
   1.2500000000000009       0.33338867170384612     
   1.2600000000000009       0.33340090242506243     
   1.2700000000000009       0.33341582242767442     
   1.2800000000000009       0.33343401949104129     
   1.2900000000000009       0.33345620754313898     
   1.3000000000000009       0.33348325270791873     
   1.3100000000000009       0.33351620420935457     
   1.3200000000000010       0.33355633078097829     
   1.3300000000000010       0.33360516317893352     
   1.3400000000000010       0.33366454325128442     
   1.3500000000000010       0.33373667972400795     
   1.3600000000000010       0.33382421035209570     
   1.3700000000000010       0.33393026925577191     
   1.3800000000000010       0.33405855699477655     
   1.3900000000000010       0.33421340908480229     
   1.4000000000000010       0.33439985608205969     
   1.4100000000000010       0.33462366494077633     
   1.4200000000000010       0.33489134707574075     
   1.4300000000000010       0.33521011365358111     
   1.4400000000000011       0.33558775370549632     
   1.4500000000000011       0.33603240692533898     
   1.4600000000000011       0.33655220252143286     
   1.4700000000000011       0.33715474110482130     
   1.4800000000000011       0.33784641169294771     
   1.4900000000000011       0.33863156332740008     
   1.5000000000000011       0.33951159097487349     
   1.5100000000000011       0.34048404382694042     
   1.5200000000000011       0.34154190942697699     
   1.5300000000000011       0.34267325125349940     
   1.5400000000000011       0.34386136071901302     
   1.5500000000000012       0.34508551489891315     
   1.5600000000000012       0.34632231479343234     
   1.5700000000000012       0.34754744451438757     
   1.5800000000000012       0.34873758376737718     
   1.5900000000000012       0.34987216495221751     
   1.6000000000000012       0.35093470844987429     
   1.6100000000000012       0.35191357844917520     
   1.6200000000000012       0.35280213620647238     
   1.6300000000000012       0.35359838374085378     
   1.6400000000000012       0.35430425998014814     
   1.6500000000000012       0.35492476749224200     
   1.6600000000000013       0.35546708345224970     
   1.6700000000000013       0.35593976320325754     
   1.6800000000000013       0.35635209657870698     
   1.6900000000000013       0.35671363737958955     
   1.7000000000000013       0.35703389943267488     
   1.7100000000000013       0.35732219802117376     
   1.7200000000000013       0.35758761031564484     
   1.7300000000000013       0.35783902936413620     
   1.7400000000000013       0.35808529034659325     
   1.7500000000000013       0.35833535311424441     
   1.7600000000000013       0.35859853026054211     
   1.7700000000000014       0.35888475442787993     
   1.7800000000000014       0.35920488192046635     
   1.7900000000000014       0.35957103181210270     
   1.8000000000000014       0.35999696048128765     
   1.8100000000000014       0.36049847068440549     
   1.8200000000000014       0.36109385157807145     
   1.8300000000000014       0.36180434106099413     
   1.8400000000000014       0.36265459381845916     
   1.8500000000000014       0.36367312683407410     
   1.8600000000000014       0.36489269827396303     
   1.8700000000000014       0.36635055530843030     
   1.8800000000000014       0.36808846223599878     
   1.8900000000000015       0.37015239441137399     
   1.9000000000000015       0.37259176061132210     
   1.9100000000000015       0.37545800454599132     
   1.9200000000000015       0.37880244671262453     
   1.9300000000000015       0.38267327451718691     
   1.9400000000000015       0.38711168415180608     
   1.9500000000000015       0.39214732702162930     
   1.9600000000000015       0.39779340551950038     
   1.9700000000000015       0.40404196415417365     
   1.9800000000000015       0.41086007747911407     
   1.9900000000000015       0.41818768274321744     
   2.0000000000000013       0.42593769547655219     
   2.0100000000000011       0.43399877386883462     
   2.0200000000000009       0.44224070721615683     
   2.0300000000000007       0.45052197747962819     
   2.0400000000000005       0.45869867373059492     
   2.0500000000000003       0.46663370353157851     
   2.0600000000000001       0.47420519049021576     
   2.0699999999999998       0.48131308703682485     
   2.0799999999999996       0.48788334162529490     
   2.0899999999999994       0.49386937539346776     
   2.0999999999999992       0.49925105040252610     
   2.1099999999999990       0.50403165331435662     
   2.1199999999999988       0.50823360906633441     
   2.1299999999999986       0.51189366378746892     
   2.1399999999999983       0.51505816734375098     
   2.1499999999999981       0.51777890227208356     
   2.1599999999999979       0.52010970725188899     
   2.1699999999999977       0.52210397292567101     
   2.1799999999999975       0.52381296680810463     
   2.1899999999999973       0.52528487443088923     
   2.1999999999999971       0.52656441666062748     
   2.2099999999999969       0.52769290506183109     
   2.2199999999999966       0.52870861569090333     
   2.2299999999999964       0.52964738716253346     
   2.2399999999999962       0.53054337493901749     
   2.2499999999999960       0.53142991706895748     
   2.2599999999999958       0.53234048549712110     
   2.2699999999999956       0.53330971115637915     
   2.2799999999999954       0.53437448039836632     
   2.2899999999999952       0.53557510503458616     
   2.2999999999999949       0.53695656822375026     
   2.3099999999999947       0.53856984312630718     
   2.3199999999999945       0.54047326962270503     
   2.3299999999999943       0.54273395490855947     
   2.3399999999999941       0.54542913447051999     
   2.3499999999999939       0.54864738873012919     
   2.3599999999999937       0.55248955596691918     
   2.3699999999999934       0.55706911413617632     
   2.3799999999999932       0.56251172657486948     
   2.3899999999999930       0.56895356920251128     
   2.3999999999999928       0.57653799875676370     
   2.4099999999999926       0.58541011362263051     
   2.4199999999999924       0.59570884307305849     
   2.4299999999999922       0.60755642440929902     
   2.4399999999999920       0.62104552677020985     
   2.4499999999999917       0.63622485383610372     
   2.4599999999999915       0.65308473474295303     
   2.4699999999999913       0.67154483378331253     
   2.4799999999999911       0.69144644293335933     
   2.4899999999999909       0.71255163345583961     
   2.4999999999999907       0.73455071334493505     
   2.5099999999999905       0.75707806250844656     
   2.5199999999999902       0.77973482743566358     
   2.5299999999999900       0.80211560634455670     
   2.5399999999999898       0.82383553383053820     
   2.5499999999999896       0.84455424611924734     
   2.5599999999999894       0.86399397838637881     
   2.5699999999999892       0.88195024115984511     
   2.5799999999999890       0.89829482081647061     
   2.5899999999999888       0.91297197496415161     
   2.5999999999999885       0.92598946742543553     
   2.6099999999999883       0.93740643738268092     
   2.6199999999999881       0.94732005105441364     
   2.6299999999999879       0.95585254586429091     
   2.6399999999999877       0.96313978646469756     
   2.6499999999999875       0.96932194253070758     
   2.6599999999999873       0.97453646559300100     
   2.6699999999999871       0.97891323328019464     
   2.6799999999999868       0.98257154904835731     
   2.6899999999999866       0.98561861212279067     
   2.6999999999999864       0.98814907374758176     
   2.7099999999999862       0.99024534061215874     
   2.7199999999999860       0.99197834992979650     
   2.7299999999999858       0.99340860673118525     
   2.7399999999999856       0.99458733335182581     
   2.7499999999999853       0.99555762990865104     
   2.7599999999999851       0.99635558212499487     
   2.7699999999999849       0.99701128026093810     
   2.7799999999999847       0.99754973193768948     
   2.7899999999999845       0.99799166421777719     
   2.7999999999999843       0.99835421813029612     
   2.8099999999999841       0.99865154331462380     
   2.8199999999999839       0.99889530267682980     
   2.8299999999999836       0.99909509770536697     
   2.8399999999999834       0.99925882494006257     
   2.8499999999999832       0.99939297341746347     
   2.8599999999999830       0.99950287198270682     
   2.8699999999999828       0.99959289432734011     
   2.8799999999999826       0.99966662858411903     
   2.8899999999999824       0.99972701734101876     
   2.8999999999999821       0.99977647305686956     
   2.9099999999999819       0.99981697308157291     
   2.9199999999999817       0.99985013780557253     
   2.9299999999999815       0.99987729488072430     
   2.9399999999999813       0.99989953195939962     
   2.9499999999999811       0.99991773998068589     
   2.9599999999999809       0.99993264868200171     
   2.9699999999999807       0.99994485572176572     
   2.9799999999999804       0.99995485055537936     
   2.9899999999999802       0.99996303400492748     
   2.9999999999999800       0.99996973429604641     
   3.0099999999999798       0.99997522019756591     
   3.0199999999999796       0.99997971178588085     
   3.0299999999999794       0.99998338926246599     
   3.0399999999999792       0.99998640017598339     
   3.0499999999999790       0.99998886533722176     
   3.0599999999999787       0.99999088366316025     
   3.0699999999999785       0.99999253614384054     
   3.0799999999999783       0.99999388909075759     
   3.0899999999999781       0.99999499679681914     
   3.0999999999999779       0.99999590371440517     
   3.1099999999999777       0.99999664623878459     
   3.1199999999999775       0.99999725416838148     
   3.1299999999999772       0.99999775190041396     
   3.1399999999999770       0.99999815940985803     
   3.1499999999999768       0.99999849305098987     
   3.1599999999999766       0.99999876621365980     
   3.1699999999999764       0.99999898986061553     
   3.1799999999999762       0.99999917296744267     
   3.1899999999999760       0.99999932288275806     
   3.1999999999999758       0.99999944562311971     
   3.2099999999999755       0.99999954611448583     
   3.2199999999999753       0.99999962838989487     
   3.2299999999999751       0.99999969575132730     
   3.2399999999999749       0.99999975090222093     
   3.2499999999999747       0.99999979605596445     
   3.2599999999999745       0.99999983302473106     
   3.2699999999999743       0.99999986329220203     
   3.2799999999999740       0.99999988807311435     
   3.2899999999999738       0.99999990836201214     
   3.2999999999999736       0.99999992497315848     
   3.3099999999999734       0.99999993857321501     
   3.3199999999999732       0.99999994970800077     
   3.3299999999999730       0.99999995882439252     
   3.3399999999999728       0.99999996628826326     
   3.3499999999999726       0.99999997239916394     
   3.3599999999999723       0.99999997740234658     
   3.3699999999999721       0.99999998149860592     
   3.3799999999999719       0.99999998485233976     
   3.3899999999999717       0.99999998759814424     
   3.3999999999999715       0.99999998984621952     
   3.4099999999999713       0.99999999168678755     
   3.4199999999999711       0.99999999319371757     
   3.4299999999999708       0.99999999442748699     
   3.4399999999999706       0.99999999543761231     
   3.4499999999999704       0.99999999626463265     
   3.4599999999999702       0.99999999694174024     
   3.4699999999999700       0.99999999749610879     
   3.4799999999999698       0.99999999794998684     
   3.4899999999999696       0.99999999832159159     
   3.4999999999999694       0.99999999862583522     
   3.5099999999999691       0.99999999887492852     
   3.5199999999999689       0.99999999907886972     
   3.5299999999999687       0.99999999924584260     
   3.5399999999999685       0.99999999938254780     
   3.5499999999999683       0.99999999949447305     
   3.5599999999999681       0.99999999958610919     
   3.5699999999999679       0.99999999966113517     
   3.5799999999999677       0.99999999972256082     
   3.5899999999999674       0.99999999977285214     
   3.5999999999999672       0.99999999981402676     
   3.6099999999999670       0.99999999984773791     
   3.6199999999999668       0.99999999987533872     
   3.6299999999999666       0.99999999989793575     
   3.6399999999999664       0.99999999991643684     
   3.6499999999999662       0.99999999993158417     
   3.6599999999999659       0.99999999994398592     
   3.6699999999999657       0.99999999995413968     
   3.6799999999999655       0.99999999996245303     
   3.6899999999999653       0.99999999996925915     
   3.6999999999999651       0.99999999997483113     
   3.7099999999999649       0.99999999997939371     
   3.7199999999999647       0.99999999998312905     
   3.7299999999999645       0.99999999998618738     
   3.7399999999999642       0.99999999998869116     
   3.7499999999999640       0.99999999999074085     
   3.7599999999999638       0.99999999999241951     
   3.7699999999999636       0.99999999999379352     
   3.7799999999999634       0.99999999999491851     
   3.7899999999999632       0.99999999999583977     
   3.7999999999999630       0.99999999999659395     
   3.8099999999999627       0.99999999999721112     
   3.8199999999999625       0.99999999999771660     
   3.8299999999999623       0.99999999999813050     
   3.8399999999999621       0.99999999999846967     
   3.8499999999999619       0.99999999999874678     
   3.8599999999999617       0.99999999999897415     
   3.8699999999999615       0.99999999999916001     
   3.8799999999999613       0.99999999999931266     
   3.8899999999999610       0.99999999999943701     
   3.8999999999999608       0.99999999999953892     
   3.9099999999999606       0.99999999999962264     
   3.9199999999999604       0.99999999999969125     
   3.9299999999999602       0.99999999999974698     
   3.9399999999999600       0.99999999999979294     
   3.9499999999999598       0.99999999999983014     
   3.9599999999999596       0.99999999999986100     
   3.9699999999999593       0.99999999999988631     
   3.9799999999999591       0.99999999999990685     
   3.9899999999999589       0.99999999999992384     
   3.9999999999999587       0.99999999999993794     
   4.0099999999999589       0.99999999999994882     
   4.0199999999999587       0.99999999999995803     
   4.0299999999999585       0.99999999999996592     
   4.0399999999999583       0.99999999999997191     
   4.0499999999999581       0.99999999999997702     
   4.0599999999999579       0.99999999999998102     
   4.0699999999999577       0.99999999999998479     
   4.0799999999999574       0.99999999999998757     
   4.0899999999999572       0.99999999999998979     
   4.0999999999999570       0.99999999999999145     
   4.1099999999999568       0.99999999999999301     
   4.1199999999999566       0.99999999999999456     
   4.1299999999999564       0.99999999999999545     
   4.1399999999999562       0.99999999999999600     
   4.1499999999999559       0.99999999999999689     
   4.1599999999999557       0.99999999999999734     
   4.1699999999999555       0.99999999999999789     
   4.1799999999999553       0.99999999999999822     
   4.1899999999999551       0.99999999999999856     
   4.1999999999999549       0.99999999999999900     
   4.2099999999999547       0.99999999999999933     
   4.2199999999999545       0.99999999999999944     
   4.2299999999999542       0.99999999999999944     
   4.2399999999999540       0.99999999999999967     
   4.2499999999999538       0.99999999999999967     
   4.2599999999999536       0.99999999999999978     
   4.2699999999999534       0.99999999999999978     
   4.2799999999999532       0.99999999999999978     
   4.2899999999999530       0.99999999999999978     
   4.2999999999999527       0.99999999999999978     
   4.3099999999999525       0.99999999999999978     
   4.3199999999999523       0.99999999999999978     
   4.3299999999999521       0.99999999999999978     
   4.3399999999999519        1.0000000000000000     
   4.3499999999999517        1.0000000000000000     
   4.3599999999999515        1.0000000000000000     
   4.3699999999999513        1.0000000000000000     
   4.3799999999999510        1.0000000000000000     
   4.3899999999999508        1.0000000000000000     
   4.3999999999999506        1.0000000000000000     
   4.4099999999999504        1.0000000000000000     
   4.4199999999999502        1.0000000000000000     
   4.4299999999999500        1.0000000000000000     
   4.4399999999999498        1.0000000000000000     
   4.4499999999999496        1.0000000000000000     
   4.4599999999999493        1.0000000000000000     
   4.4699999999999491        1.0000000000000000     
   4.4799999999999489        1.0000000000000000     
   4.4899999999999487        1.0000000000000000     
   4.4999999999999485        1.0000000000000000     
   4.5099999999999483        1.0000000000000000     
   4.5199999999999481        1.0000000000000000     
   4.5299999999999478        1.0000000000000000     
   4.5399999999999476        1.0000000000000000     
   4.5499999999999474        1.0000000000000000     
   4.5599999999999472        1.0000000000000000     
   4.5699999999999470        1.0000000000000000     
   4.5799999999999468        1.0000000000000000     
   4.5899999999999466        1.0000000000000000     
   4.5999999999999464        1.0000000000000000     
   4.6099999999999461        1.0000000000000000     
   4.6199999999999459        1.0000000000000000     
   4.6299999999999457        1.0000000000000000     
   4.6399999999999455        1.0000000000000000     
   4.6499999999999453        1.0000000000000000     
   4.6599999999999451        1.0000000000000000     
   4.6699999999999449        1.0000000000000000     
   4.6799999999999446        1.0000000000000000     
   4.6899999999999444        1.0000000000000000     
   4.6999999999999442        1.0000000000000000     
   4.7099999999999440        1.0000000000000000     
   4.7199999999999438        1.0000000000000000     
   4.7299999999999436        1.0000000000000000     
   4.7399999999999434        1.0000000000000000     
   4.7499999999999432        1.0000000000000000     
   4.7599999999999429        1.0000000000000000     
   4.7699999999999427        1.0000000000000000     
   4.7799999999999425        1.0000000000000000     
   4.7899999999999423        1.0000000000000000     
   4.7999999999999421        1.0000000000000000     
   4.8099999999999419        1.0000000000000000     
   4.8199999999999417        1.0000000000000000     
   4.8299999999999415        1.0000000000000000     
   4.8399999999999412        1.0000000000000000     
   4.8499999999999410        1.0000000000000000     
   4.8599999999999408        1.0000000000000000     
   4.8699999999999406        1.0000000000000000     
   4.8799999999999404        1.0000000000000000     
   4.8899999999999402        1.0000000000000000     
   4.8999999999999400        1.0000000000000000     
   4.9099999999999397        1.0000000000000000     
   4.9199999999999395        1.0000000000000000     
   4.9299999999999393        1.0000000000000000     
   4.9399999999999391        1.0000000000000000     
   4.9499999999999389        1.0000000000000000     
   4.9599999999999387        1.0000000000000000     
   4.9699999999999385        1.0000000000000000     
   4.9799999999999383        1.0000000000000000     
   4.9899999999999380        1.0000000000000000     
   4.9999999999999378        1.0000000000000000     
   5.0099999999999376        1.0000000000000000     
   5.0199999999999374        1.0000000000000000     
   5.0299999999999372        1.0000000000000000     
   5.0399999999999370        1.0000000000000000     
   5.0499999999999368        1.0000000000000000     
   5.0599999999999365        1.0000000000000000     
   5.0699999999999363        1.0000000000000000     
   5.0799999999999361        1.0000000000000000     
   5.0899999999999359        1.0000000000000000     
   5.0999999999999357        1.0000000000000000     
   5.1099999999999355        1.0000000000000000     
   5.1199999999999353        1.0000000000000000     
   5.1299999999999351        1.0000000000000000     
   5.1399999999999348        1.0000000000000000     
   5.1499999999999346        1.0000000000000000     
   5.1599999999999344        1.0000000000000000     
   5.1699999999999342        1.0000000000000000     
   5.1799999999999340        1.0000000000000000     
   5.1899999999999338        1.0000000000000000     
   5.1999999999999336        1.0000000000000000     
   5.2099999999999334        1.0000000000000000     
   5.2199999999999331        1.0000000000000000     
   5.2299999999999329        1.0000000000000000     
   5.2399999999999327        1.0000000000000000     
   5.2499999999999325        1.0000000000000000     
   5.2599999999999323        1.0000000000000000     
   5.2699999999999321        1.0000000000000000     
   5.2799999999999319        1.0000000000000000     
   5.2899999999999316        1.0000000000000000     
   5.2999999999999314        1.0000000000000000     
   5.3099999999999312        1.0000000000000000     
   5.3199999999999310        1.0000000000000000     
   5.3299999999999308        1.0000000000000000     
   5.3399999999999306        1.0000000000000000     
   5.3499999999999304        1.0000000000000000     
   5.3599999999999302        1.0000000000000000     
   5.3699999999999299        1.0000000000000000     
   5.3799999999999297        1.0000000000000000     
   5.3899999999999295        1.0000000000000000     
   5.3999999999999293        1.0000000000000000     
   5.4099999999999291        1.0000000000000000     
   5.4199999999999289        1.0000000000000000     
   5.4299999999999287        1.0000000000000000     
   5.4399999999999284        1.0000000000000000     
   5.4499999999999282        1.0000000000000000     
   5.4599999999999280        1.0000000000000000     
   5.4699999999999278        1.0000000000000000     
   5.4799999999999276        1.0000000000000000     
   5.4899999999999274        1.0000000000000000     
   5.4999999999999272        1.0000000000000000     
   5.5099999999999270        1.0000000000000000     
   5.5199999999999267        1.0000000000000000     
   5.5299999999999265        1.0000000000000000     
   5.5399999999999263        1.0000000000000000     
   5.5499999999999261        1.0000000000000000     
   5.5599999999999259        1.0000000000000000     
   5.5699999999999257        1.0000000000000000     
   5.5799999999999255        1.0000000000000000     
   5.5899999999999253        1.0000000000000000     
   5.5999999999999250        1.0000000000000000     
   5.6099999999999248        1.0000000000000000     
   5.6199999999999246        1.0000000000000000     
   5.6299999999999244        1.0000000000000000     
   5.6399999999999242        1.0000000000000000     
   5.6499999999999240        1.0000000000000000     
   5.6599999999999238        1.0000000000000000     
   5.6699999999999235        1.0000000000000000     
   5.6799999999999233        1.0000000000000000     
   5.6899999999999231        1.0000000000000000     
   5.6999999999999229        1.0000000000000000     
   5.7099999999999227        1.0000000000000000     
   5.7199999999999225        1.0000000000000000     
   5.7299999999999223        1.0000000000000000     
   5.7399999999999221        1.0000000000000000     
   5.7499999999999218        1.0000000000000000     
   5.7599999999999216        1.0000000000000000     
   5.7699999999999214        1.0000000000000000     
   5.7799999999999212        1.0000000000000000     
   5.7899999999999210        1.0000000000000000     
   5.7999999999999208        1.0000000000000000     
   5.8099999999999206        1.0000000000000000     
   5.8199999999999203        1.0000000000000000     
   5.8299999999999201        1.0000000000000000     
   5.8399999999999199        1.0000000000000000     
   5.8499999999999197        1.0000000000000000     
   5.8599999999999195        1.0000000000000000     
   5.8699999999999193        1.0000000000000000     
   5.8799999999999191        1.0000000000000000     
   5.8899999999999189        1.0000000000000000     
   5.8999999999999186        1.0000000000000000     
   5.9099999999999184        1.0000000000000000     
   5.9199999999999182        1.0000000000000000     
   5.9299999999999180        1.0000000000000000     
   5.9399999999999178        1.0000000000000000     
   5.9499999999999176        1.0000000000000000     
   5.9599999999999174        1.0000000000000000     
   5.9699999999999172        1.0000000000000000     
   5.9799999999999169        1.0000000000000000     
   5.9899999999999167        1.0000000000000000     
   5.9999999999999165        1.0000000000000000     
   6.0099999999999163        1.0000000000000000     
   6.0199999999999161        1.0000000000000000     
   6.0299999999999159        1.0000000000000000     
   6.0399999999999157        1.0000000000000000     
   6.0499999999999154        1.0000000000000000     
   6.0599999999999152        1.0000000000000000     
   6.0699999999999150        1.0000000000000000     
   6.0799999999999148        1.0000000000000000     
   6.0899999999999146        1.0000000000000000     
   6.0999999999999144        1.0000000000000000     
   6.1099999999999142        1.0000000000000000     
   6.1199999999999140        1.0000000000000000     
   6.1299999999999137        1.0000000000000000     
   6.1399999999999135        1.0000000000000000     
   6.1499999999999133        1.0000000000000000     
   6.1599999999999131        1.0000000000000000     
   6.1699999999999129        1.0000000000000000     
   6.1799999999999127        1.0000000000000000     
   6.1899999999999125        1.0000000000000000     
   6.1999999999999122        1.0000000000000000     
   6.2099999999999120        1.0000000000000000     
   6.2199999999999118        1.0000000000000000     
   6.2299999999999116        1.0000000000000000     
   6.2399999999999114        1.0000000000000000     
   6.2499999999999112        1.0000000000000000     
   6.2599999999999110        1.0000000000000000     
   6.2699999999999108        1.0000000000000000     
   6.2799999999999105        1.0000000000000000     
   6.2899999999999103        1.0000000000000000     
   6.2999999999999101        1.0000000000000000     
   6.3099999999999099        1.0000000000000000     
   6.3199999999999097        1.0000000000000000     
   6.3299999999999095        1.0000000000000000     
   6.3399999999999093        1.0000000000000000     
   6.3499999999999091        1.0000000000000000     
   6.3599999999999088        1.0000000000000000     
   6.3699999999999086        1.0000000000000000     
   6.3799999999999084        1.0000000000000000     
   6.3899999999999082        1.0000000000000000     
   6.3999999999999080        1.0000000000000000     
   6.4099999999999078        1.0000000000000000     
   6.4199999999999076        1.0000000000000000     
   6.4299999999999073        1.0000000000000000     
   6.4399999999999071        1.0000000000000000     
   6.4499999999999069        1.0000000000000000     
   6.4599999999999067        1.0000000000000000     
   6.4699999999999065        1.0000000000000000     
   6.4799999999999063        1.0000000000000000     
   6.4899999999999061        1.0000000000000000     
   6.4999999999999059        1.0000000000000000     
   6.5099999999999056        1.0000000000000000     
   6.5199999999999054        1.0000000000000000     
   6.5299999999999052        1.0000000000000000     
   6.5399999999999050        1.0000000000000000     
   6.5499999999999048        1.0000000000000000     
   6.5599999999999046        1.0000000000000000     
   6.5699999999999044        1.0000000000000000     
   6.5799999999999041        1.0000000000000000     
   6.5899999999999039        1.0000000000000000     
   6.5999999999999037        1.0000000000000000     
   6.6099999999999035        1.0000000000000000     
   6.6199999999999033        1.0000000000000000     
   6.6299999999999031        1.0000000000000000     
   6.6399999999999029        1.0000000000000000     
   6.6499999999999027        1.0000000000000000     
   6.6599999999999024        1.0000000000000000     
   6.6699999999999022        1.0000000000000000     
   6.6799999999999020        1.0000000000000000     
   6.6899999999999018        1.0000000000000000     
   6.6999999999999016        1.0000000000000000     
   6.7099999999999014        1.0000000000000000     
   6.7199999999999012        1.0000000000000000     
   6.7299999999999010        1.0000000000000000     
   6.7399999999999007        1.0000000000000000     
   6.7499999999999005        1.0000000000000000     
   6.7599999999999003        1.0000000000000000     
   6.7699999999999001        1.0000000000000000     
   6.7799999999998999        1.0000000000000000     
   6.7899999999998997        1.0000000000000000     
   6.7999999999998995        1.0000000000000000     
   6.8099999999998992        1.0000000000000000     
   6.8199999999998990        1.0000000000000000     
   6.8299999999998988        1.0000000000000000     
   6.8399999999998986        1.0000000000000000     
   6.8499999999998984        1.0000000000000000     
   6.8599999999998982        1.0000000000000000     
   6.8699999999998980        1.0000000000000000     
   6.8799999999998978        1.0000000000000000     
   6.8899999999998975        1.0000000000000000     
   6.8999999999998973        1.0000000000000000     
   6.9099999999998971        1.0000000000000000     
   6.9199999999998969        1.0000000000000000     
   6.9299999999998967        1.0000000000000000     
   6.9399999999998965        1.0000000000000000     
   6.9499999999998963        1.0000000000000000     
   6.9599999999998960        1.0000000000000000     
   6.9699999999998958        1.0000000000000000     
   6.9799999999998956        1.0000000000000000     
   6.9899999999998954        1.0000000000000000     
   6.9999999999998952        1.0000000000000000     
   7.0099999999998950        1.0000000000000000     
   7.0199999999998948        1.0000000000000000     
   7.0299999999998946        1.0000000000000000     
   7.0399999999998943        1.0000000000000000     
   7.0499999999998941        1.0000000000000000     
   7.0599999999998939        1.0000000000000000     
   7.0699999999998937        1.0000000000000000     
   7.0799999999998935        1.0000000000000000     
   7.0899999999998933        1.0000000000000000     
   7.0999999999998931        1.0000000000000000     
   7.1099999999998929        1.0000000000000000     
   7.1199999999998926        1.0000000000000000     
   7.1299999999998924        1.0000000000000000     
   7.1399999999998922        1.0000000000000000     
   7.1499999999998920        1.0000000000000000     
   7.1599999999998918        1.0000000000000000     
   7.1699999999998916        1.0000000000000000     
   7.1799999999998914        1.0000000000000000     
   7.1899999999998911        1.0000000000000000     
   7.1999999999998909        1.0000000000000000     
   7.2099999999998907        1.0000000000000000     
   7.2199999999998905        1.0000000000000000     
   7.2299999999998903        1.0000000000000000     
   7.2399999999998901        1.0000000000000000     
   7.2499999999998899        1.0000000000000000     
   7.2599999999998897        1.0000000000000000     
   7.2699999999998894        1.0000000000000000     
   7.2799999999998892        1.0000000000000000     
   7.2899999999998890        1.0000000000000000     
   7.2999999999998888        1.0000000000000000     
   7.3099999999998886        1.0000000000000000     
   7.3199999999998884        1.0000000000000000     
   7.3299999999998882        1.0000000000000000     
   7.3399999999998879        1.0000000000000000     
   7.3499999999998877        1.0000000000000000     
   7.3599999999998875        1.0000000000000000     
   7.3699999999998873        1.0000000000000000     
   7.3799999999998871        1.0000000000000000     
   7.3899999999998869        1.0000000000000000     
   7.3999999999998867        1.0000000000000000     
   7.4099999999998865        1.0000000000000000     
   7.4199999999998862        1.0000000000000000     
   7.4299999999998860        1.0000000000000000     
   7.4399999999998858        1.0000000000000000     
   7.4499999999998856        1.0000000000000000     
   7.4599999999998854        1.0000000000000000     
   7.4699999999998852        1.0000000000000000     
   7.4799999999998850        1.0000000000000000     
   7.4899999999998847        1.0000000000000000     
   7.4999999999998845        1.0000000000000000     
   7.5099999999998843        1.0000000000000000     
   7.5199999999998841        1.0000000000000000     
   7.5299999999998839        1.0000000000000000     
   7.5399999999998837        1.0000000000000000     
   7.5499999999998835        1.0000000000000000     
   7.5599999999998833        1.0000000000000000     
   7.5699999999998830        1.0000000000000000     
   7.5799999999998828        1.0000000000000000     
   7.5899999999998826        1.0000000000000000     
   7.5999999999998824        1.0000000000000000     
   7.6099999999998822        1.0000000000000000     
   7.6199999999998820        1.0000000000000000     
   7.6299999999998818        1.0000000000000000     
   7.6399999999998816        1.0000000000000000     
   7.6499999999998813        1.0000000000000000     
   7.6599999999998811        1.0000000000000000     
   7.6699999999998809        1.0000000000000000     
   7.6799999999998807        1.0000000000000000     
   7.6899999999998805        1.0000000000000000     
   7.6999999999998803        1.0000000000000000     
   7.7099999999998801        1.0000000000000000     
   7.7199999999998798        1.0000000000000000     
   7.7299999999998796        1.0000000000000000     
   7.7399999999998794        1.0000000000000000     
   7.7499999999998792        1.0000000000000000     
   7.7599999999998790        1.0000000000000000     
   7.7699999999998788        1.0000000000000000     
   7.7799999999998786        1.0000000000000000     
   7.7899999999998784        1.0000000000000000     
   7.7999999999998781        1.0000000000000000     
   7.8099999999998779        1.0000000000000000     
   7.8199999999998777        1.0000000000000000     
   7.8299999999998775        1.0000000000000000     
   7.8399999999998773        1.0000000000000000     
   7.8499999999998771        1.0000000000000000     
   7.8599999999998769        1.0000000000000000     
   7.8699999999998766        1.0000000000000000     
   7.8799999999998764        1.0000000000000000     
   7.8899999999998762        1.0000000000000000     
   7.8999999999998760        1.0000000000000000     
   7.9099999999998758        1.0000000000000000     
   7.9199999999998756        1.0000000000000000     
   7.9299999999998754        1.0000000000000000     
   7.9399999999998752        1.0000000000000000     
   7.9499999999998749        1.0000000000000000     
   7.9599999999998747        1.0000000000000000     
   7.9699999999998745        1.0000000000000000     
   7.9799999999998743        1.0000000000000000     
   7.9899999999998741        1.0000000000000000     
   7.9999999999998739        1.0000000000000000     
   8.0099999999998737        1.0000000000000000     
   8.0199999999998735        1.0000000000000000     
   8.0299999999998732        1.0000000000000000     
   8.0399999999998730        1.0000000000000000     
   8.0499999999998728        1.0000000000000000     
   8.0599999999998726        1.0000000000000000     
   8.0699999999998724        1.0000000000000000     
   8.0799999999998722        1.0000000000000000     
   8.0899999999998720        1.0000000000000000     
   8.0999999999998717        1.0000000000000000     
   8.1099999999998715        1.0000000000000000     
   8.1199999999998713        1.0000000000000000     
   8.1299999999998711        1.0000000000000000     
   8.1399999999998709        1.0000000000000000     
   8.1499999999998707        1.0000000000000000     
   8.1599999999998705        1.0000000000000000     
   8.1699999999998703        1.0000000000000000     
   8.1799999999998700        1.0000000000000000     
   8.1899999999998698        1.0000000000000000     
   8.1999999999998696        1.0000000000000000     
   8.2099999999998694        1.0000000000000000     
   8.2199999999998692        1.0000000000000000     
   8.2299999999998690        1.0000000000000000     
   8.2399999999998688        1.0000000000000000     
   8.2499999999998685        1.0000000000000000     
   8.2599999999998683        1.0000000000000000     
   8.2699999999998681        1.0000000000000000     
   8.2799999999998679        1.0000000000000000     
   8.2899999999998677        1.0000000000000000     
   8.2999999999998675        1.0000000000000000     
   8.3099999999998673        1.0000000000000000     
   8.3199999999998671        1.0000000000000000     
   8.3299999999998668        1.0000000000000000     
   8.3399999999998666        1.0000000000000000     
   8.3499999999998664        1.0000000000000000     
   8.3599999999998662        1.0000000000000000     
   8.3699999999998660        1.0000000000000000     
   8.3799999999998658        1.0000000000000000     
   8.3899999999998656        1.0000000000000000     
   8.3999999999998654        1.0000000000000000     
   8.4099999999998651        1.0000000000000000     
   8.4199999999998649        1.0000000000000000     
   8.4299999999998647        1.0000000000000000     
   8.4399999999998645        1.0000000000000000     
   8.4499999999998643        1.0000000000000000     
   8.4599999999998641        1.0000000000000000     
   8.4699999999998639        1.0000000000000000     
   8.4799999999998636        1.0000000000000000     
   8.4899999999998634        1.0000000000000000     
   8.4999999999998632        1.0000000000000000     
   8.5099999999998630        1.0000000000000000     
   8.5199999999998628        1.0000000000000000     
   8.5299999999998626        1.0000000000000000     
   8.5399999999998624        1.0000000000000000     
   8.5499999999998622        1.0000000000000000     
   8.5599999999998619        1.0000000000000000     
   8.5699999999998617        1.0000000000000000     
   8.5799999999998615        1.0000000000000000     
   8.5899999999998613        1.0000000000000000     
   8.5999999999998611        1.0000000000000000     
   8.6099999999998609        1.0000000000000000     
   8.6199999999998607        1.0000000000000000     
   8.6299999999998604        1.0000000000000000     
   8.6399999999998602        1.0000000000000000     
   8.6499999999998600        1.0000000000000000     
   8.6599999999998598        1.0000000000000000     
   8.6699999999998596        1.0000000000000000     
   8.6799999999998594        1.0000000000000000     
   8.6899999999998592        1.0000000000000000     
   8.6999999999998590        1.0000000000000000     
   8.7099999999998587        1.0000000000000000     
   8.7199999999998585        1.0000000000000000     
   8.7299999999998583        1.0000000000000000     
   8.7399999999998581        1.0000000000000000     
   8.7499999999998579        1.0000000000000000     
   8.7599999999998577        1.0000000000000000     
   8.7699999999998575        1.0000000000000000     
   8.7799999999998573        1.0000000000000000     
   8.7899999999998570        1.0000000000000000     
   8.7999999999998568        1.0000000000000000     
   8.8099999999998566        1.0000000000000000     
   8.8199999999998564        1.0000000000000000     
   8.8299999999998562        1.0000000000000000     
   8.8399999999998560        1.0000000000000000     
   8.8499999999998558        1.0000000000000000     
   8.8599999999998555        1.0000000000000000     
   8.8699999999998553        1.0000000000000000     
   8.8799999999998551        1.0000000000000000     
   8.8899999999998549        1.0000000000000000     
   8.8999999999998547        1.0000000000000000     
   8.9099999999998545        1.0000000000000000     
   8.9199999999998543        1.0000000000000000     
   8.9299999999998541        1.0000000000000000     
   8.9399999999998538        1.0000000000000000     
   8.9499999999998536        1.0000000000000000     
   8.9599999999998534        1.0000000000000000     
   8.9699999999998532        1.0000000000000000     
   8.9799999999998530        1.0000000000000000     
   8.9899999999998528        1.0000000000000000     
   8.9999999999998526        1.0000000000000000     
   9.0099999999998523        1.0000000000000000     
   9.0199999999998521        1.0000000000000000     
   9.0299999999998519        1.0000000000000000     
   9.0399999999998517        1.0000000000000000     
   9.0499999999998515        1.0000000000000000     
   9.0599999999998513        1.0000000000000000     
   9.0699999999998511        1.0000000000000000     
   9.0799999999998509        1.0000000000000000     
   9.0899999999998506        1.0000000000000000     
   9.0999999999998504        1.0000000000000000     
   9.1099999999998502        1.0000000000000000     
   9.1199999999998500        1.0000000000000000     
   9.1299999999998498        1.0000000000000000     
   9.1399999999998496        1.0000000000000000     
   9.1499999999998494        1.0000000000000000     
   9.1599999999998492        1.0000000000000000     
   9.1699999999998489        1.0000000000000000     
   9.1799999999998487        1.0000000000000000     
   9.1899999999998485        1.0000000000000000     
   9.1999999999998483        1.0000000000000000     
   9.2099999999998481        1.0000000000000000     
   9.2199999999998479        1.0000000000000000     
   9.2299999999998477        1.0000000000000000     
   9.2399999999998474        1.0000000000000000     
   9.2499999999998472        1.0000000000000000     
   9.2599999999998470        1.0000000000000000     
   9.2699999999998468        1.0000000000000000     
   9.2799999999998466        1.0000000000000000     
   9.2899999999998464        1.0000000000000000     
   9.2999999999998462        1.0000000000000000     
   9.3099999999998460        1.0000000000000000     
   9.3199999999998457        1.0000000000000000     
   9.3299999999998455        1.0000000000000000     
   9.3399999999998453        1.0000000000000000     
   9.3499999999998451        1.0000000000000000     
   9.3599999999998449        1.0000000000000000     
   9.3699999999998447        1.0000000000000000     
   9.3799999999998445        1.0000000000000000     
   9.3899999999998442        1.0000000000000000     
   9.3999999999998440        1.0000000000000000     
   9.4099999999998438        1.0000000000000000     
   9.4199999999998436        1.0000000000000000     
   9.4299999999998434        1.0000000000000000     
   9.4399999999998432        1.0000000000000000     
   9.4499999999998430        1.0000000000000000     
   9.4599999999998428        1.0000000000000000     
   9.4699999999998425        1.0000000000000000     
   9.4799999999998423        1.0000000000000000     
   9.4899999999998421        1.0000000000000000     
   9.4999999999998419        1.0000000000000000     
   9.5099999999998417        1.0000000000000000     
   9.5199999999998415        1.0000000000000000     
   9.5299999999998413        1.0000000000000000     
   9.5399999999998411        1.0000000000000000     
   9.5499999999998408        1.0000000000000000     
   9.5599999999998406        1.0000000000000000     
   9.5699999999998404        1.0000000000000000     
   9.5799999999998402        1.0000000000000000     
   9.5899999999998400        1.0000000000000000     
   9.5999999999998398        1.0000000000000000     
   9.6099999999998396        1.0000000000000000     
   9.6199999999998393        1.0000000000000000     
   9.6299999999998391        1.0000000000000000     
   9.6399999999998389        1.0000000000000000     
   9.6499999999998387        1.0000000000000000     
   9.6599999999998385        1.0000000000000000     
   9.6699999999998383        1.0000000000000000     
   9.6799999999998381        1.0000000000000000     
   9.6899999999998379        1.0000000000000000     
   9.6999999999998376        1.0000000000000000     
   9.7099999999998374        1.0000000000000000     
   9.7199999999998372        1.0000000000000000     
   9.7299999999998370        1.0000000000000000     
   9.7399999999998368        1.0000000000000000     
   9.7499999999998366        1.0000000000000000     
   9.7599999999998364        1.0000000000000000     
   9.7699999999998361        1.0000000000000000     
   9.7799999999998359        1.0000000000000000     
   9.7899999999998357        1.0000000000000000     
   9.7999999999998355        1.0000000000000000     
   9.8099999999998353        1.0000000000000000     
   9.8199999999998351        1.0000000000000000     
   9.8299999999998349        1.0000000000000000     
   9.8399999999998347        1.0000000000000000     
   9.8499999999998344        1.0000000000000000     
   9.8599999999998342        1.0000000000000000     
   9.8699999999998340        1.0000000000000000     
   9.8799999999998338        1.0000000000000000     
   9.8899999999998336        1.0000000000000000     
   9.8999999999998334        1.0000000000000000     
   9.9099999999998332        1.0000000000000000     
   9.9199999999998330        1.0000000000000000     
   9.9299999999998327        1.0000000000000000     
   9.9399999999998325        1.0000000000000000     
   9.9499999999998323        1.0000000000000000     
   9.9599999999998321        1.0000000000000000     
   9.9699999999998319        1.0000000000000000     
   9.9799999999998317        1.0000000000000000     
   9.9899999999998315        1.0000000000000000     
   9.9999999999998312        1.0000000000000000     
