   0.0000000000000000        1.2335811384723961E-017
   1.0000000000000000E-002   8.0389713206346827E-003
   2.0000000000000000E-002   1.6049198634406243E-002
   2.9999999999999999E-002   2.4002482844340603E-002
   4.0000000000000001E-002   3.1871698367313316E-002
   5.0000000000000003E-002   3.9631289928657221E-002
   6.0000000000000005E-002   4.7257723586100309E-002
   7.0000000000000007E-002   5.4729880185440519E-002
   8.0000000000000002E-002   6.2029382076693139E-002
   8.9999999999999997E-002   6.9140846825727714E-002
   9.9999999999999992E-002   7.6052064654167001E-002
  0.10999999999999999        8.2754099250859442E-002
  0.11999999999999998        8.9241314264773636E-002
  0.12999999999999998        9.5511330084945986E-002
  0.13999999999999999       0.10156491734626989     
  0.14999999999999999       0.10740583491531680     
  0.16000000000000000       0.11304062088981746     
  0.17000000000000001       0.11847834540564781     
  0.18000000000000002       0.12373033383466515     
  0.19000000000000003       0.12880986835068509     
  0.20000000000000004       0.13373187493486433     
  0.21000000000000005       0.13851260179420929     
  0.22000000000000006       0.14316929399146905     
  0.23000000000000007       0.14771986794221184     
  0.24000000000000007       0.15218258842684007     
  0.25000000000000006       0.15657574997754944     
  0.26000000000000006       0.16091736399853360     
  0.27000000000000007       0.16522485280386431     
  0.28000000000000008       0.16951475192652368     
  0.29000000000000009       0.17380242255011058     
  0.30000000000000010       0.17810177669747415     
  0.31000000000000011       0.18242501880278839     
  0.32000000000000012       0.18678240839063412     
  0.33000000000000013       0.19118204965701066     
  0.34000000000000014       0.19562971464381623     
  0.35000000000000014       0.20012870726387852     
  0.36000000000000015       0.20467977551971275     
  0.37000000000000016       0.20928107874394392     
  0.38000000000000017       0.21392821549700491     
  0.39000000000000018       0.21861431587672969     
  0.40000000000000019       0.22333019949007782     
  0.41000000000000020       0.22806459735543913     
  0.42000000000000021       0.23280443276389903     
  0.43000000000000022       0.23753515290194002     
  0.44000000000000022       0.24224110012168637     
  0.45000000000000023       0.24690590941941240     
  0.46000000000000024       0.25151291717878738     
  0.47000000000000025       0.25604556569987741     
  0.48000000000000026       0.26048778851403326     
  0.49000000000000027       0.26482436291830702     
  0.50000000000000022       0.26904121839646722     
  0.51000000000000023       0.27312569240268947     
  0.52000000000000024       0.27706672810668342     
  0.53000000000000025       0.28085501186987960     
  0.54000000000000026       0.28448305120223977     
  0.55000000000000027       0.28794519654765621     
  0.56000000000000028       0.29123761233278739     
  0.57000000000000028       0.29435820422270842     
  0.58000000000000029       0.29730651044798728     
  0.59000000000000030       0.30008356543984910     
  0.60000000000000031       0.30269174390515646     
  0.61000000000000032       0.30513459298349399     
  0.62000000000000033       0.30741665935550522     
  0.63000000000000034       0.30954331721386352     
  0.64000000000000035       0.31152060195607761     
  0.65000000000000036       0.31335505338832587     
  0.66000000000000036       0.31505357120245103     
  0.67000000000000037       0.31662328454841820     
  0.68000000000000038       0.31807143670084315     
  0.69000000000000039       0.31940528512582844     
  0.70000000000000040       0.32063201669732705     
  0.71000000000000041       0.32175867738591241     
  0.72000000000000042       0.32279211543642683     
  0.73000000000000043       0.32373893684990490     
  0.74000000000000044       0.32460547187293481     
  0.75000000000000044       0.32539775115739028     
  0.76000000000000045       0.32612149026908877     
  0.77000000000000046       0.32678208128080632     
  0.78000000000000047       0.32738459027047284     
  0.79000000000000048       0.32793375964863747     
  0.80000000000000049       0.32843401435188452     
  0.81000000000000050       0.32888947105415206     
  0.82000000000000051       0.32930394966093823     
  0.83000000000000052       0.32968098645872129     
  0.84000000000000052       0.33002384839131998     
  0.85000000000000053       0.33033554802508042     
  0.86000000000000054       0.33061885884512832     
  0.87000000000000055       0.33087633059545951     
  0.88000000000000056       0.33111030443669137     
  0.89000000000000057       0.33132292774749778     
  0.90000000000000058       0.33151616843983345     
  0.91000000000000059       0.33169182869485264     
  0.92000000000000060       0.33185155805680583     
  0.93000000000000060       0.33199686584696192     
  0.94000000000000061       0.33212913287953855     
  0.95000000000000062       0.33224962247745216     
  0.96000000000000063       0.33235949079806615     
  0.97000000000000064       0.33245979648858243     
  0.98000000000000065       0.33255150969781766     
  0.99000000000000066       0.33263552047623118     
   1.0000000000000007       0.33271264659963623     
   1.0100000000000007       0.33278364085430884     
   1.0200000000000007       0.33284919782249922     
   1.0300000000000007       0.33290996020786240     
   1.0400000000000007       0.33296652474022337     
   1.0500000000000007       0.33301944769854569     
   1.0600000000000007       0.33306925009008176     
   1.0700000000000007       0.33311642252253659     
   1.0800000000000007       0.33316142980476127     
   1.0900000000000007       0.33320471531002926     
   1.1000000000000008       0.33324670513439292     
   1.1100000000000008       0.33328781208097130     
   1.1200000000000008       0.33332843949928770     
   1.1300000000000008       0.33336898500694734     
   1.1400000000000008       0.33340984411899499     
   1.1500000000000008       0.33345141380817578     
   1.1600000000000008       0.33349409601700564     
   1.1700000000000008       0.33353830113994881     
   1.1800000000000008       0.33358445149105470     
   1.1900000000000008       0.33363298476899883     
   1.2000000000000008       0.33368435752752656     
   1.2100000000000009       0.33373904865466669     
   1.2200000000000009       0.33379756285865209     
   1.2300000000000009       0.33386043415210065     
   1.2400000000000009       0.33392822931851190     
   1.2500000000000009       0.33400155133639187     
   1.2600000000000009       0.33408104272614592     
   1.2700000000000009       0.33416738877317442     
   1.2800000000000009       0.33426132056725705     
   1.2900000000000009       0.33436361778326762     
   1.3000000000000009       0.33447511111157741     
   1.3100000000000009       0.33459668422832767     
   1.3200000000000010       0.33472927517640327     
   1.3300000000000010       0.33487387700794713     
   1.3400000000000010       0.33503153751942333     
   1.3500000000000010       0.33520335789169020     
   1.3600000000000010       0.33539049003178950     
   1.3700000000000010       0.33559413240216440     
   1.3800000000000010       0.33581552411919580     
   1.3900000000000010       0.33605593710918702     
   1.4000000000000010       0.33631666612953104     
   1.4100000000000010       0.33659901649934509     
   1.4200000000000010       0.33690428944098177     
   1.4300000000000010       0.33723376501488328     
   1.4400000000000011       0.33758868273780651     
   1.4500000000000011       0.33797022010976574     
   1.4600000000000011       0.33837946943726632     
   1.4700000000000011       0.33881741352591555     
   1.4800000000000011       0.33928490101718423     
   1.4900000000000011       0.33978262235079598     
   1.5000000000000011       0.34031108753069228     
   1.5100000000000011       0.34087060703967764     
   1.5200000000000011       0.34146127736394966     
   1.5300000000000011       0.34208297263117382     
   1.5400000000000011       0.34273534381373644     
   1.5500000000000012       0.34341782678644056     
   1.5600000000000012       0.34412966024756436     
   1.5700000000000012       0.34486991411750423     
   1.5800000000000012       0.34563752853690061     
   1.5900000000000012       0.34643136302635646     
   1.6000000000000012       0.34725025478431060     
   1.6100000000000012       0.34809308453773202     
   1.6200000000000012       0.34895884787330816     
   1.6300000000000012       0.34984672961119556     
   1.6400000000000012       0.35075617857423236     
   1.6500000000000012       0.35168698007123189     
   1.6600000000000013       0.35263932355249877     
   1.6700000000000013       0.35361386318860810     
   1.6800000000000013       0.35461176953286627     
   1.6900000000000013       0.35563477090595075     
   1.7000000000000013       0.35668518363588325     
   1.7100000000000013       0.35776593074823687     
   1.7200000000000013       0.35888054908926070     
   1.7300000000000013       0.36003318514997118     
   1.7400000000000013       0.36122858002820796     
   1.7500000000000013       0.36247204401876620     
   1.7600000000000013       0.36376942127217488     
   1.7700000000000014       0.36512704483382091     
   1.7800000000000014       0.36655168219696938     
   1.7900000000000014       0.36805047130955226     
   1.8000000000000014       0.36963084680013159     
   1.8100000000000014       0.37130045606654938     
   1.8200000000000014       0.37306706483175350     
   1.8300000000000014       0.37493845184074509     
   1.8400000000000014       0.37692229257011695     
   1.8500000000000014       0.37902603215921271     
   1.8600000000000014       0.38125674825235112     
   1.8700000000000014       0.38362100505666430     
   1.8800000000000014       0.38612470064927135     
   1.8900000000000015       0.38877291037647599     
   1.9000000000000015       0.39156973002853140     
   1.9100000000000015       0.39451812328584784     
   1.9200000000000015       0.39761977864673115     
   1.9300000000000015       0.40087498158901497     
   1.9400000000000015       0.40428250801712706     
   1.9500000000000015       0.40783954504166348     
   1.9600000000000015       0.41154164478846755     
   1.9700000000000015       0.41538271622190726     
   1.9800000000000015       0.41935505890536628     
   1.9900000000000015       0.42344944125395817     
   2.0000000000000013       0.42765522422996205     
   2.0100000000000011       0.43196052968056997     
   2.0200000000000009       0.43635245072154349     
   2.0300000000000007       0.44081729983252144     
   2.0400000000000005       0.44534088874672839     
   2.0500000000000003       0.44990883287394090     
   2.0600000000000001       0.45450687195903661     
   2.0699999999999998       0.45912119800020407     
   2.0799999999999996       0.46373878116417172     
   2.0899999999999994       0.46834768455565390     
   2.0999999999999992       0.47293735922031865     
   2.1099999999999990       0.47749891165932090     
   2.1199999999999988       0.48202533736033432     
   2.1299999999999986       0.48651171533342397     
   2.1399999999999983       0.49095536028773823     
   2.1499999999999981       0.49535593078948259     
   2.1599999999999979       0.49971549338905508     
   2.1699999999999977       0.50403854418544891     
   2.1799999999999975       0.50833199051333200     
   2.1899999999999973       0.51260509632036400     
   2.1999999999999971       0.51686939530681142     
   2.2099999999999969       0.52113857601630653     
   2.2199999999999966       0.52542834281694850     
   2.2299999999999964       0.52975625614461219     
   2.2399999999999962       0.53414155456525503     
   2.2499999999999960       0.53860496023470950     
   2.2599999999999958       0.54316846828505261     
   2.2699999999999956       0.54785511964044986     
   2.2799999999999954       0.55268875585429489     
   2.2899999999999952       0.55769375385015296     
   2.2999999999999949       0.56289473802060497     
   2.3099999999999947       0.56831626706050931     
   2.3199999999999945       0.57398249324306483     
   2.3299999999999943       0.57991679263240881     
   2.3399999999999941       0.58614136599046274     
   2.3499999999999939       0.59267681187829324     
   2.3599999999999937       0.59954167564108574     
   2.3699999999999934       0.60675198052864987     
   2.3799999999999932       0.61432075002161013     
   2.3899999999999930       0.62225753333852962     
   2.3999999999999928       0.63056794887439516     
   2.4099999999999926       0.63925326270971639     
   2.4199999999999924       0.64831002105311986     
   2.4299999999999922       0.65772975626320851     
   2.4399999999999920       0.66749878569831445     
   2.4499999999999917       0.67759812089883076     
   2.4599999999999915       0.68800350145619715     
   2.4699999999999913       0.69868556343823562     
   2.4799999999999911       0.70961014663878474     
   2.4899999999999909       0.72073873855173798     
   2.4999999999999907       0.73202904629176668     
   2.5099999999999905       0.74343568120924219     
   2.5199999999999902       0.75491093518598984     
   2.5299999999999900       0.76640562299953852     
   2.5399999999999898       0.77786996204093506     
   2.5499999999999896       0.78925445925249937     
   2.5599999999999894       0.80051077544762661     
   2.5699999999999892       0.81159253906972628     
   2.5799999999999890       0.82245608471013976     
   2.5899999999999888       0.83306109602556877     
   2.5999999999999885       0.84337113772610484     
   2.6099999999999883       0.85335406669368086     
   2.6199999999999881       0.86298231770853095     
   2.6299999999999879       0.87223306441891901     
   2.6399999999999877       0.88108826084734948     
   2.6499999999999875       0.88953457269983549     
   2.6599999999999873       0.89756321090496938     
   2.6699999999999871       0.90516968208485593     
   2.6799999999999868       0.91235347203374828     
   2.6899999999999866       0.91911767878765105     
   2.6999999999999864       0.92546861158947080     
   2.7099999999999862       0.93141537110621453     
   2.7199999999999860       0.93696942477857470     
   2.7299999999999858       0.94214418933279687     
   2.7399999999999856       0.94695463041334516     
   2.7499999999999853       0.95141688714508910     
   2.7599999999999851       0.95554792732800253     
   2.7699999999999849       0.95936523700358090     
   2.7799999999999847       0.96288654638052051     
   2.7899999999999845       0.96612959261135878     
   2.7999999999999843       0.96911191869100222     
   2.8099999999999841       0.97185070680180341     
   2.8199999999999839       0.97436264374189463     
   2.8299999999999836       0.97666381561737092     
   2.8399999999999834       0.97876962872167739     
   2.8499999999999832       0.98069475343206591     
   2.8599999999999830       0.98245308798817355     
   2.8699999999999828       0.98405773914921879     
   2.8799999999999826       0.98552101692519900     
   2.8899999999999824       0.98685444081920626     
   2.8999999999999821       0.98806875528273608     
   2.9099999999999819       0.98917395235784988     
   2.9199999999999817       0.99017929974759056     
   2.9299999999999815       0.99109337281081011     
   2.9399999999999813       0.99192408921397379     
   2.9499999999999811       0.99267874518734922     
   2.9599999999999809       0.99336405252483029     
   2.9699999999999807       0.99398617563516034     
   2.9799999999999804       0.99455076809844678     
   2.9899999999999802       0.99506300830679251     
   2.9999999999999800       0.99552763387349563     
   3.0099999999999798       0.99594897458340104     
   3.0199999999999796       0.99633098372972928     
   3.0299999999999794       0.99667726774195775     
   3.0399999999999792       0.99699111405691521     
   3.0499999999999790       0.99727551722295849     
   3.0599999999999787       0.99753320325641281     
   3.0699999999999785       0.99776665229174522     
   3.0799999999999783       0.99797811958350102     
   3.0899999999999781       0.99816965492975229     
   3.0999999999999779       0.99834312059478048     
   3.1099999999999777       0.99850020781350557     
   3.1199999999999775       0.99864245196258117     
   3.1299999999999772       0.99877124648355342     
   3.1399999999999770       0.99888785564247817     
   3.1499999999999768       0.99899342620830167     
   3.1599999999999766       0.99908899812943042     
   3.1699999999999764       0.99917551428442541     
   3.1799999999999762       0.99925382937894702     
   3.1899999999999760       0.99932471805700873     
   3.1999999999999758       0.99938888229045308     
   3.2099999999999755       0.99944695810639772     
   3.2199999999999753       0.99949952170828738     
   3.2299999999999751       0.99954709504221928     
   3.2399999999999749       0.99959015085634861     
   3.2499999999999747       0.99962911729752835     
   3.2599999999999745       0.99966438208586850     
   3.2699999999999743       0.99969629630461865     
   3.2799999999999740       0.99972517783971659     
   3.2899999999999738       0.99975131450048949     
   3.2999999999999736       0.99977496685031675     
   3.3099999999999734       0.99979637077361327     
   3.3199999999999732       0.99981573980319371     
   3.3299999999999730       0.99983326722998123     
   3.3399999999999728       0.99984912801508430     
   3.3499999999999726       0.99986348052247731     
   3.3599999999999723       0.99987646808890784     
   3.3699999999999721       0.99988822044611880     
   3.3799999999999719       0.99989885500914932     
   3.3899999999999717       0.99990847804319005     
   3.3999999999999715       0.99991718572034294     
   3.4099999999999713       0.99992506507659640     
   3.4199999999999711       0.99993219487836760     
   3.4299999999999708       0.99993864640709962     
   3.4399999999999706       0.99994448416962656     
   3.4499999999999704       0.99994976654127843     
   3.4599999999999702       0.99995454634808401     
   3.4699999999999700       0.99995887139379414     
   3.4799999999999698       0.99996278493694857     
   3.4899999999999696       0.99996632612270120     
   3.4999999999999694       0.99996953037367642     
   3.5099999999999691       0.99997242974374467     
   3.5199999999999689       0.99997505323820302     
   3.5299999999999687       0.99997742710357573     
   3.5399999999999685       0.99997957508987789     
   3.5499999999999683       0.99998151868797913     
   3.5599999999999681       0.99998327734441450     
   3.5699999999999679       0.99998486865578240     
   3.5799999999999677       0.99998630854467618     
   3.5899999999999674       0.99998761141888703     
   3.5999999999999672       0.99998879031547949     
   3.6099999999999670       0.99998985703116905     
   3.6199999999999668       0.99999082224030311     
   3.6299999999999666       0.99999169560162582     
   3.6399999999999664       0.99999248585489120     
   3.6499999999999662       0.99999320090828381     
   3.6599999999999659       0.99999384791753543     
   3.6699999999999657       0.99999443335750493     
   3.6799999999999655       0.99999496308696123     
   3.6899999999999653       0.99999544240719329     
   3.6999999999999651       0.99999587611505658     
   3.7099999999999649       0.99999626855096446     
   3.7199999999999647       0.99999662364231556     
   3.7299999999999645       0.99999694494279578     
   3.7399999999999642       0.99999723566793453     
   3.7499999999999640       0.99999749872728005     
   3.7599999999999638       0.99999773675351400     
   3.7699999999999636       0.99999795212879916     
   3.7799999999999634       0.99999814700861456     
   3.7899999999999632       0.99999832334332617     
   3.7999999999999630       0.99999848289770432     
   3.8099999999999627       0.99999862726858468     
   3.8199999999999625       0.99999875790084780     
   3.8299999999999623       0.99999887610188054     
   3.8399999999999621       0.99999898305465762     
   3.8499999999999619       0.99999907982958114     
   3.8599999999999617       0.99999916739519346     
   3.8699999999999615       0.99999924662786865     
   3.8799999999999613       0.99999931832058475     
   3.8899999999999610       0.99999938319085846     
   3.8999999999999608       0.99999944188792766     
   3.9099999999999606       0.99999949499924745     
   3.9199999999999604       0.99999954305636818     
   3.9299999999999602       0.99999958654025933     
   3.9399999999999600       0.99999962588611946     
   3.9499999999999598       0.99999966148773234     
   3.9599999999999596       0.99999969370140906     
   3.9699999999999593       0.99999972284955407     
   3.9799999999999591       0.99999974922388968     
   3.9899999999999589       0.99999977308837862     
   3.9999999999999587       0.99999979468186262     
   4.0099999999999589       0.99999981422045803     
   4.0199999999999587       0.99999983189971164     
   4.0299999999999585       0.99999984789656315     
   4.0399999999999583       0.99999986237111393     
   4.0499999999999581       0.99999987546823021     
   4.0599999999999579       0.99999988731899137     
   4.0699999999999577       0.99999989804200451     
   4.0799999999999574       0.99999990774458847     
   4.0899999999999572       0.99999991652384990     
   4.0999999999999570       0.99999992446765473     
   4.1099999999999568       0.99999993165550605     
   4.1199999999999566       0.99999993815934340     
   4.1299999999999564       0.99999994404425885     
   4.1399999999999562       0.99999994936915115     
   4.1499999999999559       0.99999995418731347     
   4.1599999999999557       0.99999995854696622     
   4.1699999999999555       0.99999996249174361     
   4.1799999999999553       0.99999996606112607     
   4.1899999999999551       0.99999996929083612     
   4.1999999999999549       0.99999997221319947     
   4.2099999999999547       0.99999997485746317     
   4.2199999999999545       0.99999997725009149     
   4.2299999999999542       0.99999997941503127     
   4.2399999999999540       0.99999998137395030     
   4.2499999999999538       0.99999998314645333     
   4.2599999999999536       0.99999998475028007     
   4.2699999999999534       0.99999998620148256     
   4.2799999999999532       0.99999998751458519     
   4.2899999999999530       0.99999998870272999     
   4.2999999999999527       0.99999998977780691     
   4.3099999999999525       0.99999999075057733     
   4.3199999999999523       0.99999999163077602     
   4.3299999999999521       0.99999999242721294     
   4.3399999999999519       0.99999999314785915     
   4.3499999999999517       0.99999999379992588     
   4.3599999999999515       0.99999999438994125     
   4.3699999999999513       0.99999999492380920     
   4.3799999999999510       0.99999999540687246     
   4.3899999999999508       0.99999999584396637     
   4.3999999999999506       0.99999999623946501     
   4.4099999999999504       0.99999999659732730     
   4.4199999999999502       0.99999999692113462     
   4.4299999999999500       0.99999999721412725     
   4.4399999999999498       0.99999999747923840     
   4.4499999999999496       0.99999999771912029     
   4.4599999999999493       0.99999999793617478     
   4.4699999999999491       0.99999999813257356     
   4.4799999999999489       0.99999999831028230     
   4.4899999999999487       0.99999999847108045     
   4.4999999999999485       0.99999999861657640     
   4.5099999999999483       0.99999999874822709     
   4.5199999999999481       0.99999999886734858     
   4.5299999999999478       0.99999999897513514     
   4.5399999999999476       0.99999999907266368     
   4.5499999999999474       0.99999999916091153     
   4.5599999999999472       0.99999999924076111     
   4.5699999999999470       0.99999999931301242     
   4.5799999999999468       0.99999999937838790     
   4.5899999999999466       0.99999999943754225     
   4.5999999999999464       0.99999999949106688     
   4.6099999999999461       0.99999999953949814     
   4.6199999999999459       0.99999999958332053     
   4.6299999999999457       0.99999999962297270     
   4.6399999999999455       0.99999999965885178     
   4.6499999999999453       0.99999999969131659     
   4.6599999999999451       0.99999999972069131     
   4.6699999999999449       0.99999999974727138     
   4.6799999999999446       0.99999999977132159     
   4.6899999999999444       0.99999999979308329     
   4.6999999999999442       0.99999999981277377     
   4.7099999999999440       0.99999999983059062     
   4.7199999999999438       0.99999999984671195     
   4.7299999999999436       0.99999999986129928     
   4.7399999999999434       0.99999999987449850     
   4.7499999999999432       0.99999999988644162     
   4.7599999999999429       0.99999999989724830     
   4.7699999999999427       0.99999999990702615     
   4.7799999999999425       0.99999999991587418     
   4.7899999999999423       0.99999999992387978     
   4.7999999999999421       0.99999999993112298     
   4.8099999999999419       0.99999999993767785     
   4.8199999999999417       0.99999999994360855     
   4.8299999999999415       0.99999999994897493     
   4.8399999999999412       0.99999999995383082     
   4.8499999999999410       0.99999999995822375     
   4.8599999999999408       0.99999999996219979     
   4.8699999999999406       0.99999999996579680     
   4.8799999999999404       0.99999999996905187     
   4.8899999999999402       0.99999999997199684     
   4.8999999999999400       0.99999999997466149     
   4.9099999999999397       0.99999999997707267     
   4.9199999999999395       0.99999999997925459     
   4.9299999999999393       0.99999999998122868     
   4.9399999999999391       0.99999999998301559     
   4.9499999999999389       0.99999999998463118     
   4.9599999999999387       0.99999999998609423     
   4.9699999999999385       0.99999999998741729     
   4.9799999999999383       0.99999999998861500     
   4.9899999999999380       0.99999999998969813     
   4.9999999999999378       0.99999999999067857     
   5.0099999999999376       0.99999999999156564     
   5.0199999999999374       0.99999999999236844     
   5.0299999999999372       0.99999999999309441     
   5.0399999999999370       0.99999999999375166     
   5.0499999999999368       0.99999999999434641     
   5.0599999999999365       0.99999999999488443     
   5.0699999999999363       0.99999999999537126     
   5.0799999999999361       0.99999999999581168     
   5.0899999999999359       0.99999999999621048     
   5.0999999999999357       0.99999999999657097     
   5.1099999999999355       0.99999999999689715     
   5.1199999999999353       0.99999999999719236     
   5.1299999999999351       0.99999999999745903     
   5.1399999999999348       0.99999999999770117     
   5.1499999999999346       0.99999999999792000     
   5.1599999999999344       0.99999999999811773     
   5.1699999999999342       0.99999999999829658     
   5.1799999999999340       0.99999999999845912     
   5.1899999999999338       0.99999999999860578     
   5.1999999999999336       0.99999999999873823     
   5.2099999999999334       0.99999999999885869     
   5.2199999999999331       0.99999999999896705     
   5.2299999999999329       0.99999999999906541     
   5.2399999999999327       0.99999999999915468     
   5.2499999999999325       0.99999999999923495     
   5.2599999999999323       0.99999999999930789     
   5.2699999999999321       0.99999999999937383     
   5.2799999999999319       0.99999999999943312     
   5.2899999999999316       0.99999999999948741     
   5.2999999999999314       0.99999999999953582     
   5.3099999999999312       0.99999999999958000     
   5.3199999999999310       0.99999999999961997     
   5.3299999999999308       0.99999999999965616     
   5.3399999999999306       0.99999999999968914     
   5.3499999999999304       0.99999999999971845     
   5.3599999999999302       0.99999999999974509     
   5.3699999999999299       0.99999999999976985     
   5.3799999999999297       0.99999999999979161     
   5.3899999999999295       0.99999999999981104     
   5.3999999999999293       0.99999999999982914     
   5.4099999999999291       0.99999999999984546     
   5.4199999999999289       0.99999999999986056     
   5.4299999999999287       0.99999999999987355     
   5.4399999999999284       0.99999999999988565     
   5.4499999999999282       0.99999999999989608     
   5.4599999999999280       0.99999999999990619     
   5.4699999999999278       0.99999999999991529     
   5.4799999999999276       0.99999999999992351     
   5.4899999999999274       0.99999999999993083     
   5.4999999999999272       0.99999999999993738     
   5.5099999999999270       0.99999999999994316     
   5.5199999999999267       0.99999999999994882     
   5.5299999999999265       0.99999999999995348     
   5.5399999999999263       0.99999999999995792     
   5.5499999999999261       0.99999999999996192     
   5.5599999999999259       0.99999999999996558     
   5.5699999999999257       0.99999999999996891     
   5.5799999999999255       0.99999999999997191     
   5.5899999999999253       0.99999999999997469     
   5.5999999999999250       0.99999999999997702     
   5.6099999999999248       0.99999999999997935     
   5.6199999999999246       0.99999999999998090     
   5.6299999999999244       0.99999999999998279     
   5.6399999999999242       0.99999999999998435     
   5.6499999999999240       0.99999999999998579     
   5.6599999999999238       0.99999999999998734     
   5.6699999999999235       0.99999999999998845     
   5.6799999999999233       0.99999999999998979     
   5.6899999999999231       0.99999999999999067     
   5.6999999999999229       0.99999999999999145     
   5.7099999999999227       0.99999999999999223     
   5.7199999999999225       0.99999999999999301     
   5.7299999999999223       0.99999999999999367     
   5.7399999999999221       0.99999999999999456     
   5.7499999999999218       0.99999999999999489     
   5.7599999999999216       0.99999999999999545     
   5.7699999999999214       0.99999999999999578     
   5.7799999999999212       0.99999999999999600     
   5.7899999999999210       0.99999999999999667     
   5.7999999999999208       0.99999999999999689     
   5.8099999999999206       0.99999999999999722     
   5.8199999999999203       0.99999999999999734     
   5.8299999999999201       0.99999999999999756     
   5.8399999999999199       0.99999999999999789     
   5.8499999999999197       0.99999999999999811     
   5.8599999999999195       0.99999999999999822     
   5.8699999999999193       0.99999999999999845     
   5.8799999999999191       0.99999999999999856     
   5.8899999999999189       0.99999999999999856     
   5.8999999999999186       0.99999999999999900     
   5.9099999999999184       0.99999999999999911     
   5.9199999999999182       0.99999999999999933     
   5.9299999999999180       0.99999999999999933     
   5.9399999999999178       0.99999999999999944     
   5.9499999999999176       0.99999999999999933     
   5.9599999999999174       0.99999999999999944     
   5.9699999999999172       0.99999999999999944     
   5.9799999999999169       0.99999999999999967     
   5.9899999999999167       0.99999999999999967     
   5.9999999999999165       0.99999999999999967     
   6.0099999999999163       0.99999999999999967     
   6.0199999999999161       0.99999999999999978     
   6.0299999999999159       0.99999999999999978     
   6.0399999999999157       0.99999999999999978     
   6.0499999999999154       0.99999999999999978     
   6.0599999999999152       0.99999999999999978     
   6.0699999999999150       0.99999999999999978     
   6.0799999999999148       0.99999999999999978     
   6.0899999999999146       0.99999999999999978     
   6.0999999999999144       0.99999999999999978     
   6.1099999999999142       0.99999999999999978     
   6.1199999999999140       0.99999999999999978     
   6.1299999999999137       0.99999999999999978     
   6.1399999999999135       0.99999999999999978     
   6.1499999999999133       0.99999999999999978     
   6.1599999999999131       0.99999999999999978     
   6.1699999999999129       0.99999999999999978     
   6.1799999999999127        1.0000000000000000     
   6.1899999999999125        1.0000000000000000     
   6.1999999999999122        1.0000000000000000     
   6.2099999999999120        1.0000000000000000     
   6.2199999999999118        1.0000000000000000     
   6.2299999999999116        1.0000000000000000     
   6.2399999999999114        1.0000000000000000     
   6.2499999999999112        1.0000000000000000     
   6.2599999999999110        1.0000000000000000     
   6.2699999999999108        1.0000000000000000     
   6.2799999999999105        1.0000000000000000     
   6.2899999999999103        1.0000000000000000     
   6.2999999999999101        1.0000000000000000     
   6.3099999999999099        1.0000000000000000     
   6.3199999999999097        1.0000000000000000     
   6.3299999999999095        1.0000000000000000     
   6.3399999999999093        1.0000000000000000     
   6.3499999999999091        1.0000000000000000     
   6.3599999999999088        1.0000000000000000     
   6.3699999999999086        1.0000000000000000     
   6.3799999999999084        1.0000000000000000     
   6.3899999999999082        1.0000000000000000     
   6.3999999999999080        1.0000000000000000     
   6.4099999999999078        1.0000000000000000     
   6.4199999999999076        1.0000000000000000     
   6.4299999999999073        1.0000000000000000     
   6.4399999999999071        1.0000000000000000     
   6.4499999999999069        1.0000000000000000     
   6.4599999999999067        1.0000000000000000     
   6.4699999999999065        1.0000000000000000     
   6.4799999999999063        1.0000000000000000     
   6.4899999999999061        1.0000000000000000     
   6.4999999999999059        1.0000000000000000     
   6.5099999999999056        1.0000000000000000     
   6.5199999999999054        1.0000000000000000     
   6.5299999999999052        1.0000000000000000     
   6.5399999999999050        1.0000000000000000     
   6.5499999999999048        1.0000000000000000     
   6.5599999999999046        1.0000000000000000     
   6.5699999999999044        1.0000000000000000     
   6.5799999999999041        1.0000000000000000     
   6.5899999999999039        1.0000000000000000     
   6.5999999999999037        1.0000000000000000     
   6.6099999999999035        1.0000000000000000     
   6.6199999999999033        1.0000000000000000     
   6.6299999999999031        1.0000000000000000     
   6.6399999999999029        1.0000000000000000     
   6.6499999999999027        1.0000000000000000     
   6.6599999999999024        1.0000000000000000     
   6.6699999999999022        1.0000000000000000     
   6.6799999999999020        1.0000000000000000     
   6.6899999999999018        1.0000000000000000     
   6.6999999999999016        1.0000000000000000     
   6.7099999999999014        1.0000000000000000     
   6.7199999999999012        1.0000000000000000     
   6.7299999999999010        1.0000000000000000     
   6.7399999999999007        1.0000000000000000     
   6.7499999999999005        1.0000000000000000     
   6.7599999999999003        1.0000000000000000     
   6.7699999999999001        1.0000000000000000     
   6.7799999999998999        1.0000000000000000     
   6.7899999999998997        1.0000000000000000     
   6.7999999999998995        1.0000000000000000     
   6.8099999999998992        1.0000000000000000     
   6.8199999999998990        1.0000000000000000     
   6.8299999999998988        1.0000000000000000     
   6.8399999999998986        1.0000000000000000     
   6.8499999999998984        1.0000000000000000     
   6.8599999999998982        1.0000000000000000     
   6.8699999999998980        1.0000000000000000     
   6.8799999999998978        1.0000000000000000     
   6.8899999999998975        1.0000000000000000     
   6.8999999999998973        1.0000000000000000     
   6.9099999999998971        1.0000000000000000     
   6.9199999999998969        1.0000000000000000     
   6.9299999999998967        1.0000000000000000     
   6.9399999999998965        1.0000000000000000     
   6.9499999999998963        1.0000000000000000     
   6.9599999999998960        1.0000000000000000     
   6.9699999999998958        1.0000000000000000     
   6.9799999999998956        1.0000000000000000     
   6.9899999999998954        1.0000000000000000     
   6.9999999999998952        1.0000000000000000     
   7.0099999999998950        1.0000000000000000     
   7.0199999999998948        1.0000000000000000     
   7.0299999999998946        1.0000000000000000     
   7.0399999999998943        1.0000000000000000     
   7.0499999999998941        1.0000000000000000     
   7.0599999999998939        1.0000000000000000     
   7.0699999999998937        1.0000000000000000     
   7.0799999999998935        1.0000000000000000     
   7.0899999999998933        1.0000000000000000     
   7.0999999999998931        1.0000000000000000     
   7.1099999999998929        1.0000000000000000     
   7.1199999999998926        1.0000000000000000     
   7.1299999999998924        1.0000000000000000     
   7.1399999999998922        1.0000000000000000     
   7.1499999999998920        1.0000000000000000     
   7.1599999999998918        1.0000000000000000     
   7.1699999999998916        1.0000000000000000     
   7.1799999999998914        1.0000000000000000     
   7.1899999999998911        1.0000000000000000     
   7.1999999999998909        1.0000000000000000     
   7.2099999999998907        1.0000000000000000     
   7.2199999999998905        1.0000000000000000     
   7.2299999999998903        1.0000000000000000     
   7.2399999999998901        1.0000000000000000     
   7.2499999999998899        1.0000000000000000     
   7.2599999999998897        1.0000000000000000     
   7.2699999999998894        1.0000000000000000     
   7.2799999999998892        1.0000000000000000     
   7.2899999999998890        1.0000000000000000     
   7.2999999999998888        1.0000000000000000     
   7.3099999999998886        1.0000000000000000     
   7.3199999999998884        1.0000000000000000     
   7.3299999999998882        1.0000000000000000     
   7.3399999999998879        1.0000000000000000     
   7.3499999999998877        1.0000000000000000     
   7.3599999999998875        1.0000000000000000     
   7.3699999999998873        1.0000000000000000     
   7.3799999999998871        1.0000000000000000     
   7.3899999999998869        1.0000000000000000     
   7.3999999999998867        1.0000000000000000     
   7.4099999999998865        1.0000000000000000     
   7.4199999999998862        1.0000000000000000     
   7.4299999999998860        1.0000000000000000     
   7.4399999999998858        1.0000000000000000     
   7.4499999999998856        1.0000000000000000     
   7.4599999999998854        1.0000000000000000     
   7.4699999999998852        1.0000000000000000     
   7.4799999999998850        1.0000000000000000     
   7.4899999999998847        1.0000000000000000     
   7.4999999999998845        1.0000000000000000     
   7.5099999999998843        1.0000000000000000     
   7.5199999999998841        1.0000000000000000     
   7.5299999999998839        1.0000000000000000     
   7.5399999999998837        1.0000000000000000     
   7.5499999999998835        1.0000000000000000     
   7.5599999999998833        1.0000000000000000     
   7.5699999999998830        1.0000000000000000     
   7.5799999999998828        1.0000000000000000     
   7.5899999999998826        1.0000000000000000     
   7.5999999999998824        1.0000000000000000     
   7.6099999999998822        1.0000000000000000     
   7.6199999999998820        1.0000000000000000     
   7.6299999999998818        1.0000000000000000     
   7.6399999999998816        1.0000000000000000     
   7.6499999999998813        1.0000000000000000     
   7.6599999999998811        1.0000000000000000     
   7.6699999999998809        1.0000000000000000     
   7.6799999999998807        1.0000000000000000     
   7.6899999999998805        1.0000000000000000     
   7.6999999999998803        1.0000000000000000     
   7.7099999999998801        1.0000000000000000     
   7.7199999999998798        1.0000000000000000     
   7.7299999999998796        1.0000000000000000     
   7.7399999999998794        1.0000000000000000     
   7.7499999999998792        1.0000000000000000     
   7.7599999999998790        1.0000000000000000     
   7.7699999999998788        1.0000000000000000     
   7.7799999999998786        1.0000000000000000     
   7.7899999999998784        1.0000000000000000     
   7.7999999999998781        1.0000000000000000     
   7.8099999999998779        1.0000000000000000     
   7.8199999999998777        1.0000000000000000     
   7.8299999999998775        1.0000000000000000     
   7.8399999999998773        1.0000000000000000     
   7.8499999999998771        1.0000000000000000     
   7.8599999999998769        1.0000000000000000     
   7.8699999999998766        1.0000000000000000     
   7.8799999999998764        1.0000000000000000     
   7.8899999999998762        1.0000000000000000     
   7.8999999999998760        1.0000000000000000     
   7.9099999999998758        1.0000000000000000     
   7.9199999999998756        1.0000000000000000     
   7.9299999999998754        1.0000000000000000     
   7.9399999999998752        1.0000000000000000     
   7.9499999999998749        1.0000000000000000     
   7.9599999999998747        1.0000000000000000     
   7.9699999999998745        1.0000000000000000     
   7.9799999999998743        1.0000000000000000     
   7.9899999999998741        1.0000000000000000     
   7.9999999999998739        1.0000000000000000     
   8.0099999999998737        1.0000000000000000     
   8.0199999999998735        1.0000000000000000     
   8.0299999999998732        1.0000000000000000     
   8.0399999999998730        1.0000000000000000     
   8.0499999999998728        1.0000000000000000     
   8.0599999999998726        1.0000000000000000     
   8.0699999999998724        1.0000000000000000     
   8.0799999999998722        1.0000000000000000     
   8.0899999999998720        1.0000000000000000     
   8.0999999999998717        1.0000000000000000     
   8.1099999999998715        1.0000000000000000     
   8.1199999999998713        1.0000000000000000     
   8.1299999999998711        1.0000000000000000     
   8.1399999999998709        1.0000000000000000     
   8.1499999999998707        1.0000000000000000     
   8.1599999999998705        1.0000000000000000     
   8.1699999999998703        1.0000000000000000     
   8.1799999999998700        1.0000000000000000     
   8.1899999999998698        1.0000000000000000     
   8.1999999999998696        1.0000000000000000     
   8.2099999999998694        1.0000000000000000     
   8.2199999999998692        1.0000000000000000     
   8.2299999999998690        1.0000000000000000     
   8.2399999999998688        1.0000000000000000     
   8.2499999999998685        1.0000000000000000     
   8.2599999999998683        1.0000000000000000     
   8.2699999999998681        1.0000000000000000     
   8.2799999999998679        1.0000000000000000     
   8.2899999999998677        1.0000000000000000     
   8.2999999999998675        1.0000000000000000     
   8.3099999999998673        1.0000000000000000     
   8.3199999999998671        1.0000000000000000     
   8.3299999999998668        1.0000000000000000     
   8.3399999999998666        1.0000000000000000     
   8.3499999999998664        1.0000000000000000     
   8.3599999999998662        1.0000000000000000     
   8.3699999999998660        1.0000000000000000     
   8.3799999999998658        1.0000000000000000     
   8.3899999999998656        1.0000000000000000     
   8.3999999999998654        1.0000000000000000     
   8.4099999999998651        1.0000000000000000     
   8.4199999999998649        1.0000000000000000     
   8.4299999999998647        1.0000000000000000     
   8.4399999999998645        1.0000000000000000     
   8.4499999999998643        1.0000000000000000     
   8.4599999999998641        1.0000000000000000     
   8.4699999999998639        1.0000000000000000     
   8.4799999999998636        1.0000000000000000     
   8.4899999999998634        1.0000000000000000     
   8.4999999999998632        1.0000000000000000     
   8.5099999999998630        1.0000000000000000     
   8.5199999999998628        1.0000000000000000     
   8.5299999999998626        1.0000000000000000     
   8.5399999999998624        1.0000000000000000     
   8.5499999999998622        1.0000000000000000     
   8.5599999999998619        1.0000000000000000     
   8.5699999999998617        1.0000000000000000     
   8.5799999999998615        1.0000000000000000     
   8.5899999999998613        1.0000000000000000     
   8.5999999999998611        1.0000000000000000     
   8.6099999999998609        1.0000000000000000     
   8.6199999999998607        1.0000000000000000     
   8.6299999999998604        1.0000000000000000     
   8.6399999999998602        1.0000000000000000     
   8.6499999999998600        1.0000000000000000     
   8.6599999999998598        1.0000000000000000     
   8.6699999999998596        1.0000000000000000     
   8.6799999999998594        1.0000000000000000     
   8.6899999999998592        1.0000000000000000     
   8.6999999999998590        1.0000000000000000     
   8.7099999999998587        1.0000000000000000     
   8.7199999999998585        1.0000000000000000     
   8.7299999999998583        1.0000000000000000     
   8.7399999999998581        1.0000000000000000     
   8.7499999999998579        1.0000000000000000     
   8.7599999999998577        1.0000000000000000     
   8.7699999999998575        1.0000000000000000     
   8.7799999999998573        1.0000000000000000     
   8.7899999999998570        1.0000000000000000     
   8.7999999999998568        1.0000000000000000     
   8.8099999999998566        1.0000000000000000     
   8.8199999999998564        1.0000000000000000     
   8.8299999999998562        1.0000000000000000     
   8.8399999999998560        1.0000000000000000     
   8.8499999999998558        1.0000000000000000     
   8.8599999999998555        1.0000000000000000     
   8.8699999999998553        1.0000000000000000     
   8.8799999999998551        1.0000000000000000     
   8.8899999999998549        1.0000000000000000     
   8.8999999999998547        1.0000000000000000     
   8.9099999999998545        1.0000000000000000     
   8.9199999999998543        1.0000000000000000     
   8.9299999999998541        1.0000000000000000     
   8.9399999999998538        1.0000000000000000     
   8.9499999999998536        1.0000000000000000     
   8.9599999999998534        1.0000000000000000     
   8.9699999999998532        1.0000000000000000     
   8.9799999999998530        1.0000000000000000     
   8.9899999999998528        1.0000000000000000     
   8.9999999999998526        1.0000000000000000     
   9.0099999999998523        1.0000000000000000     
   9.0199999999998521        1.0000000000000000     
   9.0299999999998519        1.0000000000000000     
   9.0399999999998517        1.0000000000000000     
   9.0499999999998515        1.0000000000000000     
   9.0599999999998513        1.0000000000000000     
   9.0699999999998511        1.0000000000000000     
   9.0799999999998509        1.0000000000000000     
   9.0899999999998506        1.0000000000000000     
   9.0999999999998504        1.0000000000000000     
   9.1099999999998502        1.0000000000000000     
   9.1199999999998500        1.0000000000000000     
   9.1299999999998498        1.0000000000000000     
   9.1399999999998496        1.0000000000000000     
   9.1499999999998494        1.0000000000000000     
   9.1599999999998492        1.0000000000000000     
   9.1699999999998489        1.0000000000000000     
   9.1799999999998487        1.0000000000000000     
   9.1899999999998485        1.0000000000000000     
   9.1999999999998483        1.0000000000000000     
   9.2099999999998481        1.0000000000000000     
   9.2199999999998479        1.0000000000000000     
   9.2299999999998477        1.0000000000000000     
   9.2399999999998474        1.0000000000000000     
   9.2499999999998472        1.0000000000000000     
   9.2599999999998470        1.0000000000000000     
   9.2699999999998468        1.0000000000000000     
   9.2799999999998466        1.0000000000000000     
   9.2899999999998464        1.0000000000000000     
   9.2999999999998462        1.0000000000000000     
   9.3099999999998460        1.0000000000000000     
   9.3199999999998457        1.0000000000000000     
   9.3299999999998455        1.0000000000000000     
   9.3399999999998453        1.0000000000000000     
   9.3499999999998451        1.0000000000000000     
   9.3599999999998449        1.0000000000000000     
   9.3699999999998447        1.0000000000000000     
   9.3799999999998445        1.0000000000000000     
   9.3899999999998442        1.0000000000000000     
   9.3999999999998440        1.0000000000000000     
   9.4099999999998438        1.0000000000000000     
   9.4199999999998436        1.0000000000000000     
   9.4299999999998434        1.0000000000000000     
   9.4399999999998432        1.0000000000000000     
   9.4499999999998430        1.0000000000000000     
   9.4599999999998428        1.0000000000000000     
   9.4699999999998425        1.0000000000000000     
   9.4799999999998423        1.0000000000000000     
   9.4899999999998421        1.0000000000000000     
   9.4999999999998419        1.0000000000000000     
   9.5099999999998417        1.0000000000000000     
   9.5199999999998415        1.0000000000000000     
   9.5299999999998413        1.0000000000000000     
   9.5399999999998411        1.0000000000000000     
   9.5499999999998408        1.0000000000000000     
   9.5599999999998406        1.0000000000000000     
   9.5699999999998404        1.0000000000000000     
   9.5799999999998402        1.0000000000000000     
   9.5899999999998400        1.0000000000000000     
   9.5999999999998398        1.0000000000000000     
   9.6099999999998396        1.0000000000000000     
   9.6199999999998393        1.0000000000000000     
   9.6299999999998391        1.0000000000000000     
   9.6399999999998389        1.0000000000000000     
   9.6499999999998387        1.0000000000000000     
   9.6599999999998385        1.0000000000000000     
   9.6699999999998383        1.0000000000000000     
   9.6799999999998381        1.0000000000000000     
   9.6899999999998379        1.0000000000000000     
   9.6999999999998376        1.0000000000000000     
   9.7099999999998374        1.0000000000000000     
   9.7199999999998372        1.0000000000000000     
   9.7299999999998370        1.0000000000000000     
   9.7399999999998368        1.0000000000000000     
   9.7499999999998366        1.0000000000000000     
   9.7599999999998364        1.0000000000000000     
   9.7699999999998361        1.0000000000000000     
   9.7799999999998359        1.0000000000000000     
   9.7899999999998357        1.0000000000000000     
   9.7999999999998355        1.0000000000000000     
   9.8099999999998353        1.0000000000000000     
   9.8199999999998351        1.0000000000000000     
   9.8299999999998349        1.0000000000000000     
   9.8399999999998347        1.0000000000000000     
   9.8499999999998344        1.0000000000000000     
   9.8599999999998342        1.0000000000000000     
   9.8699999999998340        1.0000000000000000     
   9.8799999999998338        1.0000000000000000     
   9.8899999999998336        1.0000000000000000     
   9.8999999999998334        1.0000000000000000     
   9.9099999999998332        1.0000000000000000     
   9.9199999999998330        1.0000000000000000     
   9.9299999999998327        1.0000000000000000     
   9.9399999999998325        1.0000000000000000     
   9.9499999999998323        1.0000000000000000     
   9.9599999999998321        1.0000000000000000     
   9.9699999999998319        1.0000000000000000     
   9.9799999999998317        1.0000000000000000     
   9.9899999999998315        1.0000000000000000     
   9.9999999999998312        1.0000000000000000     
