   0.0000000000000000        2.7412914188275469E-018
   1.0000000000000000E-002   6.4205908481533283E-003
   2.0000000000000000E-002   1.2835049015317266E-002
   2.9999999999999999E-002   1.9237304902034451E-002
   4.0000000000000001E-002   2.5621413859494960E-002
   5.0000000000000003E-002   3.1981615660621722E-002
   6.0000000000000005E-002   3.8312390440353325E-002
   7.0000000000000007E-002   4.4608510049744275E-002
   8.0000000000000002E-002   5.0865083868297703E-002
   8.9999999999999997E-002   5.7077598238471160E-002
   9.9999999999999992E-002   6.3241948822440164E-002
  0.10999999999999999        6.9354465330580040E-002
  0.11999999999999998        7.5411928230187816E-002
  0.12999999999999998        8.1411577208109626E-002
  0.13999999999999999        8.7351111328661871E-002
  0.14999999999999999        9.3228680995110932E-002
  0.16000000000000000        9.9042871985850572E-002
  0.17000000000000001       0.10479268199227532     
  0.18000000000000002       0.11047749023150852     
  0.19000000000000003       0.11609702084107226     
  0.20000000000000004       0.12165130088207775     
  0.21000000000000005       0.12714061388048414     
  0.22000000000000006       0.13256544992063873     
  0.23000000000000007       0.13792645337001161     
  0.24000000000000007       0.14322436935738592     
  0.25000000000000006       0.14845999014754926     
  0.26000000000000006       0.15363410255286192     
  0.27000000000000007       0.15874743749532291     
  0.28000000000000008       0.16380062278174415     
  0.29000000000000009       0.16879414007962060     
  0.30000000000000010       0.17372828698308296     
  0.31000000000000011       0.17860314493841772     
  0.32000000000000012       0.18341855365919765     
  0.33000000000000013       0.18817409250501616     
  0.34000000000000014       0.19286906912880783     
  0.35000000000000014       0.19750251552013509     
  0.36000000000000015       0.20207319139055469     
  0.37000000000000016       0.20657959466761888     
  0.38000000000000017       0.21101997869180530     
  0.39000000000000018       0.21539237555124338     
  0.40000000000000019       0.21969462484776492     
  0.41000000000000020       0.22392440706920050     
  0.42000000000000021       0.22807928065077074     
  0.43000000000000022       0.23215672174564120     
  0.44000000000000022       0.23615416569272352     
  0.45000000000000023       0.24006904916885757     
  0.46000000000000024       0.24389885204149278     
  0.47000000000000025       0.24764113799462867     
  0.48000000000000026       0.25129359308169108     
  0.49000000000000027       0.25485406146002987     
  0.50000000000000022       0.25832057767801403     
  0.51000000000000023       0.26169139501220506     
  0.52000000000000024       0.26496500948365531     
  0.53000000000000025       0.26814017931412787     
  0.54000000000000026       0.27121593971049762     
  0.55000000000000027       0.27419161298491640     
  0.56000000000000028       0.27706681412638867     
  0.57000000000000028       0.27984145203385996     
  0.58000000000000029       0.28251572670020608     
  0.59000000000000030       0.28509012269984513     
  0.60000000000000031       0.28756539937995773     
  0.61000000000000032       0.28994257818698643     
  0.62000000000000033       0.29222292757717316     
  0.63000000000000034       0.29440794596373576     
  0.64000000000000035       0.29649934314548754     
  0.65000000000000036       0.29849902064407263     
  0.66000000000000036       0.30040905135132634     
  0.67000000000000037       0.30223165885644121     
  0.68000000000000038       0.30396919678634521     
  0.69000000000000039       0.30562412845361681     
  0.70000000000000040       0.30719900706581482     
  0.71000000000000041       0.30869645670956281     
  0.72000000000000042       0.31011915428315440     
  0.73000000000000043       0.31146981251370753     
  0.74000000000000044       0.31275116415966370     
  0.75000000000000044       0.31396594746716189     
  0.76000000000000045       0.31511689291987677     
  0.77000000000000046       0.31620671129641703     
  0.78000000000000047       0.31723808302741097     
  0.79000000000000048       0.31821364882589181     
  0.80000000000000049       0.31913600154938232     
  0.81000000000000050       0.32000767923997520     
  0.82000000000000051       0.32083115927944111     
  0.83000000000000052       0.32160885358972663     
  0.84000000000000052       0.32234310480477363     
  0.85000000000000053       0.32303618333717987     
  0.86000000000000054       0.32369028526246074     
  0.87000000000000055       0.32430753094434006     
  0.88000000000000056       0.32488996432631206     
  0.89000000000000057       0.32543955281742992     
  0.90000000000000058       0.32595818770369905     
  0.91000000000000059       0.32644768502037602     
  0.92000000000000060       0.32690978682474298     
  0.93000000000000060       0.32734616281339962     
  0.94000000000000061       0.32775841223266844     
  0.95000000000000062       0.32814806603526148     
  0.96000000000000063       0.32851658924080901     
  0.97000000000000064       0.32886538346215466     
  0.98000000000000065       0.32919578956343998     
  0.99000000000000066       0.32950909041986676     
   1.0000000000000007       0.32980651375265857     
   1.0100000000000007       0.33008923501609116     
   1.0200000000000007       0.33035838031653697     
   1.0300000000000007       0.33061502934627185     
   1.0400000000000007       0.33086021831730855     
   1.0500000000000007       0.33109494288278107     
   1.0600000000000007       0.33132016103539075     
   1.0700000000000007       0.33153679597417601     
   1.0800000000000007       0.33174573893236486     
   1.0900000000000007       0.33194785196035786     
   1.1000000000000008       0.33214397065894835     
   1.1100000000000008       0.33233490685876094     
   1.1200000000000008       0.33252145124255489     
   1.1300000000000008       0.33270437590755447     
   1.1400000000000008       0.33288443686528740     
   1.1500000000000008       0.33306237647660253     
   1.1600000000000008       0.33323892581956860     
   1.1700000000000008       0.33341480698785803     
   1.1800000000000008       0.33359073531700029     
   1.1900000000000008       0.33376742153555150     
   1.2000000000000008       0.33394557383780105     
   1.2100000000000009       0.33412589987411145     
   1.2200000000000009       0.33430910865439706     
   1.2300000000000009       0.33449591235960152     
   1.2400000000000009       0.33468702805535661     
   1.2500000000000009       0.33488317930129569     
   1.2600000000000009       0.33508509764883548     
   1.2700000000000009       0.33529352401957402     
   1.2800000000000009       0.33550920995591521     
   1.2900000000000009       0.33573291873506550     
   1.3000000000000009       0.33596542633727750     
   1.3100000000000009       0.33620752225912870     
   1.3200000000000010       0.33646001016281857     
   1.3300000000000010       0.33672370835296683     
   1.3400000000000010       0.33699945007328030     
   1.3500000000000010       0.33728808361677737     
   1.3600000000000010       0.33759047224507216     
   1.3700000000000010       0.33790749391458658     
   1.3800000000000010       0.33824004081051751     
   1.3900000000000010       0.33858901869296554     
   1.4000000000000010       0.33895534606386779     
   1.4100000000000010       0.33933995316822341     
   1.4200000000000010       0.33974378084857310     
   1.4300000000000010       0.34016777927765957     
   1.4400000000000011       0.34061290660060362     
   1.4500000000000011       0.34108012752457711     
   1.4600000000000011       0.34157041190065918     
   1.4700000000000011       0.34208473334906464     
   1.4800000000000011       0.34262406798493139     
   1.4900000000000011       0.34318939330699660     
   1.5000000000000011       0.34378168731540554     
   1.5100000000000011       0.34440192792717500     
   1.5200000000000011       0.34505109275806556     
   1.5300000000000011       0.34573015933741436     
   1.5400000000000011       0.34644010581749862     
   1.5500000000000012       0.34718191223094419     
   1.5600000000000012       0.34795656233840350     
   1.5700000000000012       0.34876504609411496     
   1.5800000000000012       0.34960836273914925     
   1.5900000000000012       0.35048752451136611     
   1.6000000000000012       0.35140356093781139     
   1.6100000000000012       0.35235752365007605     
   1.6200000000000012       0.35335049163679294     
   1.6300000000000012       0.35438357682088334     
   1.6400000000000012       0.35545792982340529     
   1.6500000000000012       0.35657474575198816     
   1.6600000000000013       0.35773526983094922     
   1.6700000000000013       0.35894080267334028     
   1.6800000000000013       0.36019270498330863     
   1.6900000000000013       0.36149240147107009     
   1.7000000000000013       0.36284138376310826     
   1.7100000000000013       0.36424121209730209     
   1.7200000000000013       0.36569351560671509     
   1.7300000000000013       0.36719999101662743     
   1.7400000000000013       0.36876239960680623     
   1.7500000000000013       0.37038256232438133     
   1.7600000000000013       0.37206235297140922     
   1.7700000000000014       0.37380368943436570     
   1.7800000000000014       0.37560852296950403     
   1.7900000000000014       0.37747882560719836     
   1.8000000000000014       0.37941657578901805     
   1.8100000000000014       0.38142374240223387     
   1.8200000000000014       0.38350226742662391     
   1.8300000000000014       0.38565404745672149     
   1.8400000000000014       0.38788091440785943     
   1.8500000000000014       0.39018461575542490     
   1.8600000000000014       0.39256679469248124     
   1.8700000000000014       0.39502897062023157     
   1.8800000000000014       0.39757252040762714     
   1.8900000000000015       0.40019866086971595     
   1.9000000000000015       0.40290843291820327     
   1.9100000000000015       0.40570268783135771     
   1.9200000000000015       0.40858207607329705     
   1.9300000000000015       0.41154703906447382     
   1.9400000000000015       0.41459780426584725     
   1.9500000000000015       0.41773438388902107     
   1.9600000000000015       0.42095657748418075     
   1.9700000000000015       0.42426397858795195     
   1.9800000000000015       0.42765598553558942     
   1.9900000000000015       0.43113181645777687     
   2.0000000000000013       0.43469052839357736     
   2.0100000000000011       0.43833104035970366     
   2.0200000000000009       0.44205216012436832     
   2.0300000000000007       0.44585261434360779     
   2.0400000000000005       0.44973108163127645     
   2.0500000000000003       0.45368622805280090     
   2.0600000000000001       0.45771674445914751     
   2.0699999999999998       0.46182138501290881     
   2.0799999999999996       0.46599900620442691     
   2.0899999999999994       0.47024860561363352     
   2.0999999999999992       0.47456935964382629     
   2.1099999999999990       0.47896065943762128     
   2.1199999999999988       0.48342214418335450     
   2.1299999999999986       0.48795373103249889     
   2.1399999999999983       0.49255564087520076     
   2.1499999999999981       0.49722841926161249     
   2.1599999999999979       0.50197295181076740     
   2.1699999999999977       0.50679047351565998     
   2.1799999999999975       0.51168257143195861     
   2.1899999999999973       0.51665118032739277     
   2.1999999999999971       0.52169857096801675     
   2.2099999999999969       0.52682733082501509     
   2.2199999999999966       0.53204033710009901     
   2.2299999999999964       0.53734072208753114     
   2.2399999999999962       0.54273183101503664     
   2.2499999999999960       0.54821717263309100     
   2.2599999999999958       0.55380036295098556     
   2.2699999999999956       0.55948506264744824     
   2.2799999999999954       0.56527490881206033     
   2.2899999999999952       0.57117344179986584     
   2.2999999999999949       0.57718402810370495     
   2.3099999999999947       0.58330978026504510     
   2.3199999999999945       0.58955347495214805     
   2.3299999999999943       0.59591747043167742     
   2.3399999999999941       0.60240362474332587     
   2.3499999999999939       0.60901321595338198     
   2.3599999999999937       0.61574686590883798     
   2.3699999999999934       0.62260446893496602     
   2.3799999999999932       0.62958512691279611     
   2.3899999999999930       0.63668709213540253     
   2.3999999999999928       0.64390771927083379     
   2.4099999999999926       0.65124342765324739     
   2.4199999999999924       0.65868967498189368     
   2.4299999999999922       0.66624094333090411     
   2.4399999999999920       0.67389073816386413     
   2.4499999999999917       0.68163160080988217     
   2.4599999999999915       0.68945513459793162     
   2.4699999999999913       0.69735204457057920     
   2.4799999999999911       0.70531219041493798     
   2.4899999999999909       0.71332465196665129     
   2.4999999999999907       0.72137780637109494     
   2.5099999999999905       0.72945941573379314     
   2.5199999999999902       0.73755672386770854     
   2.5299999999999900       0.74565656055585061     
   2.5399999999999898       0.75374545159950346     
   2.5499999999999896       0.76180973281940156     
   2.5599999999999894       0.76983566612175769     
   2.5699999999999892       0.77780955573356747     
   2.5799999999999890       0.78571786275068056     
   2.5899999999999888       0.79354731622479446     
   2.5999999999999885       0.80128501913737848     
   2.6099999999999883       0.80891854776421612     
   2.6199999999999881       0.81643604311756479     
   2.6299999999999879       0.82382629335736290     
   2.6399999999999877       0.83107880628174557     
   2.6499999999999875       0.83818387123375282     
   2.6599999999999873       0.84513260998934658     
   2.6699999999999871       0.85191701641577378     
   2.6799999999999868       0.85852998490384524     
   2.6899999999999866       0.86496532777820145     
   2.6999999999999864       0.87121778207231271     
   2.7099999999999862       0.87728300621679012     
   2.7199999999999860       0.88315756732816297     
   2.7299999999999858       0.88883891989919617     
   2.7399999999999856       0.89432537678020740     
   2.7499999999999853       0.89961607340368466     
   2.7599999999999851       0.90471092624246630     
   2.7699999999999849       0.90961058650599202     
   2.7799999999999847       0.91431639007153942     
   2.7899999999999845       0.91883030462008874     
   2.7999999999999843       0.92315487490210368     
   2.8099999999999841       0.92729316699990616     
   2.8199999999999839       0.93124871238329865     
   2.8299999999999836       0.93502545247667002     
   2.8399999999999834       0.93862768437179234     
   2.8499999999999832       0.94206000823355762     
   2.8599999999999830       0.94532727685848628     
   2.8699999999999828       0.94843454776000724     
   2.8799999999999826       0.95138703807220859     
   2.8899999999999824       0.95419008248629311     
   2.8999999999999821       0.95684909436263499     
   2.9099999999999819       0.95936953009675263     
   2.9199999999999817       0.96175685676030864     
   2.9299999999999815       0.96401652298856133     
   2.9399999999999813       0.96615393304350083     
   2.9499999999999811       0.96817442394702580     
   2.9599999999999809       0.97008324555053604     
   2.9699999999999807       0.97188554338577515     
   2.9799999999999804       0.97358634412603318     
   2.9899999999999802       0.97519054347636436     
   2.9999999999999800       0.97670289630553797     
   3.0099999999999798       0.97812800883051798     
   3.0199999999999796       0.97947033266557049     
   3.0299999999999794       0.98073416055220775     
   3.0399999999999792       0.98192362359241581     
   3.0499999999999790       0.98304268981555365     
   3.0599999999999787       0.98409516391851737     
   3.0699999999999785       0.98508468802878935     
   3.0799999999999783       0.98601474335060135     
   3.0899999999999781       0.98688865256525471     
   3.0999999999999779       0.98770958286750044     
   3.1099999999999777       0.98848054953057629     
   3.1199999999999775       0.98920441990284702     
   3.1299999999999772       0.98988391774895645     
   3.1399999999999770       0.99052162785782383     
   3.1499999999999768       0.99112000084866680     
   3.1599999999999766       0.99168135811451608     
   3.1699999999999764       0.99220789685030353     
   3.1799999999999762       0.99270169511963957     
   3.1899999999999760       0.99316471692078689     
   3.1999999999999758       0.99359881721816790     
   3.2099999999999755       0.99400574691094823     
   3.2199999999999753       0.99438715771498443     
   3.2299999999999751       0.99474460693856703     
   3.2399999999999749       0.99507956213616833     
   3.2499999999999747       0.99539340562761125     
   3.2599999999999745       0.99568743887304900     
   3.2699999999999743       0.99596288669657562     
   3.2799999999999740       0.99622090135353158     
   3.2899999999999738       0.99646256643841680     
   3.2999999999999736       0.99668890063195048     
   3.3099999999999734       0.99690086128717803     
   3.3199999999999732       0.99709934785569554     
   3.3299999999999730       0.99728520515600694     
   3.3399999999999728       0.99745922648683372     
   3.3499999999999726       0.99762215658885223     
   3.3599999999999723       0.99777469445883460     
   3.3699999999999721       0.99791749602058399     
   3.3799999999999719       0.99805117665736598     
   3.3899999999999717       0.99817631361073278     
   3.3999999999999715       0.99829344825084221     
   3.4099999999999713       0.99840308822338575     
   3.4199999999999711       0.99850570947834494     
   3.4299999999999708       0.99860175818574304     
   3.4399999999999706       0.99869165254352765     
   3.4499999999999704       0.99877578448265214     
   3.4599999999999702       0.99885452127430407     
   3.4699999999999700       0.99892820704412955     
   3.4799999999999698       0.99899716419814866     
   3.4899999999999696       0.99906169476492646     
   3.4999999999999694       0.99912208165838423     
   3.5099999999999691       0.99917858986550778     
   3.5199999999999689       0.99923146756300341     
   3.5299999999999687       0.99928094716681415     
   3.5399999999999685       0.99932724631822223     
   3.5499999999999683       0.99937056881010855     
   3.5599999999999681       0.99941110545676315     
   3.5699999999999679       0.99944903491047965     
   3.5799999999999677       0.99948452442801883     
   3.5899999999999674       0.99951773058985671     
   3.5999999999999672       0.99954879997498536     
   3.6099999999999670       0.99957786979390595     
   3.6199999999999668       0.99960506848228048     
   3.6299999999999666       0.99963051625761667     
   3.6399999999999664       0.99965432564118473     
   3.6499999999999662       0.99967660194729246     
   3.6599999999999659       0.99969744374187364     
   3.6699999999999657       0.99971694327227845     
   3.6799999999999655       0.99973518687001905     
   3.6899999999999653       0.99975225532813194     
   3.6999999999999651       0.99976822425472278     
   3.7099999999999649       0.99978316440416204     
   3.7199999999999647       0.99979714198732017     
   3.7299999999999645       0.99981021896213940     
   3.7399999999999642       0.99982245330577979     
   3.7499999999999640       0.99983389926946742     
   3.7599999999999638       0.99984460761715044     
   3.7699999999999636       0.99985462584896401     
   3.7799999999999634       0.99986399841046469     
   3.7899999999999632       0.99987276688852589     
   3.7999999999999630       0.99988097019473643     
   3.8099999999999627       0.99988864473709393     
   3.8199999999999625       0.99989582458072845     
   3.8299999999999623       0.99990254159835357     
   3.8399999999999621       0.99990882561109473     
   3.8499999999999619       0.99991470452030562     
   3.8599999999999617       0.99992020443094809     
   3.8699999999999615       0.99992534976706127     
   3.8799999999999613       0.99993016337984386     
   3.8899999999999610       0.99993466664879238     
   3.8999999999999608       0.99993887957636696     
   3.9099999999999606       0.99994282087657405     
   3.9199999999999604       0.99994650805786800     
   3.9299999999999602       0.99994995750072957     
   3.9399999999999600       0.99995318453026261     
   3.9499999999999598       0.99995620348412906     
   3.9599999999999596       0.99995902777611434     
   3.9699999999999593       0.99996166995561331     
   3.9799999999999591       0.99996414176328863     
   3.9899999999999589       0.99996645418315244     
   3.9999999999999587       0.99996861749129462     
   4.0099999999999589       0.99997064130148261     
   4.0199999999999587       0.99997253460782676     
   4.0299999999999585       0.99997430582469327     
   4.0399999999999583       0.99997596282405898     
   4.0499999999999581       0.99997751297045601     
   4.0599999999999579       0.99997896315366663     
   4.0699999999999577       0.99998031981931756     
   4.0799999999999574       0.99998158899749734     
   4.0899999999999572       0.99998277632954202     
   4.0999999999999570       0.99998388709308050     
   4.1099999999999568       0.99998492622548385     
   4.1199999999999566       0.99998589834579266     
   4.1299999999999564       0.99998680777523241     
   4.1399999999999562       0.99998765855641525     
   4.1499999999999559       0.99998845447129636     
   4.1599999999999557       0.99998919905797590     
   4.1699999999999555       0.99998989562642138     
   4.1799999999999553       0.99999054727317427     
   4.1899999999999551       0.99999115689510532     
   4.1999999999999549       0.99999172720229379     
   4.2099999999999547       0.99999226073006298     
   4.2199999999999545       0.99999275985025360     
   4.2299999999999542       0.99999322678175939     
   4.2399999999999540       0.99999366360039077     
   4.2499999999999538       0.99999407224809944     
   4.2599999999999536       0.99999445454161040     
   4.2699999999999534       0.99999481218049435     
   4.2799999999999532       0.99999514675472367     
   4.2899999999999530       0.99999545975173776     
   4.2999999999999527       0.99999575256305606     
   4.3099999999999525       0.99999602649046193     
   4.3199999999999523       0.99999628275178842     
   4.3299999999999521       0.99999652248633475     
   4.3399999999999519       0.99999674675992700     
   4.3499999999999517       0.99999695656965748     
   4.3599999999999515       0.99999715284831647     
   4.3699999999999513       0.99999733646854061     
   4.3799999999999510       0.99999750824668920     
   4.3899999999999508       0.99999766894647435     
   4.3999999999999506       0.99999781928235887     
   4.4099999999999504       0.99999795992272700     
   4.4199999999999502       0.99999809149285923     
   4.4299999999999500       0.99999821457771143     
   4.4399999999999498       0.99999832972451730     
   4.4499999999999496       0.99999843744521522     
   4.4599999999999493       0.99999853821873153     
   4.4699999999999491       0.99999863249310417     
   4.4799999999999489       0.99999872068747575     
   4.4899999999999487       0.99999880319396117     
   4.4999999999999485       0.99999888037938345     
   4.5099999999999483       0.99999895258691174     
   4.5199999999999481       0.99999902013758102     
   4.5299999999999478       0.99999908333172371     
   4.5399999999999476       0.99999914245030341     
   4.5499999999999474       0.99999919775616231     
   4.5599999999999472       0.99999924949519303     
   4.5699999999999470       0.99999929789742925     
   4.5799999999999468       0.99999934317806949     
   4.5899999999999466       0.99999938553843393     
   4.5999999999999464       0.99999942516685825     
   4.6099999999999461       0.99999946223953307     
   4.6199999999999459       0.99999949692128465     
   4.6299999999999457       0.99999952936631131     
   4.6399999999999455       0.99999955971886467     
   4.6499999999999453       0.99999958811389467     
   4.6599999999999451       0.99999961467764720     
   4.6699999999999449       0.99999963952822601     
   4.6799999999999446       0.99999966277611851     
   4.6899999999999444       0.99999968452468690     
   4.6999999999999442       0.99999970487062673     
   4.7099999999999440       0.99999972390439684     
   4.7199999999999438       0.99999974171062334     
   4.7299999999999436       0.99999975836847510     
   4.7399999999999434       0.99999977395201189     
   4.7499999999999432       0.99999978853052052     
   4.7599999999999429       0.99999980216881845     
   4.7699999999999427       0.99999981492754231     
   4.7799999999999425       0.99999982686341815     
   4.7899999999999423       0.99999983802951387     
   4.7999999999999421       0.99999984847547507     
   4.8099999999999419       0.99999985824774584     
   4.8199999999999417       0.99999986738977287     
   4.8299999999999415       0.99999987594220363     
   4.8399999999999412       0.99999988394306261     
   4.8499999999999410       0.99999989142792256     
   4.8599999999999408       0.99999989843006154     
   4.8699999999999406       0.99999990498061142     
   4.8799999999999404       0.99999991110869701     
   4.8899999999999402       0.99999991684156386     
   4.8999999999999400       0.99999992220470080     
   4.9099999999999397       0.99999992722195397     
   4.9199999999999395       0.99999993191562875     
   4.9299999999999393       0.99999993630659390     
   4.9399999999999391       0.99999994041437357     
   4.9499999999999389       0.99999994425722938     
   4.9599999999999387       0.99999994785224811     
   4.9699999999999385       0.99999995121541374     
   4.9799999999999383       0.99999995436167832     
   4.9899999999999380       0.99999995730503122     
   4.9999999999999378       0.99999996005855807     
   5.0099999999999376       0.99999996263450208     
   5.0199999999999374       0.99999996504431532     
   5.0299999999999372       0.99999996729871232     
   5.0399999999999370       0.99999996940771740     
   5.0499999999999368       0.99999997138070584     
   5.0599999999999365       0.99999997322645007     
   5.0699999999999363       0.99999997495315684     
   5.0799999999999361       0.99999997656850326     
   5.0899999999999359       0.99999997807967100     
   5.0999999999999357       0.99999997949337904     
   5.1099999999999355       0.99999998081591279     
   5.1199999999999353       0.99999998205315266     
   5.1299999999999351       0.99999998321059835     
   5.1399999999999348       0.99999998429339743     
   5.1499999999999346       0.99999998530636358     
   5.1599999999999344       0.99999998625400044     
   5.1699999999999342       0.99999998714052163     
   5.1799999999999340       0.99999998796986755     
   5.1899999999999338       0.99999998874572726     
   5.1999999999999336       0.99999998947154967     
   5.2099999999999334       0.99999999015056085     
   5.2199999999999331       0.99999999078578072     
   5.2299999999999329       0.99999999138003381     
   5.2399999999999327       0.99999999193596101     
   5.2499999999999325       0.99999999245603510     
   5.2599999999999323       0.99999999294256847     
   5.2699999999999321       0.99999999339772372     
   5.2799999999999319       0.99999999382352434     
   5.2899999999999316       0.99999999422186336     
   5.2999999999999314       0.99999999459451328     
   5.3099999999999312       0.99999999494312930     
   5.3199999999999310       0.99999999526926242     
   5.3299999999999308       0.99999999557436181     
   5.3399999999999306       0.99999999585978427     
   5.3499999999999304       0.99999999612679924     
   5.3599999999999302       0.99999999637659398     
   5.3699999999999299       0.99999999661027839     
   5.3799999999999297       0.99999999682889162     
   5.3899999999999295       0.99999999703340547     
   5.3999999999999293       0.99999999722473043     
   5.4099999999999291       0.99999999740371637     
   5.4199999999999289       0.99999999757115865     
   5.4299999999999287       0.99999999772780135     
   5.4399999999999284       0.99999999787434268     
   5.4499999999999282       0.99999999801143213     
   5.4599999999999280       0.99999999813968088     
   5.4699999999999278       0.99999999825965868     
   5.4799999999999276       0.99999999837189857     
   5.4899999999999274       0.99999999847689969     
   5.4999999999999272       0.99999999857512900     
   5.5099999999999270       0.99999999866702360     
   5.5199999999999267       0.99999999875299062     
   5.5299999999999265       0.99999999883341406     
   5.5399999999999263       0.99999999890865088     
   5.5499999999999261       0.99999999897903535     
   5.5599999999999259       0.99999999904488057     
   5.5699999999999257       0.99999999910647930     
   5.5799999999999255       0.99999999916410487     
   5.5899999999999253       0.99999999921801441     
   5.5999999999999250       0.99999999926844674     
   5.6099999999999248       0.99999999931562722     
   5.6199999999999246       0.99999999935976414     
   5.6299999999999244       0.99999999940105488     
   5.6399999999999242       0.99999999943968265     
   5.6499999999999240       0.99999999947581908     
   5.6599999999999238       0.99999999950962504     
   5.6699999999999235       0.99999999954125152     
   5.6799999999999233       0.99999999957083707     
   5.6899999999999231       0.99999999959851493     
   5.6999999999999229       0.99999999962440800     
   5.7099999999999227       0.99999999964863118     
   5.7199999999999225       0.99999999967129172     
   5.7299999999999223       0.99999999969249131     
   5.7399999999999221       0.99999999971232334     
   5.7499999999999218       0.99999999973087661     
   5.7599999999999216       0.99999999974823328     
   5.7699999999999214       0.99999999976447029     
   5.7799999999999212       0.99999999977966048     
   5.7899999999999210       0.99999999979387055     
   5.7999999999999208       0.99999999980716447     
   5.8099999999999206       0.99999999981960108     
   5.8199999999999203       0.99999999983123611     
   5.8299999999999201       0.99999999984211974     
   5.8399999999999199       0.99999999985230170     
   5.8499999999999197       0.99999999986182753     
   5.8599999999999195       0.99999999987073840     
   5.8699999999999193       0.99999999987907495     
   5.8799999999999191       0.99999999988687405     
   5.8899999999999189       0.99999999989416988     
   5.8999999999999186       0.99999999990099531     
   5.9099999999999184       0.99999999990737998     
   5.9199999999999182       0.99999999991335375     
   5.9299999999999180       0.99999999991894184     
   5.9399999999999178       0.99999999992416944     
   5.9499999999999176       0.99999999992905975     
   5.9599999999999174       0.99999999993363509     
   5.9699999999999172       0.99999999993791489     
   5.9799999999999169       0.99999999994191924     
   5.9899999999999167       0.99999999994566491     
   5.9999999999999165       0.99999999994916966     
   6.0099999999999163       0.99999999995244770     
   6.0199999999999161       0.99999999995551370     
   6.0299999999999159       0.99999999995838307     
   6.0399999999999157       0.99999999996106714     
   6.0499999999999154       0.99999999996357791     
   6.0599999999999152       0.99999999996592726     
   6.0699999999999150       0.99999999996812472     
   6.0799999999999148       0.99999999997018041     
   6.0899999999999146       0.99999999997210354     
   6.0999999999999144       0.99999999997390243     
   6.1099999999999142       0.99999999997558575     
   6.1199999999999140       0.99999999997716038     
   6.1299999999999137       0.99999999997863320     
   6.1399999999999135       0.99999999998001099     
   6.1499999999999133       0.99999999998130062     
   6.1599999999999131       0.99999999998250644     
   6.1699999999999129       0.99999999998363454     
   6.1799999999999127       0.99999999998469014     
   6.1899999999999125       0.99999999998567701     
   6.1999999999999122       0.99999999998660150     
   6.2099999999999120       0.99999999998746514     
   6.2199999999999118       0.99999999998827394     
   6.2299999999999116       0.99999999998902978     
   6.2399999999999114       0.99999999998973732     
   6.2499999999999112       0.99999999999039912     
   6.2599999999999110       0.99999999999101852     
   6.2699999999999108       0.99999999999159750     
   6.2799999999999105       0.99999999999213951     
   6.2899999999999103       0.99999999999264610     
   6.2999999999999101       0.99999999999312050     
   6.3099999999999099       0.99999999999356481     
   6.3199999999999097       0.99999999999397937     
   6.3299999999999095       0.99999999999436739     
   6.3399999999999093       0.99999999999473077     
   6.3499999999999091       0.99999999999507072     
   6.3599999999999088       0.99999999999538880     
   6.3699999999999086       0.99999999999568567     
   6.3799999999999084       0.99999999999596467     
   6.3899999999999082       0.99999999999622469     
   6.3999999999999080       0.99999999999646816     
   6.4099999999999078       0.99999999999669609     
   6.4199999999999076       0.99999999999690903     
   6.4299999999999073       0.99999999999710876     
   6.4399999999999071       0.99999999999729505     
   6.4499999999999069       0.99999999999746891     
   6.4599999999999067       0.99999999999763245     
   6.4699999999999065       0.99999999999778488     
   6.4799999999999063       0.99999999999792799     
   6.4899999999999061       0.99999999999806166     
   6.4999999999999059       0.99999999999818678     
   6.5099999999999056       0.99999999999830402     
   6.5199999999999054       0.99999999999841316     
   6.5299999999999052       0.99999999999851519     
   6.5399999999999050       0.99999999999861089     
   6.5499999999999048       0.99999999999870048     
   6.5599999999999046       0.99999999999878453     
   6.5699999999999044       0.99999999999886258     
   6.5799999999999041       0.99999999999893630     
   6.5899999999999039       0.99999999999900491     
   6.5999999999999037       0.99999999999906908     
   6.6099999999999035       0.99999999999912892     
   6.6199999999999033       0.99999999999918543     
   6.6299999999999031       0.99999999999923783     
   6.6399999999999029       0.99999999999928668     
   6.6499999999999027       0.99999999999933276     
   6.6599999999999024       0.99999999999937628     
   6.6699999999999022       0.99999999999941591     
   6.6799999999999020       0.99999999999945366     
   6.6899999999999018       0.99999999999948896     
   6.6999999999999016       0.99999999999952205     
   6.7099999999999014       0.99999999999955302     
   6.7199999999999012       0.99999999999958211     
   6.7299999999999010       0.99999999999960854     
   6.7399999999999007       0.99999999999963385     
   6.7499999999999005       0.99999999999965739     
   6.7599999999999003       0.99999999999967959     
   6.7699999999999001       0.99999999999970035     
   6.7799999999998999       0.99999999999972000     
   6.7899999999998997       0.99999999999973732     
   6.7999999999998995       0.99999999999975442     
   6.8099999999998992       0.99999999999977029     
   6.8199999999998990       0.99999999999978528     
   6.8299999999998988       0.99999999999979872     
   6.8399999999998986       0.99999999999981160     
   6.8499999999998984       0.99999999999982425     
   6.8599999999998982       0.99999999999983580     
   6.8699999999998980       0.99999999999984612     
   6.8799999999998978       0.99999999999985634     
   6.8899999999998975       0.99999999999986566     
   6.8999999999998973       0.99999999999987388     
   6.9099999999998971       0.99999999999988209     
   6.9199999999998969       0.99999999999988942     
   6.9299999999998967       0.99999999999989653     
   6.9399999999998965       0.99999999999990319     
   6.9499999999998963       0.99999999999990963     
   6.9599999999998960       0.99999999999991529     
   6.9699999999998958       0.99999999999992106     
   6.9799999999998956       0.99999999999992595     
   6.9899999999998954       0.99999999999993072     
   6.9999999999998952       0.99999999999993527     
   7.0099999999998950       0.99999999999993916     
   7.0199999999998948       0.99999999999994338     
   7.0299999999998946       0.99999999999994715     
   7.0399999999998943       0.99999999999995037     
   7.0499999999998941       0.99999999999995370     
   7.0599999999998939       0.99999999999995681     
   7.0699999999998937       0.99999999999995948     
   7.0799999999998935       0.99999999999996192     
   7.0899999999998933       0.99999999999996469     
   7.0999999999998931       0.99999999999996680     
   7.1099999999998929       0.99999999999996947     
   7.1199999999998926       0.99999999999997102     
   7.1299999999998924       0.99999999999997313     
   7.1399999999998922       0.99999999999997458     
   7.1499999999998920       0.99999999999997635     
   7.1599999999998918       0.99999999999997791     
   7.1699999999998916       0.99999999999997913     
   7.1799999999998914       0.99999999999998035     
   7.1899999999998911       0.99999999999998179     
   7.1999999999998909       0.99999999999998312     
   7.2099999999998907       0.99999999999998401     
   7.2199999999998905       0.99999999999998557     
   7.2299999999998903       0.99999999999998612     
   7.2399999999998901       0.99999999999998723     
   7.2499999999998899       0.99999999999998812     
   7.2599999999998897       0.99999999999998879     
   7.2699999999998894       0.99999999999998945     
   7.2799999999998892       0.99999999999999034     
   7.2899999999998890       0.99999999999999056     
   7.2999999999998888       0.99999999999999145     
   7.3099999999998886       0.99999999999999212     
   7.3199999999998884       0.99999999999999245     
   7.3299999999998882       0.99999999999999267     
   7.3399999999998879       0.99999999999999356     
   7.3499999999998877       0.99999999999999367     
   7.3599999999998875       0.99999999999999456     
   7.3699999999998873       0.99999999999999478     
   7.3799999999998871       0.99999999999999512     
   7.3899999999998869       0.99999999999999523     
   7.3999999999998867       0.99999999999999556     
   7.4099999999998865       0.99999999999999578     
   7.4199999999998862       0.99999999999999578     
   7.4299999999998860       0.99999999999999611     
   7.4399999999998858       0.99999999999999645     
   7.4499999999998856       0.99999999999999667     
   7.4599999999998854       0.99999999999999689     
   7.4699999999998852       0.99999999999999722     
   7.4799999999998850       0.99999999999999734     
   7.4899999999998847       0.99999999999999756     
   7.4999999999998845       0.99999999999999767     
   7.5099999999998843       0.99999999999999789     
   7.5199999999998841       0.99999999999999811     
   7.5299999999998839       0.99999999999999822     
   7.5399999999998837       0.99999999999999822     
   7.5499999999998835       0.99999999999999822     
   7.5599999999998833       0.99999999999999845     
   7.5699999999998830       0.99999999999999856     
   7.5799999999998828       0.99999999999999856     
   7.5899999999998826       0.99999999999999900     
   7.5999999999998824       0.99999999999999900     
   7.6099999999998822       0.99999999999999911     
   7.6199999999998820       0.99999999999999911     
   7.6299999999998818       0.99999999999999933     
   7.6399999999998816       0.99999999999999933     
   7.6499999999998813       0.99999999999999933     
   7.6599999999998811       0.99999999999999944     
   7.6699999999998809       0.99999999999999933     
   7.6799999999998807       0.99999999999999933     
   7.6899999999998805       0.99999999999999944     
   7.6999999999998803       0.99999999999999944     
   7.7099999999998801       0.99999999999999944     
   7.7199999999998798       0.99999999999999967     
   7.7299999999998796       0.99999999999999967     
   7.7399999999998794       0.99999999999999967     
   7.7499999999998792       0.99999999999999967     
   7.7599999999998790       0.99999999999999967     
   7.7699999999998788       0.99999999999999978     
   7.7799999999998786       0.99999999999999978     
   7.7899999999998784       0.99999999999999978     
   7.7999999999998781       0.99999999999999978     
   7.8099999999998779       0.99999999999999978     
   7.8199999999998777       0.99999999999999978     
   7.8299999999998775       0.99999999999999978     
   7.8399999999998773       0.99999999999999978     
   7.8499999999998771       0.99999999999999978     
   7.8599999999998769       0.99999999999999978     
   7.8699999999998766       0.99999999999999978     
   7.8799999999998764       0.99999999999999978     
   7.8899999999998762       0.99999999999999978     
   7.8999999999998760       0.99999999999999978     
   7.9099999999998758       0.99999999999999978     
   7.9199999999998756       0.99999999999999978     
   7.9299999999998754       0.99999999999999978     
   7.9399999999998752       0.99999999999999978     
   7.9499999999998749       0.99999999999999978     
   7.9599999999998747       0.99999999999999978     
   7.9699999999998745       0.99999999999999978     
   7.9799999999998743       0.99999999999999978     
   7.9899999999998741       0.99999999999999978     
   7.9999999999998739       0.99999999999999978     
   8.0099999999998737       0.99999999999999978     
   8.0199999999998735        1.0000000000000000     
   8.0299999999998732        1.0000000000000000     
   8.0399999999998730        1.0000000000000000     
   8.0499999999998728        1.0000000000000000     
   8.0599999999998726        1.0000000000000000     
   8.0699999999998724        1.0000000000000000     
   8.0799999999998722        1.0000000000000000     
   8.0899999999998720        1.0000000000000000     
   8.0999999999998717        1.0000000000000000     
   8.1099999999998715        1.0000000000000000     
   8.1199999999998713        1.0000000000000000     
   8.1299999999998711        1.0000000000000000     
   8.1399999999998709        1.0000000000000000     
   8.1499999999998707        1.0000000000000000     
   8.1599999999998705        1.0000000000000000     
   8.1699999999998703        1.0000000000000000     
   8.1799999999998700        1.0000000000000000     
   8.1899999999998698        1.0000000000000000     
   8.1999999999998696        1.0000000000000000     
   8.2099999999998694        1.0000000000000000     
   8.2199999999998692        1.0000000000000000     
   8.2299999999998690        1.0000000000000000     
   8.2399999999998688        1.0000000000000000     
   8.2499999999998685        1.0000000000000000     
   8.2599999999998683        1.0000000000000000     
   8.2699999999998681        1.0000000000000000     
   8.2799999999998679        1.0000000000000000     
   8.2899999999998677        1.0000000000000000     
   8.2999999999998675        1.0000000000000000     
   8.3099999999998673        1.0000000000000000     
   8.3199999999998671        1.0000000000000000     
   8.3299999999998668        1.0000000000000000     
   8.3399999999998666        1.0000000000000000     
   8.3499999999998664        1.0000000000000000     
   8.3599999999998662        1.0000000000000000     
   8.3699999999998660        1.0000000000000000     
   8.3799999999998658        1.0000000000000000     
   8.3899999999998656        1.0000000000000000     
   8.3999999999998654        1.0000000000000000     
   8.4099999999998651        1.0000000000000000     
   8.4199999999998649        1.0000000000000000     
   8.4299999999998647        1.0000000000000000     
   8.4399999999998645        1.0000000000000000     
   8.4499999999998643        1.0000000000000000     
   8.4599999999998641        1.0000000000000000     
   8.4699999999998639        1.0000000000000000     
   8.4799999999998636        1.0000000000000000     
   8.4899999999998634        1.0000000000000000     
   8.4999999999998632        1.0000000000000000     
   8.5099999999998630        1.0000000000000000     
   8.5199999999998628        1.0000000000000000     
   8.5299999999998626        1.0000000000000000     
   8.5399999999998624        1.0000000000000000     
   8.5499999999998622        1.0000000000000000     
   8.5599999999998619        1.0000000000000000     
   8.5699999999998617        1.0000000000000000     
   8.5799999999998615        1.0000000000000000     
   8.5899999999998613        1.0000000000000000     
   8.5999999999998611        1.0000000000000000     
   8.6099999999998609        1.0000000000000000     
   8.6199999999998607        1.0000000000000000     
   8.6299999999998604        1.0000000000000000     
   8.6399999999998602        1.0000000000000000     
   8.6499999999998600        1.0000000000000000     
   8.6599999999998598        1.0000000000000000     
   8.6699999999998596        1.0000000000000000     
   8.6799999999998594        1.0000000000000000     
   8.6899999999998592        1.0000000000000000     
   8.6999999999998590        1.0000000000000000     
   8.7099999999998587        1.0000000000000000     
   8.7199999999998585        1.0000000000000000     
   8.7299999999998583        1.0000000000000000     
   8.7399999999998581        1.0000000000000000     
   8.7499999999998579        1.0000000000000000     
   8.7599999999998577        1.0000000000000000     
   8.7699999999998575        1.0000000000000000     
   8.7799999999998573        1.0000000000000000     
   8.7899999999998570        1.0000000000000000     
   8.7999999999998568        1.0000000000000000     
   8.8099999999998566        1.0000000000000000     
   8.8199999999998564        1.0000000000000000     
   8.8299999999998562        1.0000000000000000     
   8.8399999999998560        1.0000000000000000     
   8.8499999999998558        1.0000000000000000     
   8.8599999999998555        1.0000000000000000     
   8.8699999999998553        1.0000000000000000     
   8.8799999999998551        1.0000000000000000     
   8.8899999999998549        1.0000000000000000     
   8.8999999999998547        1.0000000000000000     
   8.9099999999998545        1.0000000000000000     
   8.9199999999998543        1.0000000000000000     
   8.9299999999998541        1.0000000000000000     
   8.9399999999998538        1.0000000000000000     
   8.9499999999998536        1.0000000000000000     
   8.9599999999998534        1.0000000000000000     
   8.9699999999998532        1.0000000000000000     
   8.9799999999998530        1.0000000000000000     
   8.9899999999998528        1.0000000000000000     
   8.9999999999998526        1.0000000000000000     
   9.0099999999998523        1.0000000000000000     
   9.0199999999998521        1.0000000000000000     
   9.0299999999998519        1.0000000000000000     
   9.0399999999998517        1.0000000000000000     
   9.0499999999998515        1.0000000000000000     
   9.0599999999998513        1.0000000000000000     
   9.0699999999998511        1.0000000000000000     
   9.0799999999998509        1.0000000000000000     
   9.0899999999998506        1.0000000000000000     
   9.0999999999998504        1.0000000000000000     
   9.1099999999998502        1.0000000000000000     
   9.1199999999998500        1.0000000000000000     
   9.1299999999998498        1.0000000000000000     
   9.1399999999998496        1.0000000000000000     
   9.1499999999998494        1.0000000000000000     
   9.1599999999998492        1.0000000000000000     
   9.1699999999998489        1.0000000000000000     
   9.1799999999998487        1.0000000000000000     
   9.1899999999998485        1.0000000000000000     
   9.1999999999998483        1.0000000000000000     
   9.2099999999998481        1.0000000000000000     
   9.2199999999998479        1.0000000000000000     
   9.2299999999998477        1.0000000000000000     
   9.2399999999998474        1.0000000000000000     
   9.2499999999998472        1.0000000000000000     
   9.2599999999998470        1.0000000000000000     
   9.2699999999998468        1.0000000000000000     
   9.2799999999998466        1.0000000000000000     
   9.2899999999998464        1.0000000000000000     
   9.2999999999998462        1.0000000000000000     
   9.3099999999998460        1.0000000000000000     
   9.3199999999998457        1.0000000000000000     
   9.3299999999998455        1.0000000000000000     
   9.3399999999998453        1.0000000000000000     
   9.3499999999998451        1.0000000000000000     
   9.3599999999998449        1.0000000000000000     
   9.3699999999998447        1.0000000000000000     
   9.3799999999998445        1.0000000000000000     
   9.3899999999998442        1.0000000000000000     
   9.3999999999998440        1.0000000000000000     
   9.4099999999998438        1.0000000000000000     
   9.4199999999998436        1.0000000000000000     
   9.4299999999998434        1.0000000000000000     
   9.4399999999998432        1.0000000000000000     
   9.4499999999998430        1.0000000000000000     
   9.4599999999998428        1.0000000000000000     
   9.4699999999998425        1.0000000000000000     
   9.4799999999998423        1.0000000000000000     
   9.4899999999998421        1.0000000000000000     
   9.4999999999998419        1.0000000000000000     
   9.5099999999998417        1.0000000000000000     
   9.5199999999998415        1.0000000000000000     
   9.5299999999998413        1.0000000000000000     
   9.5399999999998411        1.0000000000000000     
   9.5499999999998408        1.0000000000000000     
   9.5599999999998406        1.0000000000000000     
   9.5699999999998404        1.0000000000000000     
   9.5799999999998402        1.0000000000000000     
   9.5899999999998400        1.0000000000000000     
   9.5999999999998398        1.0000000000000000     
   9.6099999999998396        1.0000000000000000     
   9.6199999999998393        1.0000000000000000     
   9.6299999999998391        1.0000000000000000     
   9.6399999999998389        1.0000000000000000     
   9.6499999999998387        1.0000000000000000     
   9.6599999999998385        1.0000000000000000     
   9.6699999999998383        1.0000000000000000     
   9.6799999999998381        1.0000000000000000     
   9.6899999999998379        1.0000000000000000     
   9.6999999999998376        1.0000000000000000     
   9.7099999999998374        1.0000000000000000     
   9.7199999999998372        1.0000000000000000     
   9.7299999999998370        1.0000000000000000     
   9.7399999999998368        1.0000000000000000     
   9.7499999999998366        1.0000000000000000     
   9.7599999999998364        1.0000000000000000     
   9.7699999999998361        1.0000000000000000     
   9.7799999999998359        1.0000000000000000     
   9.7899999999998357        1.0000000000000000     
   9.7999999999998355        1.0000000000000000     
   9.8099999999998353        1.0000000000000000     
   9.8199999999998351        1.0000000000000000     
   9.8299999999998349        1.0000000000000000     
   9.8399999999998347        1.0000000000000000     
   9.8499999999998344        1.0000000000000000     
   9.8599999999998342        1.0000000000000000     
   9.8699999999998340        1.0000000000000000     
   9.8799999999998338        1.0000000000000000     
   9.8899999999998336        1.0000000000000000     
   9.8999999999998334        1.0000000000000000     
   9.9099999999998332        1.0000000000000000     
   9.9199999999998330        1.0000000000000000     
   9.9299999999998327        1.0000000000000000     
   9.9399999999998325        1.0000000000000000     
   9.9499999999998323        1.0000000000000000     
   9.9599999999998321        1.0000000000000000     
   9.9699999999998319        1.0000000000000000     
   9.9799999999998317        1.0000000000000000     
   9.9899999999998315        1.0000000000000000     
   9.9999999999998312        1.0000000000000000     
