   0.0000000000000000        0.0000000000000000     
   1.0000000000000000E-002   5.1996419516047564E-003
   2.0000000000000000E-002   1.0397289161053553E-002
   2.9999999999999999E-002   1.5590949298282055E-002
   4.0000000000000001E-002   2.0778634845825129E-002
   5.0000000000000003E-002   2.5958365476384124E-002
   6.0000000000000005E-002   3.1128170396547351E-002
   7.0000000000000007E-002   3.6286090646419862E-002
   8.0000000000000002E-002   4.1430181345772872E-002
   8.9999999999999997E-002   4.6558513878353164E-002
   9.9999999999999992E-002   5.1669178007168040E-002
  0.10999999999999999        5.6760283914855887E-002
  0.11999999999999998        6.1829964164635536E-002
  0.12999999999999998        6.6876375578753991E-002
  0.13999999999999999        7.1897701032808681E-002
  0.14999999999999999        7.6892151165742245E-002
  0.16000000000000000        8.1857966006691013E-002
  0.17000000000000001        8.6793416521149830E-002
  0.18000000000000002        9.1696806080093438E-002
  0.19000000000000003        9.6566471856710356E-002
  0.20000000000000004       0.10140078615626948     
  0.21000000000000005       0.10619815768529407     
  0.22000000000000006       0.11095703276669013     
  0.23000000000000007       0.11567589650771520     
  0.24000000000000007       0.12035327392771385     
  0.25000000000000006       0.12498773105235837     
  0.26000000000000006       0.12957787598074788     
  0.27000000000000007       0.13412235993113175     
  0.28000000000000008       0.13861987827026262     
  0.29000000000000009       0.14306917153046833     
  0.30000000000000010       0.14746902641747878     
  0.31000000000000011       0.15181827681089732     
  0.32000000000000012       0.15611580475797737     
  0.33000000000000013       0.16036054146010409     
  0.34000000000000014       0.16455146825010400     
  0.35000000000000014       0.16868761755725625     
  0.36000000000000015       0.17276807385568183     
  0.37000000000000016       0.17679197459067353     
  0.38000000000000017       0.18075851107652116     
  0.39000000000000018       0.18466692935851720     
  0.40000000000000019       0.18851653103109930     
  0.41000000000000020       0.19230667400353796     
  0.42000000000000021       0.19603677320419099     
  0.43000000000000022       0.19970630121416091     
  0.44000000000000022       0.20331478882117768     
  0.45000000000000023       0.20686182548471235     
  0.46000000000000024       0.21034705970368431     
  0.47000000000000025       0.21377019927864521     
  0.48000000000000026       0.21713101146101546     
  0.49000000000000027       0.22042932298276452     
  0.50000000000000022       0.22366501996087476     
  0.51000000000000023       0.22683804767197718     
  0.52000000000000024       0.22994841019367437     
  0.53000000000000025       0.23299616991025562     
  0.54000000000000026       0.23598144688173139     
  0.55000000000000027       0.23890441807635537     
  0.56000000000000028       0.24176531646803606     
  0.57000000000000028       0.24456443000124620     
  0.58000000000000029       0.24730210042720208     
  0.59000000000000030       0.24997872201618834     
  0.60000000000000031       0.25259474015192829     
  0.61000000000000032       0.25515064981484298     
  0.62000000000000033       0.25764699396188101     
  0.63000000000000034       0.26008436181133726     
  0.64000000000000035       0.26246338704170513     
  0.65000000000000036       0.26478474591411677     
  0.66000000000000036       0.26704915532831769     
  0.67000000000000037       0.26925737082240553     
  0.68000000000000038       0.27141018452672488     
  0.69000000000000039       0.27350842308237250     
  0.70000000000000040       0.27555294553471515     
  0.71000000000000041       0.27754464121218947     
  0.72000000000000042       0.27948442760040937     
  0.73000000000000043       0.28137324822130466     
  0.74000000000000044       0.28321207052662295     
  0.75000000000000044       0.28500188381468039     
  0.76000000000000045       0.28674369717874365     
  0.77000000000000046       0.28843853749487924     
  0.78000000000000047       0.29008744745652337     
  0.79000000000000048       0.29169148366241276     
  0.80000000000000049       0.29325171476389389     
  0.81000000000000050       0.29476921967698333     
  0.82000000000000051       0.29624508586391524     
  0.83000000000000052       0.29768040768826703     
  0.84000000000000052       0.29907628484713300     
  0.85000000000000053       0.30043382088319448     
  0.86000000000000054       0.30175412177894417     
  0.87000000000000055       0.30303829463475251     
  0.88000000000000056       0.30428744643191841     
  0.89000000000000057       0.30550268288133386     
  0.90000000000000058       0.30668510735791021     
  0.91000000000000059       0.30783581992046549     
  0.92000000000000060       0.30895591641635900     
  0.93000000000000060       0.31004648766977860     
  0.94000000000000061       0.31110861875224288     
  0.95000000000000062       0.31214338833357230     
  0.96000000000000063       0.31315186811130480     
  0.97000000000000064       0.31413512231628893     
  0.98000000000000065       0.31509420729198034     
  0.99000000000000066       0.31603017114477844     
   1.0000000000000007       0.31694405346259524     
   1.0100000000000007       0.31783688509871549     
   1.0200000000000007       0.31870968801791283     
   1.0300000000000007       0.31956347520169937     
   1.0400000000000007       0.32039925060953994     
   1.0500000000000007       0.32121800919281529     
   1.0600000000000007       0.32202073695830130     
   1.0700000000000007       0.32280841107792779     
   1.0800000000000007       0.32358200004158594     
   1.0900000000000007       0.32434246384977583     
   1.1000000000000008       0.32509075424291706     
   1.1100000000000008       0.32582781496418356     
   1.1200000000000008       0.32655458205277482     
   1.1300000000000008       0.32727198416458758     
   1.1400000000000008       0.32798094291731078     
   1.1500000000000008       0.32868237325703609     
   1.1600000000000008       0.32937718384353504     
   1.1700000000000008       0.33006627745143358     
   1.1800000000000008       0.33075055138457737     
   1.1900000000000008       0.33143089790096320     
   1.2000000000000008       0.33210820464568291     
   1.2100000000000009       0.33278335508939849     
   1.2200000000000009       0.33345722896994973     
   1.2300000000000009       0.33413070273476997     
   1.2400000000000009       0.33480464998185655     
   1.2500000000000009       0.33547994189712965     
   1.2600000000000009       0.33615744768608208     
   1.2700000000000009       0.33683803499770543     
   1.2800000000000009       0.33752257033875416     
   1.2900000000000009       0.33821191947648954     
   1.3000000000000009       0.33890694782812619     
   1.3100000000000009       0.33960852083528070     
   1.3200000000000010       0.34031750432181268     
   1.3300000000000010       0.34103476483352235     
   1.3400000000000010       0.34176116995826250     
   1.3500000000000010       0.34249758862510332     
   1.3600000000000010       0.34324489138127812     
   1.3700000000000010       0.34400395064573136     
   1.3800000000000010       0.34477564093817081     
   1.3900000000000010       0.34556083908262941     
   1.4000000000000010       0.34636042438462139     
   1.4100000000000010       0.34717527878107884     
   1.4200000000000010       0.34800628696233882     
   1.4300000000000010       0.34885433646554648     
   1.4400000000000011       0.34972031773891932     
   1.4500000000000011       0.35060512417641515     
   1.4600000000000011       0.35150965212241408     
   1.4700000000000011       0.35243480084611356     
   1.4800000000000011       0.35338147248539786     
   1.4900000000000011       0.35435057196002107     
   1.5000000000000011       0.35534300685398545     
   1.5100000000000011       0.35635968726706485     
   1.5200000000000011       0.35740152563545585     
   1.5300000000000011       0.35846943652157348     
   1.5400000000000011       0.35956433637304230     
   1.5500000000000012       0.36068714325094192     
   1.5600000000000012       0.36183877652737700     
   1.5700000000000012       0.36302015655244313     
   1.5800000000000012       0.36423220429065400     
   1.5900000000000012       0.36547584092687824     
   1.6000000000000012       0.36675198744182219     
   1.6100000000000012       0.36806156415707136     
   1.6200000000000012       0.36940549024968844     
   1.6300000000000012       0.37078468323634328     
   1.6400000000000012       0.37220005842694398     
   1.6500000000000012       0.37365252834772972     
   1.6600000000000013       0.37514300213379431     
   1.6700000000000013       0.37667238489103477     
   1.6800000000000013       0.37824157702755012     
   1.6900000000000013       0.37985147355458265     
   1.7000000000000013       0.38150296335716605     
   1.7100000000000013       0.38319692843475328     
   1.7200000000000013       0.38493424311223234     
   1.7300000000000013       0.38671577322187800     
   1.7400000000000013       0.38854237525698754     
   1.7500000000000013       0.39041489549814373     
   1.7600000000000013       0.39233416911327923     
   1.7700000000000014       0.39430101923296346     
   1.7800000000000014       0.39631625600260240     
   1.7900000000000014       0.39838067561350338     
   1.8000000000000014       0.40049505931504314     
   1.8100000000000014       0.40266017241044272     
   1.8200000000000014       0.40487676323891497     
   1.8300000000000014       0.40714556214718872     
   1.8400000000000014       0.40946728045362363     
   1.8500000000000014       0.41184260940829431     
   1.8600000000000014       0.41427221915254636     
   1.8700000000000014       0.41675675768158754     
   1.8800000000000014       0.41929684981366844     
   1.8900000000000015       0.42189309616933424     
   1.9000000000000015       0.42454607216405699     
   1.9100000000000015       0.42725632701732430     
   1.9200000000000015       0.43002438278091931     
   1.9300000000000015       0.43285073338869362     
   1.9400000000000015       0.43573584372963625     
   1.9500000000000015       0.43868014874542754     
   1.9600000000000015       0.44168405255299692     
   1.9700000000000015       0.44474792759184600     
   1.9800000000000015       0.44787211379509362     
   1.9900000000000015       0.45105691778233770     
   2.0000000000000013       0.45430261207154826     
   2.0100000000000011       0.45760943430629020     
   2.0200000000000009       0.46097758649370141     
   2.0300000000000007       0.46440723424776409     
   2.0400000000000005       0.46789850603160971     
   2.0500000000000003       0.47145149239183887     
   2.0600000000000001       0.47506624517720664     
   2.0699999999999998       0.47874277673348198     
   2.0799999999999996       0.48248105906592270     
   2.0899999999999994       0.48628102296056880     
   2.0999999999999992       0.49014255705552978     
   2.1099999999999990       0.49406550685359990     
   2.1199999999999988       0.49804967366790420     
   2.1299999999999986       0.50209481349288410     
   2.1399999999999983       0.50620063579375796     
   2.1499999999999981       0.51036680220866182     
   2.1599999999999979       0.51459292515897348     
   2.1699999999999977       0.51887856636485608     
   2.1799999999999975       0.52322323526480918     
   2.1899999999999973       0.52762638733996070     
   2.1999999999999971       0.53208742234597983     
   2.2099999999999969       0.53660568245778240     
   2.2199999999999966       0.54118045033462436     
   2.2299999999999964       0.54581094711570777     
   2.2399999999999962       0.55049633035900081     
   2.2499999999999960       0.55523569193857192     
   2.2599999999999958       0.56002805591831950     
   2.2699999999999956       0.56487237642246912     
   2.2799999999999954       0.56976753552560455     
   2.2899999999999952       0.57471234118721093     
   2.2999999999999949       0.57970552525771002     
   2.3099999999999947       0.58474574158471448     
   2.3199999999999945       0.58983156424965943     
   2.3299999999999943       0.59496148596607812     
   2.3399999999999941       0.60013391667147675     
   2.3499999999999939       0.60534718234509111     
   2.3599999999999937       0.61059952408364560     
   2.3699999999999934       0.61588909746665577     
   2.3799999999999932       0.62121397224174313     
   2.3899999999999930       0.62657213235889764     
   2.3999999999999928       0.63196147638061728     
   2.4099999999999926       0.63737981829239898     
   2.4199999999999924       0.64282488873516264     
   2.4299999999999922       0.64829433667788616     
   2.4399999999999920       0.65378573154507591     
   2.4499999999999917       0.65929656580970442     
   2.4599999999999915       0.66482425805798728     
   2.4699999999999913       0.67036615652790177     
   2.4799999999999911       0.67591954311871760     
   2.4899999999999909       0.68148163786408611     
   2.4999999999999907       0.68704960385650460     
   2.5099999999999905       0.69262055260624866     
   2.5199999999999902       0.69819154981330622     
   2.5299999999999900       0.70375962152640414     
   2.5399999999999898       0.70932176065905883     
   2.5499999999999896       0.71487493382870249     
   2.5599999999999894       0.72041608848139782     
   2.5699999999999892       0.72594216026153513     
   2.5799999999999890       0.73145008058319594     
   2.5899999999999888       0.73693678435765708     
   2.5999999999999885       0.74239921782977636     
   2.6099999999999883       0.74783434647477787     
   2.6199999999999881       0.75323916290628634     
   2.6299999999999879       0.75861069474625942     
   2.6399999999999877       0.76394601240785909     
   2.6499999999999875       0.76924223674310910     
   2.6599999999999873       0.77449654650857302     
   2.6699999999999871       0.77970618560404037     
   2.6799999999999868       0.78486847004144766     
   2.6899999999999866       0.78998079460386539     
   2.6999999999999864       0.79504063915732581     
   2.7099999999999862       0.80004557458151970     
   2.7199999999999860       0.80499326828890860     
   2.7299999999999858       0.80988148930549153     
   2.7399999999999856       0.81470811289036693     
   2.7499999999999853       0.81947112467518335     
   2.7599999999999851       0.82416862430863547     
   2.7699999999999849       0.82879882859520559     
   2.7799999999999847       0.83336007412138691     
   2.7899999999999845       0.83785081936657047     
   2.7999999999999843       0.84226964629960932     
   2.8099999999999841       0.84661526146578647     
   2.8199999999999839       0.85088649657238902     
   2.8299999999999836       0.85508230858441081     
   2.8399999999999834       0.85920177934494768     
   2.8499999999999832       0.86324411473765961     
   2.8599999999999830       0.86720864341119441     
   2.8699999999999828       0.87109481508771092     
   2.8799999999999826       0.87490219847957185     
   2.8899999999999824       0.87863047883994161     
   2.8999999999999821       0.88227945517432982     
   2.9099999999999819       0.88584903714120911     
   2.9199999999999817       0.88933924167054801     
   2.9299999999999815       0.89275018932958972     
   2.9399999999999813       0.89608210046540260     
   2.9499999999999811       0.89933529115366362     
   2.9599999999999809       0.90251016898284775     
   2.9699999999999807       0.90560722870246635     
   2.9799999999999804       0.90862704776328329     
   2.9899999999999802       0.91157028177653898     
   2.9999999999999800       0.91443765991813664     
   3.0099999999999798       0.91722998030255465     
   3.0199999999999796       0.91994810534993299     
   3.0299999999999794       0.92259295716835199     
   3.0399999999999792       0.92516551297185923     
   3.0499999999999790       0.92766680055322859     
   3.0599999999999787       0.93009789382886987     
   3.0699999999999785       0.93245990847171545     
   3.0799999999999783       0.93475399764629163     
   3.0899999999999781       0.93698134785861376     
   3.0999999999999779       0.93914317493196897     
   3.1099999999999777       0.94124072011814042     
   3.1199999999999775       0.94327524635215410     
   3.1299999999999772       0.94524803465720431     
   3.1399999999999770       0.94716038070508635     
   3.1499999999999768       0.94901359153617615     
   3.1599999999999766       0.95080898244180601     
   3.1699999999999764       0.95254787401077123     
   3.1799999999999762       0.95423158934066621     
   3.1899999999999760       0.95586145141379297     
   3.1999999999999758       0.95743878063654775     
   3.2099999999999755       0.95896489254037076     
   3.2199999999999753       0.96044109564167857     
   3.2299999999999751       0.96186868945757154     
   3.2399999999999749       0.96324896267355697     
   3.2499999999999747       0.96458319145907190     
   3.2599999999999745       0.96587263792620248     
   3.2699999999999743       0.96711854872663616     
   3.2799999999999740       0.96832215378165520     
   3.2899999999999738       0.96948466513973830     
   3.2999999999999736       0.97060727595619922     
   3.3099999999999734       0.97169115958917407     
   3.3199999999999732       0.97273746880622403     
   3.3299999999999730       0.97374733509577782     
   3.3399999999999728       0.97472186807767325     
   3.3499999999999726       0.97566215500708764     
   3.3599999999999723       0.97656926036625236     
   3.3699999999999721       0.97744422553840959     
   3.3799999999999719       0.97828806855863371     
   3.3899999999999717       0.97910178393624758     
   3.3999999999999715       0.97988634254374873     
   3.4099999999999713       0.98064269156731565     
   3.4199999999999711       0.98137175451414449     
   3.4299999999999708       0.98207443127206495     
   3.4399999999999706       0.98275159821706770     
   3.4499999999999704       0.98340410836457759     
   3.4599999999999702       0.98403279156050305     
   3.4699999999999700       0.98463845470830513     
   3.4799999999999698       0.98522188202849592     
   3.4899999999999696       0.98578383534722491     
   3.4999999999999694       0.98632505441074370     
   3.5099999999999691       0.98684625722278962     
   3.5199999999999689       0.98734814040206798     
   3.5299999999999687       0.98783137955721334     
   3.5399999999999685       0.98829662967679244     
   3.5499999999999683       0.98874452553205239     
   3.5599999999999681       0.98917568209031248     
   3.5699999999999679       0.98959069493702023     
   3.5799999999999677       0.98999014070467428     
   3.5899999999999674       0.99037457750692115     
   3.5999999999999672       0.99074454537630630     
   3.6099999999999670       0.99110056670424918     
   3.6199999999999668       0.99144314668196809     
   3.6299999999999666       0.99177277374116857     
   3.6399999999999664       0.99208991999342533     
   3.6499999999999662       0.99239504166729398     
   3.6599999999999659       0.99268857954228129     
   3.6699999999999657       0.99297095937888358     
   3.6799999999999655       0.99324259234399603     
   3.6899999999999653       0.99350387543106633     
   3.6999999999999651       0.99375519187445305     
   3.7099999999999649       0.99399691155748049     
   3.7199999999999647       0.99422939141380196     
   3.7299999999999645       0.99445297582167191     
   3.7399999999999642       0.99466799699084729     
   3.7499999999999640       0.99487477534183344     
   3.7599999999999638       0.99507361987727549     
   3.7699999999999636       0.99526482854530596     
   3.7799999999999634       0.99544868859472346     
   3.7899999999999632       0.99562547692189329     
   3.7999999999999630       0.99579546040930533     
   3.8099999999999627       0.99595889625574241     
   3.8199999999999625       0.99611603229804691     
   3.8299999999999623       0.99626710732449364     
   3.8399999999999621       0.99641235137979900     
   3.8499999999999619       0.99655198606181883     
   3.8599999999999617       0.99668622480998448     
   3.8699999999999615       0.99681527318558893     
   3.8799999999999613       0.99693932914398498     
   3.8899999999999610       0.99705858329882169     
   3.8999999999999608       0.99717321917843282     
   3.9099999999999606       0.99728341347450111     
   3.9199999999999604       0.99738933628312654     
   3.9299999999999602       0.99749115133845667     
   3.9399999999999600       0.99758901623900054     
   3.9499999999999598       0.99768308266680117     
   3.9599999999999596       0.99777349659960302     
   3.9699999999999593       0.99786039851618047     
   3.9799999999999591       0.99794392359498740     
   3.9899999999999589       0.99802420190628138     
   3.9999999999999587       0.99810135859789473     
   4.0099999999999589       0.99817551407480931     
   4.0199999999999587       0.99824678417269486     
   4.0299999999999585       0.99831528032557848     
   4.0399999999999583       0.99838110972780447     
   4.0499999999999581       0.99844437549044163     
   4.0599999999999579       0.99850517679229944     
   4.0699999999999577       0.99856360902570651     
   4.0799999999999574       0.99861976393720697     
   4.0899999999999572       0.99867372976332991     
   4.0999999999999570       0.99872559136157213     
   4.1099999999999568       0.99877543033675431     
   4.1199999999999566       0.99882332516287908     
   4.1299999999999564       0.99886935130064802     
   4.1399999999999562       0.99891358131076313     
   4.1499999999999559       0.99895608496315624     
   4.1599999999999557       0.99899692934227335     
   4.1699999999999555       0.99903617894854357     
   4.1799999999999553       0.99907389579616634     
   4.1899999999999551       0.99911013950732597     
   4.1999999999999549       0.99914496740296355     
   4.2099999999999547       0.99917843459021594     
   4.2199999999999545       0.99921059404664758     
   4.2299999999999542       0.99924149670136542     
   4.2399999999999540       0.99927119151313726     
   4.2499999999999538       0.99929972554561930     
   4.2599999999999536       0.99932714403978318     
   4.2699999999999534       0.99935349048365085     
   4.2799999999999532       0.99937880667942458     
   4.2899999999999530       0.99940313280810633     
   4.2999999999999527       0.99942650749169792     
   4.3099999999999525       0.99944896785306947     
   4.3199999999999523       0.99947054957357018     
   4.3299999999999521       0.99949128694847500     
   4.3399999999999519       0.99951121294033562     
   4.3499999999999517       0.99953035923032107     
   4.3599999999999515       0.99954875626760775     
   4.3699999999999513       0.99956643331690431     
   4.3799999999999510       0.99958341850416998     
   4.3899999999999508       0.99959973886059539     
   4.3999999999999506       0.99961542036491413     
   4.4099999999999504       0.99963048798409537     
   4.4199999999999502       0.99964496571249162     
   4.4299999999999500       0.99965887660948671     
   4.4399999999999498       0.99967224283570932     
   4.4499999999999496       0.99968508568785497     
   4.4599999999999493       0.99969742563218200     
   4.4699999999999491       0.99970928233671585     
   4.4799999999999489       0.99972067470222459     
   4.4899999999999487       0.99973162089199930     
   4.4999999999999485       0.99974213836049441     
   4.5099999999999483       0.99975224388086070     
   4.5199999999999481       0.99976195357142550     
   4.5299999999999478       0.99977128292114792     
   4.5399999999999476       0.99978024681409472     
   4.5499999999999474       0.99978885955296870     
   4.5599999999999472       0.99979713488173672     
   4.5699999999999470       0.99980508600737306     
   4.5799999999999468       0.99981272562077161     
   4.5899999999999466       0.99982006591684369     
   4.5999999999999464       0.99982711861384288     
   4.6099999999999461       0.99983389497193564     
   4.6199999999999459       0.99984040581105837     
   4.6299999999999457       0.99984666152808011     
   4.6399999999999455       0.99985267211329920     
   4.6499999999999453       0.99985844716630179     
   4.6599999999999451       0.99986399591120279     
   4.6699999999999449       0.99986932721129962     
   4.6799999999999446       0.99987444958314986     
   4.6899999999999444       0.99987937121010839     
   4.6999999999999442       0.99988409995533434     
   4.7099999999999440       0.99988864337429617     
   4.7199999999999438       0.99989300872678621     
   4.7299999999999436       0.99989720298847096     
   4.7399999999999434       0.99990123286199062     
   4.7499999999999432       0.99990510478762618     
   4.7599999999999429       0.99990882495355038     
   4.7699999999999427       0.99991239930568621     
   4.7799999999999425       0.99991583355716906     
   4.7899999999999423       0.99991913319745052     
   4.7999999999999421       0.99992230350104228     
   4.8099999999999419       0.99992534953592271     
   4.8199999999999417       0.99992827617161284     
   4.8299999999999415       0.99993108808693398     
   4.8399999999999412       0.99993378977747316     
   4.8499999999999410       0.99993638556274722     
   4.8599999999999408       0.99993887959309014     
   4.8699999999999406       0.99994127585627424     
   4.8799999999999404       0.99994357818386870     
   4.8899999999999402       0.99994579025735619     
   4.8999999999999400       0.99994791561400220     
   4.9099999999999397       0.99994995765249994     
   4.9199999999999395       0.99995191963839591     
   4.9299999999999393       0.99995380470930018     
   4.9399999999999391       0.99995561587989634     
   4.9499999999999389       0.99995735604675084     
   4.9599999999999387       0.99995902799293968     
   4.9699999999999385       0.99996063439249239     
   4.9799999999999383       0.99996217781465913     
   4.9899999999999380       0.99996366072801590     
   4.9999999999999378       0.99996508550440621     
   5.0099999999999376       0.99996645442272958     
   5.0199999999999374       0.99996776967257994     
   5.0299999999999372       0.99996903335774512     
   5.0399999999999370       0.99997024749956842     
   5.0499999999999368       0.99997141404017431     
   5.0599999999999365       0.99997253484557502     
   5.0699999999999363       0.99997361170865018     
   5.0799999999999361       0.99997464635201261     
   5.0899999999999359       0.99997564043075970     
   5.0999999999999357       0.99997659553512042     
   5.1099999999999355       0.99997751319299433     
   5.1199999999999353       0.99997839487239570     
   5.1299999999999351       0.99997924198379873     
   5.1399999999999348       0.99998005588239169     
   5.1499999999999346       0.99998083787024572     
   5.1599999999999344       0.99998158919839042     
   5.1699999999999342       0.99998231106882185     
   5.1799999999999340       0.99998300463641776     
   5.1899999999999338       0.99998367101078500     
   5.1999999999999336       0.99998431125803589     
   5.2099999999999334       0.99998492640249259     
   5.2199999999999331       0.99998551742832076     
   5.2299999999999329       0.99998608528110788     
   5.2399999999999327       0.99998663086937412     
   5.2499999999999325       0.99998715506602243     
   5.2599999999999323       0.99998765870973794     
   5.2699999999999321       0.99998814260632751     
   5.2799999999999319       0.99998860753000762     
   5.2899999999999316       0.99998905422464401     
   5.2999999999999314       0.99998948340494109     
   5.3099999999999312       0.99998989575758279     
   5.3199999999999310       0.99999029194233402     
   5.3299999999999308       0.99999067259309460     
   5.3399999999999306       0.99999103831891090     
   5.3499999999999304       0.99999138970495460     
   5.3599999999999302       0.99999172731345409     
   5.3699999999999299       0.99999205168459582     
   5.3799999999999297       0.99999236333738883     
   5.3899999999999295       0.99999266277049415     
   5.3999999999999293       0.99999295046302261     
   5.4099999999999291       0.99999322687530001     
   5.4199999999999289       0.99999349244960634     
   5.4299999999999287       0.99999374761088000     
   5.4399999999999284       0.99999399276740164     
   5.4499999999999282       0.99999422831144091     
   5.4599999999999280       0.99999445461989078     
   5.4699999999999278       0.99999467205486725     
   5.4799999999999276       0.99999488096428713     
   5.4899999999999274       0.99999508168242779     
   5.4999999999999272       0.99999527453046100     
   5.5099999999999270       0.99999545981696580     
   5.5199999999999267       0.99999563783842094     
   5.5299999999999265       0.99999580887968331     
   5.5399999999999263       0.99999597321444045     
   5.5499999999999261       0.99999613110564811     
   5.5599999999999259       0.99999628280595443     
   5.5699999999999257       0.99999642855810000     
   5.5799999999999255       0.99999656859530817     
   5.5899999999999253       0.99999670314165723     
   5.5999999999999250       0.99999683241244286     
   5.6099999999999248       0.99999695661451549     
   5.6199999999999246       0.99999707594661769     
   5.6299999999999244       0.99999719059969916     
   5.6399999999999242       0.99999730075722215     
   5.6499999999999240       0.99999740659545566     
   5.6599999999999238       0.99999750828375811     
   5.6699999999999235       0.99999760598484688     
   5.6799999999999233       0.99999769985506037     
   5.6899999999999231       0.99999779004460532     
   5.6999999999999229       0.99999787669780016     
   5.7099999999999227       0.99999795995330576     
   5.7199999999999225       0.99999803994434466     
   5.7299999999999223       0.99999811679891437     
   5.7399999999999221       0.99999819063999862     
   5.7499999999999218       0.99999826158575378     
   5.7599999999999216       0.99999832974970737     
   5.7699999999999214       0.99999839524093237     
   5.7799999999999212       0.99999845816422683     
   5.7899999999999210       0.99999851862028000     
   5.7999999999999208       0.99999857670583214     
   5.8099999999999206       0.99999863251383059     
   5.8199999999999203       0.99999868613357923     
   5.8299999999999201       0.99999873765087866     
   5.8399999999999199       0.99999878714816648     
   5.8499999999999197       0.99999883470464868     
   5.8599999999999195       0.99999888039642315     
   5.8699999999999193       0.99999892429660586     
   5.8799999999999191       0.99999896647544517     
   5.8899999999999189       0.99999900700043642     
   5.8999999999999186       0.99999904593642630     
   5.9099999999999184       0.99999908334572063     
   5.9199999999999182       0.99999911928818108     
   5.9299999999999180       0.99999915382132276     
   5.9399999999999178       0.99999918700040513     
   5.9499999999999176       0.99999921887852161     
   5.9599999999999174       0.99999924950668395     
   5.9699999999999172       0.99999927893390195     
   5.9799999999999169       0.99999930720726582     
   5.9899999999999167       0.99999933437201849     
   5.9999999999999165       0.99999936047162929     
   6.0099999999999163       0.99999938554786238     
   6.0199999999999161       0.99999940964084477     
   6.0299999999999159       0.99999943278913006     
   6.0399999999999157       0.99999945502976095     
   6.0499999999999154       0.99999947639832509     
   6.0599999999999152       0.99999949692901857     
   6.0699999999999150       0.99999951665469300     
   6.0799999999999148       0.99999953560691501     
   6.0899999999999146       0.99999955381601047     
   6.0999999999999144       0.99999957131111972     
   6.1099999999999142       0.99999958812023537     
   6.1199999999999140       0.99999960427025836     
   6.1299999999999137       0.99999961978703078     
   6.1399999999999135       0.99999963469538289     
   6.1499999999999133       0.99999964901917127     
   6.1599999999999131       0.99999966278131636     
   6.1699999999999129       0.99999967600384088     
   6.1799999999999127       0.99999968870790334     
   6.1899999999999125       0.99999970091383350     
   6.1999999999999122       0.99999971264116216     
   6.2099999999999120       0.99999972390865666     
   6.2199999999999118       0.99999973473434700     
   6.2299999999999116       0.99999974513555612     
   6.2399999999999114       0.99999975512892914     
   6.2499999999999112       0.99999976473045615     
   6.2599999999999110       0.99999977395550232     
   6.2699999999999108       0.99999978281882973     
   6.2799999999999105       0.99999979133462180     
   6.2899999999999103       0.99999979951650453     
   6.2999999999999101       0.99999980737757144     
   6.3099999999999099       0.99999981493040202     
   6.3199999999999097       0.99999982218708194     
   6.3299999999999095       0.99999982915922359     
   6.3399999999999093       0.99999983585798380     
   6.3499999999999091       0.99999984229408245     
   6.3599999999999088       0.99999984847781809     
   6.3699999999999086       0.99999985441908579     
   6.3799999999999084       0.99999986012739317     
   6.3899999999999082       0.99999986561187493     
   6.3999999999999080       0.99999987088130726     
   6.4099999999999078       0.99999987594412232     
   6.4199999999999076       0.99999988080842162     
   6.4299999999999073       0.99999988548198926     
   6.4399999999999071       0.99999988997230371     
   6.4499999999999069       0.99999989428655023     
   6.4599999999999067       0.99999989843163284     
   6.4699999999999065       0.99999990241418468     
   6.4799999999999063       0.99999990624057844     
   6.4899999999999061       0.99999990991693755     
   6.4999999999999059       0.99999991344914407     
   6.5099999999999056       0.99999991684285117     
   6.5199999999999054       0.99999992010348859     
   6.5299999999999052       0.99999992323627540     
   6.5399999999999050       0.99999992624622391     
   6.5499999999999048       0.99999992913814983     
   6.5599999999999046       0.99999993191668302     
   6.5699999999999044       0.99999993458626690     
   6.5799999999999041       0.99999993715117619     
   6.5899999999999039       0.99999993961551314     
   6.5999999999999037       0.99999994198322284     
   6.6099999999999035       0.99999994425809258     
   6.6199999999999033       0.99999994644376411     
   6.6299999999999031       0.99999994854373331     
   6.6399999999999029       0.99999995056136259     
   6.6499999999999027       0.99999995249987894     
   6.6599999999999024       0.99999995436238531     
   6.6699999999999022       0.99999995615186177     
   6.6799999999999020       0.99999995787117135     
   6.6899999999999018       0.99999995952306653     
   6.6999999999999016       0.99999996111018941     
   6.7099999999999014       0.99999996263508040     
   6.7199999999999012       0.99999996410018022     
   6.7299999999999010       0.99999996550783188     
   6.7399999999999007       0.99999996686028925     
   6.7499999999999005       0.99999996815971559     
   6.7599999999999003       0.99999996940819114     
   6.7699999999999001       0.99999997060771306     
   6.7799999999998999       0.99999997176020106     
   6.7899999999998997       0.99999997286749909     
   6.7999999999998995       0.99999997393137929     
   6.8099999999998992       0.99999997495354487     
   6.8199999999998990       0.99999997593563061     
   6.8299999999998988       0.99999997687920761     
   6.8399999999998986       0.99999997778578698     
   6.8499999999998984       0.99999997865681856     
   6.8599999999998982       0.99999997949369679     
   6.8699999999998980       0.99999998029776049     
   6.8799999999998978       0.99999998107029620     
   6.8899999999998975       0.99999998181254046     
   6.8999999999998973       0.99999998252568079     
   6.9099999999998971       0.99999998321085870     
   6.9199999999998969       0.99999998386917044     
   6.9299999999998967       0.99999998450166960     
   6.9399999999998965       0.99999998510936761     
   6.9499999999998963       0.99999998569323767     
   6.9599999999998960       0.99999998625421360     
   6.9699999999998958       0.99999998679319357     
   6.9799999999998956       0.99999998731103990     
   6.9899999999998954       0.99999998780858146     
   6.9999999999998952       0.99999998828661329     
   7.0099999999998950       0.99999998874590224     
   7.0199999999998948       0.99999998918718158     
   7.0299999999998946       0.99999998961115799     
   7.0399999999998943       0.99999999001851092     
   7.0499999999998941       0.99999999040989018     
   7.0599999999998939       0.99999999078592394     
   7.0699999999998937       0.99999999114721316     
   7.0799999999998935       0.99999999149433594     
   7.0899999999998933       0.99999999182784727     
   7.0999999999998931       0.99999999214828206     
   7.1099999999998929       0.99999999245615234     
   7.1199999999998926       0.99999999275195106     
   7.1299999999998924       0.99999999303615095     
   7.1399999999998922       0.99999999330920752     
   7.1499999999998920       0.99999999357155667     
   7.1599999999998918       0.99999999382361993     
   7.1699999999998916       0.99999999406579976     
   7.1799999999998914       0.99999999429848263     
   7.1899999999998911       0.99999999452204258     
   7.1999999999998909       0.99999999473683587     
   7.2099999999998907       0.99999999494320713     
   7.2199999999998905       0.99999999514148752     
   7.2299999999998903       0.99999999533199280     
   7.2399999999998901       0.99999999551502761     
   7.2499999999998899       0.99999999569088582     
   7.2599999999998897       0.99999999585984833     
   7.2699999999998894       0.99999999602218637     
   7.2799999999998892       0.99999999617815871     
   7.2899999999998890       0.99999999632801528     
   7.2999999999998888       0.99999999647199567     
   7.3099999999998886       0.99999999661033101     
   7.3199999999998884       0.99999999674324158     
   7.3299999999998882       0.99999999687094066     
   7.3399999999998879       0.99999999699363296     
   7.3499999999998877       0.99999999711151466     
   7.3599999999998875       0.99999999722477373     
   7.3699999999998873       0.99999999733359157     
   7.3799999999998871       0.99999999743814294     
   7.3899999999998869       0.99999999753859448     
   7.3999999999998867       0.99999999763510794     
   7.4099999999998865       0.99999999772783665     
   7.4199999999998862       0.99999999781692950     
   7.4299999999998860       0.99999999790252947     
   7.4399999999998858       0.99999999798477235     
   7.4499999999998856       0.99999999806379036     
   7.4599999999998854       0.99999999813970941     
   7.4699999999998852       0.99999999821265295     
   7.4799999999998850       0.99999999828273611     
   7.4899999999998847       0.99999999835007103     
   7.4999999999998845       0.99999999841476528     
   7.5099999999998843       0.99999999847692356     
   7.5199999999998841       0.99999999853664412     
   7.5299999999998839       0.99999999859402278     
   7.5399999999998837       0.99999999864915212     
   7.5499999999998835       0.99999999870211931     
   7.5599999999998833       0.99999999875301027     
   7.5699999999998830       0.99999999880190527     
   7.5799999999998828       0.99999999884888358     
   7.5899999999998826       0.99999999889401936     
   7.5999999999998824       0.99999999893738600     
   7.6099999999998822       0.99999999897905145     
   7.6199999999998820       0.99999999901908310     
   7.6299999999998818       0.99999999905754555     
   7.6399999999998816       0.99999999909450010     
   7.6499999999998813       0.99999999913000481     
   7.6599999999998811       0.99999999916411730     
   7.6699999999998809       0.99999999919689353     
   7.6799999999998807       0.99999999922838378     
   7.6899999999998805       0.99999999925863914     
   7.6999999999998803       0.99999999928770811     
   7.7099999999998801       0.99999999931563732     
   7.7199999999998798       0.99999999934247197     
   7.7299999999998796       0.99999999936825368     
   7.7399999999998794       0.99999999939302497     
   7.7499999999998792       0.99999999941682494     
   7.7599999999998790       0.99999999943969131     
   7.7699999999998788       0.99999999946166140     
   7.7799999999998786       0.99999999948276996     
   7.7899999999998784       0.99999999950305085     
   7.7999999999998781       0.99999999952253638     
   7.8099999999998779       0.99999999954125851     
   7.8199999999998777       0.99999999955924557     
   7.8299999999998775       0.99999999957652763     
   7.8399999999998773       0.99999999959313213     
   7.8499999999998771       0.99999999960908592     
   7.8599999999998769       0.99999999962441410     
   7.8699999999998766       0.99999999963914099     
   7.8799999999998764       0.99999999965329056     
   7.8899999999998762       0.99999999966688480     
   7.8999999999998760       0.99999999967994679     
   7.9099999999998758       0.99999999969249620     
   7.9199999999998756       0.99999999970455367     
   7.9299999999998754       0.99999999971613818     
   7.9399999999998752       0.99999999972726861     
   7.9499999999998749       0.99999999973796239     
   7.9599999999998747       0.99999999974823683     
   7.9699999999998745       0.99999999975810849     
   7.9799999999998743       0.99999999976759379     
   7.9899999999998741       0.99999999977670662     
   7.9999999999998739       0.99999999978546183     
   8.0099999999998737       0.99999999979387422     
   8.0199999999998735       0.99999999980195631     
   8.0299999999998732       0.99999999980972176     
   8.0399999999998730       0.99999999981718257     
   8.0499999999998728       0.99999999982435084     
   8.0599999999998726       0.99999999983123800     
   8.0699999999998724       0.99999999983785592     
   8.0799999999998722       0.99999999984421362     
   8.0899999999998720       0.99999999985032184     
   8.0999999999998717       0.99999999985619070     
   8.1099999999998715       0.99999999986182964     
   8.1199999999998713       0.99999999986724730     
   8.1299999999998711       0.99999999987245269     
   8.1399999999998709       0.99999999987745436     
   8.1499999999998707       0.99999999988225885     
   8.1599999999998705       0.99999999988687516     
   8.1699999999998703       0.99999999989131139     
   8.1799999999998700       0.99999999989557320     
   8.1899999999998698       0.99999999989966770     
   8.1999999999998696       0.99999999990360144     
   8.2099999999998694       0.99999999990738175     
   8.2199999999998692       0.99999999991101340     
   8.2299999999998690       0.99999999991450261     
   8.2399999999998688       0.99999999991785460     
   8.2499999999998685       0.99999999992107558     
   8.2599999999998683       0.99999999992417032     
   8.2699999999998681       0.99999999992714339     
   8.2799999999998679       0.99999999993000044     
   8.2899999999998677       0.99999999993274524     
   8.2999999999998675       0.99999999993538258     
   8.3099999999998673       0.99999999993791588     
   8.3199999999998671       0.99999999994035060     
   8.3299999999998668       0.99999999994268884     
   8.3399999999998666       0.99999999994493605     
   8.3499999999998664       0.99999999994709543     
   8.3599999999998662       0.99999999994916988     
   8.3699999999998660       0.99999999995116273     
   8.3799999999998658       0.99999999995307765     
   8.3899999999998656       0.99999999995491751     
   8.3999999999998654       0.99999999995668565     
   8.4099999999998651       0.99999999995838396     
   8.4199999999998649       0.99999999996001576     
   8.4299999999998647       0.99999999996158351     
   8.4399999999998645       0.99999999996308930     
   8.4499999999998643       0.99999999996453703     
   8.4599999999998641       0.99999999996592726     
   8.4699999999998639       0.99999999996726363     
   8.4799999999998636       0.99999999996854716     
   8.4899999999998634       0.99999999996978073     
   8.4999999999998632       0.99999999997096534     
   8.5099999999998630       0.99999999997210387     
   8.5199999999998628       0.99999999997319799     
   8.5299999999998626       0.99999999997424849     
   8.5399999999998624       0.99999999997525824     
   8.5499999999998622       0.99999999997622857     
   8.5599999999998619       0.99999999997716038     
   8.5699999999998617       0.99999999997805633     
   8.5799999999998615       0.99999999997891653     
   8.5899999999998613       0.99999999997974309     
   8.5999999999998611       0.99999999998053779     
   8.6099999999998609       0.99999999998130062     
   8.6199999999998607       0.99999999998203382     
   8.6299999999998604       0.99999999998273859     
   8.6399999999998602       0.99999999998341527     
   8.6499999999998600       0.99999999998406564     
   8.6599999999998598       0.99999999998468980     
   8.6699999999998596       0.99999999998529054     
   8.6799999999998594       0.99999999998586742     
   8.6899999999998592       0.99999999998642142     
   8.6999999999998590       0.99999999998695355     
   8.7099999999998587       0.99999999998746569     
   8.7199999999998585       0.99999999998795652     
   8.7299999999998583       0.99999999998842926     
   8.7399999999998581       0.99999999998888256     
   8.7499999999998579       0.99999999998931866     
   8.7599999999998577       0.99999999998973743     
   8.7699999999998575       0.99999999999014033     
   8.7799999999998573       0.99999999999052680     
   8.7899999999998570       0.99999999999089806     
   8.7999999999998568       0.99999999999125511     
   8.8099999999998566       0.99999999999159783     
   8.8199999999998564       0.99999999999192757     
   8.8299999999998562       0.99999999999224387     
   8.8399999999998560       0.99999999999254807     
   8.8499999999998558       0.99999999999284006     
   8.8599999999998555       0.99999999999312073     
   8.8699999999998553       0.99999999999339018     
   8.8799999999998551       0.99999999999364952     
   8.8899999999998549       0.99999999999389877     
   8.8999999999998547       0.99999999999413824     
   8.9099999999998545       0.99999999999436795     
   8.9199999999998543       0.99999999999458866     
   8.9299999999998541       0.99999999999480071     
   8.9399999999998538       0.99999999999500466     
   8.9499999999998536       0.99999999999520062     
   8.9599999999998534       0.99999999999538880     
   8.9699999999998532       0.99999999999556977     
   8.9799999999998530       0.99999999999574318     
   8.9899999999998528       0.99999999999591005     
   8.9999999999998526       0.99999999999607081     
   9.0099999999998523       0.99999999999622446     
   9.0199999999998521       0.99999999999637268     
   9.0299999999998519       0.99999999999651501     
   9.0399999999998517       0.99999999999665168     
   9.0499999999998515       0.99999999999678324     
   9.0599999999998513       0.99999999999690892     
   9.0699999999998511       0.99999999999703015     
   9.0799999999998509       0.99999999999714662     
   9.0899999999998506       0.99999999999725830     
   9.0999999999998504       0.99999999999736622     
   9.1099999999998502       0.99999999999746925     
   9.1199999999998500       0.99999999999756806     
   9.1299999999998498       0.99999999999766376     
   9.1399999999998496       0.99999999999775491     
   9.1499999999998494       0.99999999999784328     
   9.1599999999998492       0.99999999999792788     
   9.1699999999998489       0.99999999999800870     
   9.1799999999998487       0.99999999999808731     
   9.1899999999998485       0.99999999999816225     
   9.1999999999998483       0.99999999999823475     
   9.2099999999998481       0.99999999999830380     
   9.2199999999998479       0.99999999999837030     
   9.2299999999998477       0.99999999999843403     
   9.2399999999998474       0.99999999999849576     
   9.2499999999998472       0.99999999999855471     
   9.2599999999998470       0.99999999999861033     
   9.2699999999998468       0.99999999999866596     
   9.2799999999998466       0.99999999999871803     
   9.2899999999998464       0.99999999999876821     
   9.2999999999998462       0.99999999999881628     
   9.3099999999998460       0.99999999999886280     
   9.3199999999998457       0.99999999999890765     
   9.3299999999998455       0.99999999999894995     
   9.3399999999998453       0.99999999999899136     
   9.3499999999998451       0.99999999999903089     
   9.3599999999998449       0.99999999999906908     
   9.3699999999998447       0.99999999999910527     
   9.3799999999998445       0.99999999999914069     
   9.3899999999998442       0.99999999999917422     
   9.3999999999998440       0.99999999999920663     
   9.4099999999998438       0.99999999999923772     
   9.4199999999998436       0.99999999999926770     
   9.4299999999998434       0.99999999999929667     
   9.4399999999998432       0.99999999999932354     
   9.4499999999998430       0.99999999999935030     
   9.4599999999998428       0.99999999999937572     
   9.4699999999998425       0.99999999999940037     
   9.4799999999998423       0.99999999999942402     
   9.4899999999998421       0.99999999999944666     
   9.4999999999998419       0.99999999999946843     
   9.5099999999998417       0.99999999999948874     
   9.5199999999998415       0.99999999999950895     
   9.5299999999998413       0.99999999999952804     
   9.5399999999998411       0.99999999999954681     
   9.5499999999998408       0.99999999999956435     
   9.5599999999998406       0.99999999999958156     
   9.5699999999998404       0.99999999999959810     
   9.5799999999998402       0.99999999999961420     
   9.5899999999998400       0.99999999999962863     
   9.5999999999998398       0.99999999999964373     
   9.6099999999998396       0.99999999999965716     
   9.6199999999998393       0.99999999999967104     
   9.6299999999998391       0.99999999999968370     
   9.6399999999998389       0.99999999999969591     
   9.6499999999998387       0.99999999999970846     
   9.6599999999998385       0.99999999999971967     
   9.6699999999998383       0.99999999999973022     
   9.6799999999998381       0.99999999999974121     
   9.6899999999998379       0.99999999999975109     
   9.6999999999998376       0.99999999999976108     
   9.7099999999998374       0.99999999999977052     
   9.7199999999998372       0.99999999999977929     
   9.7299999999998370       0.99999999999978784     
   9.7399999999998368       0.99999999999979661     
   9.7499999999998366       0.99999999999980438     
   9.7599999999998364       0.99999999999981171     
   9.7699999999998361       0.99999999999981970     
   9.7799999999998359       0.99999999999982614     
   9.7899999999998357       0.99999999999983336     
   9.7999999999998355       0.99999999999983968     
   9.8099999999998353       0.99999999999984612     
   9.8199999999998351       0.99999999999985190     
   9.8299999999998349       0.99999999999985811     
   9.8399999999998347       0.99999999999986366     
   9.8499999999998344       0.99999999999986899     
   9.8599999999998342       0.99999999999987399     
   9.8699999999998340       0.99999999999987876     
   9.8799999999998338       0.99999999999988387     
   9.8899999999998336       0.99999999999988809     
   9.8999999999998334       0.99999999999989275     
   9.9099999999998332       0.99999999999989697     
   9.9199999999998330       0.99999999999990086     
   9.9299999999998327       0.99999999999990496     
   9.9399999999998325       0.99999999999990807     
   9.9499999999998323       0.99999999999991196     
   9.9599999999998321       0.99999999999991529     
   9.9699999999998319       0.99999999999991873     
   9.9799999999998317       0.99999999999992206     
   9.9899999999998315       0.99999999999992506     
   9.9999999999998312       0.99999999999992806     
