   0.0000000000000000        4.2239246722891061E-002
   1.0000000000000000E-002   4.2190499859538218E-002
   2.0000000000000000E-002   4.2055813990167452E-002
   2.9999999999999999E-002   4.1864530551817672E-002
   4.0000000000000001E-002   4.1651824097002785E-002
   5.0000000000000003E-002   4.1447884785128342E-002
   6.0000000000000005E-002   4.1272800122888427E-002
   7.0000000000000007E-002   4.1136715505344125E-002
   8.0000000000000002E-002   4.1042602449296417E-002
   8.9999999999999997E-002   4.0989379708199915E-002
   9.9999999999999992E-002   4.0974335657505703E-002
  0.10999999999999999        4.0994667032729706E-002
  0.11999999999999998        4.1048317947812177E-002
  0.12999999999999998        4.1134370053397165E-002
  0.13999999999999999        4.1253185433024517E-002
  0.14999999999999999        4.1406434670549282E-002
  0.16000000000000000        4.1597087041724275E-002
  0.17000000000000001        4.1829403074980800E-002
  0.18000000000000002        4.2108947767979028E-002
  0.19000000000000003        4.2442630354652490E-002
  0.20000000000000004        4.2838769616545799E-002
  0.21000000000000005        4.3307179625581754E-002
  0.22000000000000006        4.3859267812040449E-002
  0.23000000000000007        4.4508134349825958E-002
  0.24000000000000007        4.5268658432596413E-002
  0.25000000000000006        4.6157552721533650E-002
  0.26000000000000006        4.7193361939660970E-002
  0.27000000000000007        4.8396375346023819E-002
  0.28000000000000008        4.9788416067175802E-002
  0.29000000000000009        5.1392463822154337E-002
  0.30000000000000010        5.3232062911046700E-002
  0.31000000000000011        5.5330466560349928E-002
  0.32000000000000012        5.7709474599714455E-002
  0.33000000000000013        6.0387937027501261E-002
  0.34000000000000014        6.3379923881990735E-002
  0.35000000000000014        6.6692602861653461E-002
  0.36000000000000015        7.0323918137461222E-002
  0.37000000000000016        7.4260220460325058E-002
  0.38000000000000017        7.8474049709866808E-002
  0.39000000000000018        8.2922304184308293E-002
  0.40000000000000019        8.7545035562172413E-002
  0.41000000000000020        9.2265079798193636E-002
  0.42000000000000021        9.6988676700013488E-002
  0.43000000000000022       0.10160716038270527     
  0.44000000000000022       0.10599974714513291     
  0.45000000000000023       0.11003744131286566     
  0.46000000000000024       0.11358813722793576     
  0.47000000000000025       0.11652304581214779     
  0.48000000000000026       0.11872441659865111     
  0.49000000000000027       0.12009398341542589     
  0.50000000000000022       0.12056085485036656     
  0.51000000000000023       0.12008735157070419     
  0.52000000000000024       0.11867188850891229     
  0.53000000000000025       0.11634888555260971     
  0.54000000000000026       0.11318618936912407     
  0.55000000000000027       0.10928054206170383     
  0.56000000000000028       0.10475154825410354     
  0.57000000000000028        9.9734562246901651E-002
  0.58000000000000029        9.4372960880311982E-002
  0.59000000000000030        8.8810345773633184E-002
  0.60000000000000031        8.3183275466865492E-002
  0.61000000000000032        7.7615109735646712E-002
  0.62000000000000033        7.2211427915234661E-002
  0.63000000000000034        6.7057275477019535E-002
  0.64000000000000035        6.2216247261336594E-002
  0.65000000000000036        5.7731191075916212E-002
  0.66000000000000036        5.3626158324079756E-002
  0.67000000000000037        4.9909159410422038E-002
  0.68000000000000038        4.6575294899373711E-002
  0.69000000000000039        4.3609905019880962E-002
  0.70000000000000040        4.0991480348705693E-002
  0.71000000000000041        3.8694179266838359E-002
  0.72000000000000042        3.6689885705769920E-002
  0.73000000000000043        3.4949805819730249E-002
  0.74000000000000044        3.3445643866907598E-002
  0.75000000000000044        3.2150419386383279E-002
  0.76000000000000045        3.1038995039414579E-002
  0.77000000000000046        3.0088382443129003E-002
  0.78000000000000047        2.9277886250179321E-002
  0.79000000000000048        2.8589137637722126E-002
  0.80000000000000049        2.8006059229311906E-002
  0.81000000000000050        2.7514795318912752E-002
  0.82000000000000051        2.7103634532972633E-002
  0.83000000000000052        2.6762946678090441E-002
  0.84000000000000052        2.6485151008405892E-002
  0.85000000000000053        2.6264728497644666E-002
  0.86000000000000054        2.6098284145042446E-002
  0.87000000000000055        2.5984653805126802E-002
  0.88000000000000056        2.5925028384081825E-002
  0.89000000000000057        2.5923028557860099E-002
  0.90000000000000058        2.5984594839851133E-002
  0.91000000000000059        2.6117451603386944E-002
  0.92000000000000060        2.6329765968913607E-002
  0.93000000000000060        2.6627510710869329E-002
  0.94000000000000061        2.7010122948410147E-002
  0.95000000000000062        2.7464646111052510E-002
  0.96000000000000063        2.7959969300656768E-002
  0.97000000000000064        2.8444763970291182E-002
  0.98000000000000065        2.8853605591204826E-002
  0.99000000000000066        2.9123005412567134E-002
   1.0000000000000007        2.9212360037054661E-002
   1.0100000000000007        2.9118949323581635E-002
   1.0200000000000007        2.8877715509818380E-002
   1.0300000000000007        2.8546143283453736E-002
   1.0400000000000007        2.8183960008106128E-002
   1.0500000000000007        2.7838276211417119E-002
   1.0600000000000007        2.7538290156958040E-002
   1.0700000000000007        2.7297283796069653E-002
   1.0800000000000007        2.7117631426815142E-002
   1.0900000000000007        2.6995746030033244E-002
   1.1000000000000008        2.6925708082028179E-002
   1.1100000000000008        2.6901483083178451E-002
   1.1200000000000008        2.6918078395327949E-002
   1.1300000000000008        2.6972036102044863E-002
   1.1400000000000008        2.7061564556302112E-002
   1.1500000000000008        2.7186502442660358E-002
   1.1600000000000008        2.7348225960839918E-002
   1.1700000000000008        2.7549555816580286E-002
   1.1800000000000008        2.7794688847423359E-002
   1.1900000000000008        2.8089161352174073E-002
   1.2000000000000008        2.8439841515514413E-002
   1.2100000000000009        2.8854942830243965E-002
   1.2200000000000009        2.9344046745910513E-002
   1.2300000000000009        2.9918119536324964E-002
   1.2400000000000009        3.0589504838296297E-002
   1.2500000000000009        3.1371869146058412E-002
   1.2600000000000009        3.2280072789400399E-002
   1.2700000000000009        3.3329933982958269E-002
   1.2800000000000009        3.4537849309000328E-002
   1.2900000000000009        3.5920231903310895E-002
   1.3000000000000009        3.7492730741837316E-002
   1.3100000000000009        3.9269203351065568E-002
   1.3200000000000010        4.1260432768097453E-002
   1.3300000000000010        4.3472609891398874E-002
   1.3400000000000010        4.5905645119690169E-002
   1.3500000000000010        4.8551426093765074E-002
   1.3600000000000010        5.1392195173438571E-002
   1.3700000000000010        5.4399270466271604E-002
   1.3800000000000010        5.7532364091997024E-002
   1.3900000000000010        6.0739746813821736E-002
   1.4000000000000010        6.3959458524394719E-002
   1.4100000000000010        6.7121665763714755E-002
   1.4200000000000010        7.0152125915837485E-002
   1.4300000000000010        7.2976547238400857E-002
   1.4400000000000011        7.5525456614336073E-002
   1.4500000000000011        7.7739033623819065E-002
   1.4600000000000011        7.9571280623296797E-002
   1.4700000000000011        8.0992919011332751E-002
   1.4800000000000011        8.1992563316903050E-002
   1.4900000000000011        8.2576018345915395E-002
   1.5000000000000011        8.2763905296949755E-002
   1.5100000000000011        8.2588144696123411E-002
   1.5200000000000011        8.2088005670629224E-002
   1.5300000000000011        8.1306421893401704E-002
   1.5400000000000011        8.0287093263084017E-002
   1.5500000000000012        7.9072610920363176E-002
   1.5600000000000012        7.7703552796187070E-002
   1.5700000000000012        7.6218277222561664E-002
   1.5800000000000012        7.4653041710107629E-002
   1.5900000000000012        7.3042101191338402E-002
   1.6000000000000012        7.1417564473013201E-002
   1.6100000000000012        6.9808952932004578E-002
   1.6200000000000012        6.8242550949811298E-002
   1.6300000000000012        6.6740720420911046E-002
   1.6400000000000012        6.5321359486224084E-002
   1.6500000000000012        6.3997634479540044E-002
   1.6600000000000013        6.2778035432304646E-002
   1.6700000000000013        6.1666730610185842E-002
   1.6800000000000013        6.0664144586873539E-002
   1.6900000000000013        5.9767663364853271E-002
   1.7000000000000013        5.8972374289494804E-002
   1.7100000000000013        5.8271768194092438E-002
   1.7200000000000013        5.7658356533724447E-002
   1.7300000000000013        5.7124180112285011E-002
   1.7400000000000013        5.6661204638250827E-002
   1.7500000000000013        5.6261610746462715E-002
   1.7600000000000013        5.5917992951135705E-002
   1.7700000000000014        5.5623484608581020E-002
   1.7800000000000014        5.5371825827820652E-002
   1.7900000000000014        5.5157389575949768E-002
   1.8000000000000014        5.4975178876132777E-002
   1.8100000000000014        5.4820805536522334E-002
   1.8200000000000014        5.4690458602194375E-002
   1.8300000000000014        5.4580868813091682E-002
   1.8400000000000014        5.4489273800726074E-002
   1.8500000000000014        5.4413387483092490E-002
   1.8600000000000014        5.4351375973430080E-002
   1.8700000000000014        5.4301841044619575E-002
   1.8800000000000014        5.4263810376702026E-002
   1.8900000000000015        5.4236730813041999E-002
   1.9000000000000015        5.4220455674307402E-002
   1.9100000000000015        5.4215208518098829E-002
   1.9200000000000015        5.4221492336679264E-002
   1.9300000000000015        5.4239895390142852E-002
   1.9400000000000015        5.4270728538715812E-002
   1.9500000000000015        5.4313433004140578E-002
   1.9600000000000015        5.4365762101007686E-002
   1.9700000000000015        5.4422918339688126E-002
   1.9800000000000015        5.4477120300168928E-002
   1.9900000000000015        5.4518302598460439E-002
   2.0000000000000013        5.4536414905006970E-002
   2.0100000000000011        5.4524826047855704E-002
   2.0200000000000009        5.4483192428632504E-002
   2.0300000000000007        5.4418002916694970E-002
   2.0400000000000005        5.4340357822222823E-002
   2.0500000000000003        5.4262322442912077E-002
   2.0600000000000001        5.4193848191928171E-002
   2.0699999999999998        5.4141409535131885E-002
   2.0799999999999996        5.4108220671912739E-002
   2.0899999999999994        5.4095243691436923E-002
   2.0999999999999992        5.4102286020365875E-002
   2.1099999999999990        5.4128846106367000E-002
   2.1199999999999988        5.4174649162980211E-002
   2.1299999999999986        5.4239940970085866E-002
   2.1399999999999983        5.4325630630382850E-002
   2.1499999999999981        5.4433354737969057E-002
   2.1599999999999979        5.4565509919572132E-002
   2.1699999999999977        5.4725280431803934E-002
   2.1799999999999975        5.4916674215573842E-002
   2.1899999999999973        5.5144572926680034E-002
   2.1999999999999971        5.5414796970955131E-002
   2.2099999999999969        5.5734183935085918E-002
   2.2199999999999966        5.6110677007108083E-002
   2.2299999999999964        5.6553418405716344E-002
   2.2399999999999962        5.7072841132062853E-002
   2.2499999999999960        5.7680750324580976E-002
   2.2599999999999958        5.8390383068908015E-002
   2.2699999999999956        5.9216432701080138E-002
   2.2799999999999954        6.0175020557067457E-002
   2.2899999999999952        6.1283594910175737E-002
   2.2999999999999949        6.2560733684452724E-002
   2.3099999999999947        6.4025824519589616E-002
   2.3199999999999945        6.5698592831162833E-002
   2.3299999999999943        6.7598445383718980E-002
   2.3399999999999941        6.9743593259715950E-002
   2.3499999999999939        7.2149914032726872E-002
   2.3599999999999937        7.4829509610132544E-002
   2.3699999999999934        7.7788916637425473E-002
   2.3799999999999932        8.1026935762629995E-002
   2.3899999999999930        8.4532071255563626E-002
   2.3999999999999928        8.8279620368486453E-002
   2.4099999999999926        9.2228527640210320E-002
   2.4199999999999924        9.6318225517568593E-002
   2.4299999999999922       0.10046581900610931     
   2.4399999999999920       0.10456413657450522     
   2.4499999999999917       0.10848135731518875     
   2.4599999999999915       0.11206311772626749     
   2.4699999999999913       0.11513813801425263     
   2.4799999999999911       0.11752831596612218     
   2.4899999999999909       0.11906358659730529     
   2.4999999999999907       0.11960031396102183     
   2.5099999999999905       0.11903982512783906     
   2.5199999999999902       0.11734225119222920     
   2.5299999999999900       0.11453168903481431     
   2.5399999999999898       0.11069176795146743     
   2.5499999999999896       0.10595395568237252     
   2.5599999999999894       0.10048241049783685     
   2.5699999999999892        9.4458676177566606E-002
   2.5799999999999890        8.8068144427383699E-002
   2.5899999999999888        8.1489043672991548E-002
   2.5999999999999885        7.4884089458951558E-002
   2.6099999999999883        6.8394690894304999E-002
   2.6199999999999881        6.2137522324224169E-002
   2.6299999999999879        5.6203212910129911E-002
   2.6399999999999877        5.0656841148230214E-002
   2.6499999999999875        4.5539854213651490E-002
   2.6599999999999873        4.0872986418506084E-002
   2.6699999999999871        3.6659746094811443E-002
   2.6799999999999868        3.2890080923707814E-002
   2.6899999999999866        2.9543908596262110E-002
   2.6999999999999864        2.6594294703420659E-002
   2.7099999999999862        2.4010154258301834E-002
   2.7199999999999860        2.1758433552890224E-002
   2.7299999999999858        1.9805788376099989E-002
   2.7399999999999856        1.8119812309659047E-002
   2.7499999999999853        1.6669888093291028E-002
   2.7599999999999851        1.5427740834839590E-002
   2.7699999999999849        1.4367769069448831E-002
   2.7799999999999847        1.3467222496794044E-002
   2.7899999999999845        1.2706286630361203E-002
   2.7999999999999843        1.2068126541105778E-002
   2.8099999999999841        1.1538935399274967E-002
   2.8199999999999839        1.1108028952839692E-002
   2.8299999999999836        1.0768024089129637E-002
   2.8399999999999834        1.0515137077016755E-002
   2.8499999999999832        1.0349632618286192E-002
   2.8599999999999830        1.0276443991849262E-002
   2.8699999999999828        1.0305959250376326E-002
   2.8799999999999826        1.0454914424083457E-002
   2.8899999999999824        1.0747228352705515E-002
   2.8999999999999821        1.1214418849293643E-002
   2.9099999999999819        1.1894909319461319E-002
   2.9199999999999817        1.2831030889826454E-002
   2.9299999999999815        1.4061888760745085E-002
   2.9399999999999813        1.5609785555264507E-002
   2.9499999999999811        1.7458430493722577E-002
   2.9599999999999809        1.9524375628650371E-002
   2.9699999999999807        2.1630828047835435E-002
   2.9799999999999804        2.3503966804644963E-002
   2.9899999999999802        2.4816461617319225E-002
   2.9999999999999800        2.5284221848398149E-002
   3.0099999999999798        2.4778448432238150E-002
   3.0199999999999796        2.3383618756041395E-002
   3.0299999999999794        2.1359907511631755E-002
   3.0399999999999792        1.9038157149820028E-002
   3.0499999999999790        1.6714964282167052E-002
   3.0599999999999787        1.4594801549158700E-002
   3.0699999999999785        1.2782829406725876E-002
   3.0799999999999783        1.1307102032736202E-002
   3.0899999999999781        1.0148152928178153E-002
   3.0999999999999779        9.2636839756428026E-003
   3.1099999999999777        8.6048887997346498E-003
   3.1199999999999775        8.1254631068701736E-003
   3.1299999999999772        7.7856231737420461E-003
   3.1399999999999770        7.5532130192092978E-003
   3.1499999999999768        7.4033405025654099E-003
   3.1599999999999766        7.3174059995517694E-003
   3.1699999999999764        7.2819872981463203E-003
   3.1799999999999762        7.2878013516752792E-003
   3.1899999999999760        7.3288288442133909E-003
   3.1999999999999758        7.4016189121902465E-003
   3.2099999999999755        7.5047599858535175E-003
   3.2199999999999753        7.6384909375412742E-003
   3.2299999999999751        7.8044244835367010E-003
   3.2399999999999749        8.0053566173337778E-003
   3.2499999999999747        8.2451389177469955E-003
   3.2599999999999745        8.5285934802347158E-003
   3.2699999999999743        8.8614523304586853E-003
   3.2799999999999740        9.2503042743389587E-003
   3.2899999999999738        9.7025321744427448E-003
   3.2999999999999736        1.0226222739281480E-002
   3.3099999999999734        1.0830029272888002E-002
   3.3199999999999732        1.1522965800375635E-002
   3.3299999999999730        1.2314109058595500E-002
   3.3399999999999728        1.3212183695898680E-002
   3.3499999999999726        1.4225006493638646E-002
   3.3599999999999723        1.5358768432766920E-002
   3.3699999999999721        1.6617139867094247E-002
   3.3799999999999719        1.8000194697109874E-002
   3.3899999999999717        1.9503165009658471E-002
   3.3999999999999715        2.1115059426815064E-002
   3.4099999999999713        2.2817209304551458E-002
   3.4199999999999711        2.4581852827120228E-002
   3.4299999999999708        2.6370937109142571E-002
   3.4399999999999706        2.8135421476678617E-002
   3.4499999999999704        2.9815497988796735E-002
   3.4599999999999702        3.1342269945500364E-002
   3.4699999999999700        3.2641445262767875E-002
   3.4799999999999698        3.3639347267294367E-002
   3.4899999999999696        3.4270886104898507E-002
   3.4999999999999694        3.4488160745018988E-002
   3.5099999999999691        3.4267548983713148E-002
   3.5199999999999689        3.3613159037450664E-002
   3.5299999999999687        3.2555630552401599E-002
   3.5399999999999685        3.1146928920869385E-002
   3.5499999999999683        2.9452971205476755E-002
   3.5599999999999681        2.7546077757712419E-002
   3.5699999999999679        2.5498593557924065E-002
   3.5799999999999677        2.3378193731254049E-002
   3.5899999999999674        2.1244819367904393E-002
   3.5999999999999672        1.9148959033692230E-002
   3.6099999999999670        1.7130970343597299E-002
   3.6199999999999668        1.5221185015598219E-002
   3.6299999999999666        1.3440586759324519E-002
   3.6399999999999664        1.1801878679326199E-002
   3.6499999999999662        1.0310775186002853E-002
   3.6599999999999659        8.9673742091068067E-003
   3.6699999999999657        7.7674934367993158E-003
   3.6799999999999655        6.7038874577797581E-003
   3.6899999999999653        5.7672961865961178E-003
   3.6999999999999651        4.9473041710692660E-003
   3.7099999999999649        4.2330125892968617E-003
   3.7199999999999647        3.6135403037937902E-003
   3.7299999999999645        3.0783781317295176E-003
   3.7399999999999642        2.6176231182862722E-003
   3.7499999999999640        2.2221187824715350E-003
   3.7599999999999638        1.8835245289004303E-003
   3.7699999999999636        1.5943337731048092E-003
   3.7799999999999634        1.3478565468915829E-003
   3.7899999999999632        1.1381788412386403E-003
   3.7999999999999630        9.6010791730875074E-004
   3.8099999999999627        8.0911032307044760E-004
   3.8199999999999625        6.8124737987919847E-004
   3.8299999999999623        5.7311138092670832E-004
   3.8399999999999621        4.8176460681473906E-004
   3.8499999999999619        4.0468242650580177E-004
   3.8599999999999617        3.3970115782838738E-004
   3.8699999999999615        2.8497094618872107E-004
   3.8799999999999613        2.3891364130894155E-004
   3.8899999999999610        2.0018547106473580E-004
   3.8999999999999608        1.6764420415006610E-004
   3.9099999999999606        1.4032043403893702E-004
   3.9199999999999604        1.1739259251634860E-004
   3.9299999999999602        9.8165302057920579E-005
   3.9399999999999600        8.2050689496120072E-005
   3.9499999999999598        6.8552307512258039E-005
   3.9599999999999596        5.7251338577525823E-005
   3.9699999999999593        4.7794786079655372E-005
   3.9799999999999591        3.9885389446990100E-005
   3.9899999999999589        3.3273027195946665E-005
   3.9999999999999587        2.7747402714442201E-005
   4.0099999999999589        2.3131829627279712E-005
   4.0199999999999587        1.9277960625542073E-005
   4.0299999999999585        1.6061321633912020E-005
   4.0399999999999583        1.3377532919225639E-005
   4.0499999999999581        1.1139115490099893E-005
   4.0599999999999579        9.2727942447233097E-006
   4.0699999999999577        7.7172237763121632E-006
   4.0799999999999574        6.4210714281603674E-006
   4.0899999999999572        5.3414030625817656E-006
   4.0999999999999570        4.4423254572145053E-006
   4.1099999999999568        3.6938444176125846E-006
   4.1199999999999566        3.0709056743053276E-006
   4.1299999999999564        2.5525896422329487E-006
   4.1399999999999562        2.1214355727172455E-006
   4.1499999999999559        1.7628752729889876E-006
   4.1599999999999557        1.4647578237540297E-006
   4.1699999999999555        1.2169523475155434E-006
   4.1799999999999553        1.0110146287732609E-006
   4.1899999999999551        8.3990865469425748E-007
   4.1999999999999549        6.9777354823299408E-007
   4.2099999999999547        5.7972872701361654E-007
   4.2199999999999545        4.8171106152270189E-007
   4.2299999999999542        4.0033903668294027E-007
   4.2399999999999540        3.3279900022607181E-007
   4.2499999999999538        2.7675036091692489E-007
   4.2599999999999536        2.3024684739491091E-007
   4.2699999999999534        1.9167017844883781E-007
   4.2799999999999532        1.5967525748051751E-007
   4.2899999999999530        1.3314431757413479E-007
   4.2999999999999527        1.1114872260735473E-007
   4.3099999999999525        9.2917168177788243E-008
   4.3199999999999523        7.7809198827892209E-008
   4.3299999999999521        6.5293162639571927E-008
   4.3399999999999519        5.4927879542825053E-008
   4.3499999999999517        4.6347377815155665E-008
   4.3599999999999515        3.9248226249131112E-008
   4.3699999999999513        3.3378984872045095E-008
   4.3799999999999510        2.8531471219371886E-008
   4.3899999999999508        2.4533496658956297E-008
   4.3999999999999506        2.1242848387829379E-008
   4.4099999999999504        1.8542324758427751E-008
   4.4199999999999502        1.6335621799203389E-008
   4.4299999999999500        1.4543951796754212E-008
   4.4399999999999498        1.3103278781047533E-008
   4.4499999999999496        1.1962060295944630E-008
   4.4599999999999493        1.1079428227159023E-008
   4.4699999999999491        1.0423754931362675E-008
   4.4799999999999489        9.9715296909527010E-009
   4.4899999999999487        9.7065244474546348E-009
   4.4999999999999485        9.6192364995901280E-009
   4.5099999999999483        9.7065255151464593E-009
   4.5199999999999481        9.9715293238277436E-009
   4.5299999999999478        1.0423754767840003E-008
   4.5399999999999476        1.1079428463924349E-008
   4.5499999999999474        1.1962060163023213E-008
   4.5599999999999472        1.3103279445825931E-008
   4.5699999999999470        1.4543953176282652E-008
   4.5799999999999468        1.6335622455399846E-008
   4.5899999999999466        1.8542324334789411E-008
   4.5999999999999464        2.1242849704585215E-008
   4.6099999999999461        2.4533496304494436E-008
   4.6199999999999459        2.8531472722994151E-008
   4.6299999999999457        3.3378984095079546E-008
   4.6399999999999455        3.9248227200086928E-008
   4.6499999999999453        4.6347378398914189E-008
   4.6599999999999451        5.4927885191554476E-008
   4.6699999999999449        6.5293164786751426E-008
   4.6799999999999446        7.7809200640927375E-008
   4.6899999999999444        9.2917173759968009E-008
   4.6999999999999442        1.1114873085137666E-007
   4.7099999999999440        1.3314433211873557E-007
   4.7199999999999438        1.5967527445811093E-007
   4.7299999999999436        1.9167020373211743E-007
   4.7399999999999434        2.3024688864002958E-007
   4.7499999999999432        2.7675041830389787E-007
   4.7599999999999429        3.3279905265253519E-007
   4.7699999999999427        4.0033916137320391E-007
   4.7799999999999425        4.8171124789845993E-007
   4.7899999999999423        5.7972896922697337E-007
   4.7999999999999421        6.9777392316241092E-007
   4.8099999999999419        8.3990922449372513E-007
   4.8199999999999417        1.0110154826608985E-006
   4.8299999999999415        1.2169536267896273E-006
   4.8399999999999412        1.4647597231946868E-006
   4.8499999999999410        1.7628780580036798E-006
   4.8599999999999408        2.1214397376245231E-006
   4.8699999999999406        2.5525957485968619E-006
   4.8799999999999404        3.0709146854605271E-006
   4.8899999999999402        3.6938576549409979E-006
   4.8999999999999400        4.4423449211665017E-006
   4.9099999999999397        5.3414316790478079E-006
   4.9199999999999395        6.4211134920234159E-006
   4.9299999999999393        7.7172856059954517E-006
   4.9399999999999391        9.2728849956696842E-006
   4.9499999999999389        1.1139248647463751E-005
   4.9599999999999387        1.3377728272391541E-005
   4.9699999999999385        1.6061608030551500E-005
   4.9799999999999383        1.9278380340659281E-005
   4.9899999999999380        2.3132444466320507E-005
   4.9999999999999378        2.7748303045054318E-005
   5.0099999999999376        3.3274345014912900E-005
   5.0199999999999374        3.9887317446989952E-005
   5.0299999999999372        4.7797605669849597E-005
   5.0399999999999370        5.7255460135953286E-005
   5.0499999999999368        6.8558329453466654E-005
   5.0599999999999365        8.2059483713539866E-005
   5.0699999999999363        9.8178138357273332E-005
   5.0799999999999361        1.1741131882728996E-004
   5.0899999999999359        1.4034773774020441E-004
   5.0999999999999357        1.6768399057022349E-004
   5.1099999999999355        2.0024341091100302E-004
   5.1199999999999353        2.3899796164588691E-004
   5.1299999999999351        2.8509357142005162E-004
   5.1399999999999348        3.3987935377324899E-004
   5.1499999999999346        4.0494116524546686E-004
   5.1599999999999344        4.8213996159091423E-004
   5.1699999999999342        5.7365539030936269E-004
   5.1799999999999340        6.8203500027286539E-004
   5.1899999999999338        8.1024933935077163E-004
   5.1999999999999336        9.6175302620227069E-004
   5.2099999999999334        1.1405515929189943E-003
   5.2199999999999331        1.3512734625674206E-003
   5.2299999999999329        1.5992457972602004E-003
   5.2399999999999327        1.8905720644022232E-003
   5.2499999999999325        2.2322079374919226E-003
   5.2599999999999323        2.6320304744695158E-003
   5.2699999999999321        3.0988932840545491E-003
   5.2799999999999319        3.6426574713638877E-003
   5.2899999999999316        4.2741844247980911E-003
   5.2999999999999314        5.0052718754426415E-003
   5.3099999999999312        5.8485091189095862E-003
   5.3199999999999310        6.8170210000338344E-003
   5.3299999999999308        7.9240636821635707E-003
   5.3399999999999306        9.1824293098638279E-003
   5.3499999999999304        1.0603613121945956E-002
   5.3599999999999302        1.2196698110317063E-002
   5.3699999999999299        1.3966922960997379E-002
   5.3799999999999297        1.5913924088027824E-002
   5.3899999999999295        1.8029688250482921E-002
   5.3999999999999293        2.0296324084456852E-002
   5.4099999999999291        2.2683860891997979E-002
   5.4199999999999289        2.5148404980387475E-002
   5.4299999999999287        2.7631107455703723E-002
   5.4399999999999284        3.0058483666999918E-002
   5.4499999999999282        3.2344616938158252E-002
   5.4599999999999280        3.4395616597138336E-002
   5.4699999999999278        3.6116344874100426E-002
   5.4799999999999276        3.7418902813470212E-002
   5.4899999999999274        3.8231786009776822E-002
   5.4999999999999272        3.8508181507390819E-002
   5.5099999999999270        3.8231786474719226E-002
   5.5199999999999267        3.7418903784723623E-002
   5.5299999999999265        3.6116346435042343E-002
   5.5399999999999263        3.4395618874520063E-002
   5.5499999999999261        3.2344620104466197E-002
   5.5599999999999259        3.0058487944074334E-002
   5.5699999999999257        2.7631113119953570E-002
   5.5799999999999255        2.5148412370067281E-002
   5.5899999999999253        2.2683870416825843E-002
   5.5999999999999250        2.0296336238037224E-002
   5.6099999999999248        1.8029703626040016E-002
   5.6199999999999246        1.5913943397999650E-002
   5.6299999999999244        1.3966947061034136E-002
   5.6399999999999242        1.2196728028587114E-002
   5.6499999999999240        1.0603650094734912E-002
   5.6599999999999238        9.1824748245093180E-003
   5.6699999999999235        7.9241195289466750E-003
   5.6799999999999233        6.8170893346072518E-003
   5.6899999999999231        5.8485925375376469E-003
   5.6999999999999229        5.0053735054607701E-003
   5.7099999999999227        4.2743080334732755E-003
   5.7199999999999225        3.6428075968104262E-003
   5.7299999999999223        3.0990753925866383E-003
   5.7399999999999221        2.6322511498224825E-003
   5.7499999999999218        2.2324751081532058E-003
   5.7599999999999216        1.8908952768916304E-003
   5.7699999999999214        1.5996365441977192E-003
   5.7799999999999212        1.3517455769166396E-003
   5.7899999999999210        1.1411217210989864E-003
   5.7999999999999208        9.6244119612881119E-004
   5.8099999999999206        8.1107964191329479E-004
   5.8199999999999203        6.8303640691613570E-004
   5.8299999999999201        5.7486273328167690E-004
   5.8399999999999199        4.8359510915393054E-004
   5.8499999999999197        4.0669442989960483E-004
   5.8599999999999195        3.4199117908173494E-004
   5.8699999999999193        2.8763655189071658E-004
   5.8799999999999191        2.4205926036603468E-004
   5.8899999999999189        2.0392765203793370E-004
   5.8999999999999186        1.7211671847567402E-004
   5.9099999999999184        1.4567955202282782E-004
   5.9199999999999182        1.2382281459235602E-004
   5.9299999999999180        1.0588580597961037E-004
   5.9399999999999178        9.1322750507486308E-005
   5.9499999999999176        7.9687959710070608E-005
   5.9599999999999174        7.0623569876445422E-005
   5.9699999999999172        6.3849595033790922E-005
   5.9799999999999169        5.9156079034866699E-005
   5.9899999999999167        5.6397170636208311E-005
   5.9999999999999165        5.5486987179068888E-005
   6.0099999999999163        5.6397170515231006E-005
   6.0199999999999161        5.9156078761126921E-005
   6.0299999999999159        6.3849594638162879E-005
   6.0399999999999157        7.0623569319513046E-005
   6.0499999999999154        7.9687958995309485E-005
   6.0599999999999152        9.1322749569579018E-005
   6.0699999999999150        1.0588580480535122E-004
   6.0799999999999148        1.2382281315555398E-004
   6.0899999999999146        1.4567955025987262E-004
   6.0999999999999144        1.7211671630403040E-004
   6.1099999999999142        2.0392764936218245E-004
   6.1199999999999140        2.4205925712139176E-004
   6.1299999999999137        2.8763654795495758E-004
   6.1399999999999135        3.4199117427744397E-004
   6.1499999999999133        4.0669442408491381E-004
   6.1599999999999131        4.8359510208712567E-004
   6.1699999999999129        5.7486272470342085E-004
   6.1799999999999127        6.8303639650931858E-004
   6.1899999999999125        8.1107962931653880E-004
   6.1999999999999122        9.6244118084567640E-004
   6.2099999999999120        1.1411217025924555E-003
   6.2199999999999118        1.3517455544826780E-003
   6.2299999999999116        1.5996365170406726E-003
   6.2399999999999114        1.8908952440118891E-003
   6.2499999999999112        2.2324750683480887E-003
   6.2599999999999110        2.6322511016411542E-003
   6.2699999999999108        3.0990753343362958E-003
   6.2799999999999105        3.6428075263883098E-003
   6.2899999999999103        4.2743079484117603E-003
   6.2999999999999101        5.0053734027578943E-003
   6.3099999999999099        5.8485924136430093E-003
   6.3199999999999097        6.8170891853251382E-003
   6.3299999999999095        7.9241193492570975E-003
   6.3399999999999093        9.1824746085348245E-003
   6.3499999999999091        1.0603649835556459E-002
   6.3599999999999088        1.2196727718192253E-002
   6.3699999999999086        1.3966946690138683E-002
   6.3799999999999084        1.5913942956024565E-002
   6.3899999999999082        1.8029703100994682E-002
   6.3999999999999080        2.0296335616571952E-002
   6.4099999999999078        2.2683869684340205E-002
   6.4199999999999076        2.5148411510873089E-002
   6.4299999999999073        2.7631112117604578E-002
   6.4399999999999071        3.0058486781829010E-002
   6.4499999999999069        3.2344618765899266E-002
   6.4599999999999067        3.4395617344182582E-002
   6.4699999999999065        3.6116344699319410E-002
   6.4799999999999063        3.7418901832524928E-002
   6.4899999999999061        3.8231784298237544E-002
   6.4999999999999059        3.8508179102581010E-002
   6.5099999999999056        3.8231783376635464E-002
   6.5199999999999054        3.7418899956045804E-002
   6.5299999999999052        3.6116341800208590E-002
   6.5399999999999050        3.4395613317851820E-002
   6.5499999999999048        3.2344613467115584E-002
   6.5599999999999046        3.0058480019629446E-002
   6.5699999999999044        2.7631103648428121E-002
   6.5799999999999041        2.5148401029961659E-002
   6.5899999999999039        2.2683856814860993E-002
   6.5999999999999037        2.0296319896297526E-002
   6.6099999999999035        1.8029683965917545E-002
   6.6199999999999033        1.5913919720392928E-002
   6.6299999999999031        1.3966918522270146E-002
   6.6399999999999029        1.2196693611093818E-002
   6.6499999999999027        1.0603608571501085E-002
   6.6599999999999024        9.1824247162266021E-003
   6.6699999999999022        7.9240590522390349E-003
   6.6799999999999020        6.8170163397077129E-003
   6.6899999999999018        5.8485044331754972E-003
   6.6999999999999016        5.0052671685321647E-003
   6.7099999999999014        4.2741797002511205E-003
   6.7199999999999012        3.6426527321597704E-003
   6.7299999999999010        3.0988885326902979E-003
   6.7399999999999007        2.6320257130195393E-003
   6.7499999999999005        2.2322031676766793E-003
   6.7599999999999003        1.8905672876740618E-003
   6.7699999999999001        1.5992410148084749E-003
   6.7799999999998999        1.3512686753807588E-003
   6.7899999999998997        1.1405468018164536E-003
   6.7999999999998995        9.6174823186777163E-004
   6.8099999999998992        8.1024454234498132E-004
   6.8199999999998990        6.8203020105987884E-004
   6.8299999999998988        5.7365058927107474E-004
   6.8399999999998986        4.8213515904939043E-004
   6.8499999999998984        4.0493636146019901E-004
   6.8599999999998982        3.3987454896685970E-004
   6.8699999999998980        2.8508876575350072E-004
   6.8799999999998978        2.3899315528868006E-004
   6.8899999999998975        2.0023860397337692E-004
   6.8999999999998973        1.6767918315757478E-004
   6.9099999999998971        1.4034292992741560E-004
   6.9199999999998969        1.1740651068730952E-004
   6.9299999999998967        9.8173329952590718E-005
   6.9399999999998965        8.2054675073603108E-005
   6.9499999999998963        6.8553520623530621E-005
   6.9599999999998960        5.7250651137662861E-005
   6.9699999999998958        4.7792796534483207E-005
   6.9799999999998956        3.9882508193703518E-005
   6.9899999999998954        3.3269535655772223E-005
   6.9999999999998952        2.7743493589544029E-005
   7.0099999999998950        2.3127634917086589E-005
   7.0199999999998948        1.9273570701245014E-005
   7.0299999999998946        1.6056798295373131E-005
   7.0399999999998943        1.3372918456332906E-005
   7.0499999999998941        1.1134438729434539E-005
   7.0599999999998939        9.2680749619692712E-006
   7.0699999999998937        7.7124754462306508E-006
   7.0799999999998935        6.4163031838085312E-006
   7.0899999999998933        5.3366212081215235E-006
   7.0999999999998931        4.4375342389566417E-006
   7.1099999999998929        3.6890467243485666E-006
   7.1199999999998926        3.0661034559362747E-006
   7.1299999999998924        2.5477841647721071E-006
   7.1399999999998922        2.1166277212334252E-006
   7.1499999999998920        1.7580655355035833E-006
   7.1599999999998918        1.4599465761812866E-006
   7.1699999999998916        1.2121397250116232E-006
   7.1799999999998914        1.0062006667923018E-006
   7.1899999999998911        8.3509329202161551E-007
   7.1999999999998909        6.9295664484171637E-007
   7.2099999999998907        5.7491006678383125E-007
   7.2199999999998905        4.7689036972076685E-007
   7.2299999999998903        3.9551589415782121E-007
   7.2399999999998901        3.2797289015869188E-007
   7.2499999999998899        2.7192073767406351E-007
   7.2599999999998897        2.2541295441184613E-007
   7.2699999999998894        1.8683112225852177E-007
   7.2799999999998892        1.5482994720354602E-007
   7.2899999999998890        1.2829144039072651E-007
   7.2999999999998888        1.0628668191433363E-007
   7.3099999999998886        8.8044022106996505E-008
   7.3199999999998884        7.2922612221347225E-008
   7.3299999999998882        6.0390292826273414E-008
   7.3399999999998879        5.0005297870463992E-008
   7.3499999999998877        4.1400925113754447E-008
   7.3599999999998875        3.4272870748001604E-008
   7.3699999999998873        2.8368639244437153E-008
   7.3799999999998871        2.3478760977496510E-008
   7.3899999999998869        1.9429494761827183E-008
   7.3999999999998867        1.6076777191743259E-008
   7.4099999999998865        1.3301117161064051E-008
   7.4199999999998862        1.1003482341324399E-008
   7.4299999999998860        9.1017769330961343E-009
   7.4399999999998858        7.5279564133723497E-009
   7.4499999999998856        6.2256291092027514E-009
   7.4599999999998854        5.1480887411462816E-009
   7.4699999999998852        4.2566367902708742E-009
   7.4799999999998850        3.5192086590654800E-009
   7.4899999999998847        2.9092630661539457E-009
   7.4999999999998845        2.4048082821115839E-009
   7.5099999999998843        1.9876490529143607E-009
   7.5199999999998841        1.6427043802644966E-009
   7.5299999999998839        1.3574990949811995E-009
   7.5399999999998837        1.1217232526722205E-009
   7.5499999999998835        9.2680881186935395E-010
   7.5599999999998833        7.6570773129158241E-010
   7.5699999999998830        6.3255622606643906E-010
   7.5799999999998828        5.2252060092885492E-010
   7.5899999999998826        4.3158978654388720E-010
   7.5999999999998824        3.5645612622513031E-010
   7.6099999999998822        2.9437900970611504E-010
   7.6199999999998820        2.4309310703836733E-010
   7.6299999999998818        2.0072972779269059E-010
   7.6399999999998816        1.6573915478934362E-010
   7.6499999999998813        1.3683826624199007E-010
   7.6599999999998811        1.1296486241519494E-010
   7.6699999999998809        9.3250946256492918E-011
   7.6799999999998807        7.6971764158423832E-011
   7.6899999999998805        6.3538225602355582E-011
   7.6999999999998803        5.2440300286584162E-011
   7.7099999999998801        4.3270764563911013E-011
   7.7199999999998798        3.5712137817095179E-011
   7.7299999999998796        2.9468200200255183E-011
   7.7399999999998794        2.4319004191147565E-011
   7.7499999999998792        2.0058813122542552E-011
   7.7599999999998790        1.6551248428423975E-011
   7.7699999999998788        1.3654978714343570E-011
   7.7799999999998786        1.1266740900715750E-011
   7.7899999999998784        9.2902478094462122E-012
   7.7999999999998781        7.6669105029651529E-012
   7.8099999999998779        6.3201852697636091E-012
   7.8199999999998777        5.2171663321954026E-012
   7.8299999999998775        4.3006586993745307E-012
   7.8399999999998773        3.5445968012225259E-012
   7.8499999999998771        2.9231864555113527E-012
   7.8599999999998769        2.4108185171834437E-012
   7.8699999999998766        1.9820688783519301E-012
   7.8799999999998764        1.6363084126363119E-012
   7.8899999999998762        1.3545338021311431E-012
   7.8999999999998760        1.1116416700453497E-012
   7.9099999999998758        9.1347302322545512E-013
   7.9199999999998756        7.5357006425577802E-013
   7.9299999999998754        6.2554901058892827E-013
   7.9399999999998752        5.1686434173505060E-013
   7.9499999999998749        4.2121862582643099E-013
   7.9599999999998747        3.5081198063419244E-013
   7.9699999999998745        2.8703583421704700E-013
   7.9799999999998743        2.4213964759165983E-013
   7.9899999999998741        1.9139011830840263E-013
   7.9999999999998739        1.5939719070305538E-013
   8.0099999999998737        1.3378804564511522E-013
   8.0199999999998735        1.0833926613517715E-013
   8.0299999999998732        8.9200254304335677E-014
   8.0399999999998730        7.0184600587342540E-014
   8.0499999999998728        6.3591109246393477E-014
   8.0599999999998726        5.0909894831269570E-014
   8.0699999999998724        3.8290359473068606E-014
   8.0799999999998722        3.8055979056759403E-014
   8.0899999999998720        3.1696868132119802E-014
   8.0999999999998717        2.5374764641634634E-014
   8.1099999999998715        1.9077332773918759E-014
   8.1199999999998713        1.2804572528972209E-014
   8.1299999999998711        1.2718221849279189E-014
   8.1399999999998709        6.4824690384868425E-015
   8.1499999999998707        1.2594863735431956E-014
   8.1599999999998705        6.3837825474090511E-015
   8.1699999999998703        6.3467751132548790E-015
   8.1799999999998700        6.3097676791007092E-015
   8.1899999999998698        6.2850960563312614E-015
   8.1999999999998696        6.2604244335618135E-015
   8.2099999999998694        6.2480886221770892E-015
   8.2199999999998692        6.1679056923619811E-017
   8.2299999999998690        4.9343245538895844E-017
   8.2399999999998688        6.2110811880229179E-015
   8.2499999999998685        3.7007434154171883E-017
   8.2599999999998683        2.4671622769447922E-017
   8.2699999999998681        2.4671622769447922E-017
   8.2799999999998679        2.4671622769447922E-017
   8.2899999999998677        1.2335811384723961E-017
   8.2999999999998675        1.2335811384723961E-017
   8.3099999999998673        1.2335811384723961E-017
   8.3199999999998671        1.2335811384723961E-017
   8.3299999999998668        1.2335811384723961E-017
   8.3399999999998666        0.0000000000000000     
   8.3499999999998664        0.0000000000000000     
   8.3599999999998662        0.0000000000000000     
   8.3699999999998660        0.0000000000000000     
   8.3799999999998658        0.0000000000000000     
   8.3899999999998656        0.0000000000000000     
   8.3999999999998654        0.0000000000000000     
   8.4099999999998651        0.0000000000000000     
   8.4199999999998649        0.0000000000000000     
   8.4299999999998647        0.0000000000000000     
   8.4399999999998645        0.0000000000000000     
   8.4499999999998643        0.0000000000000000     
   8.4599999999998641        0.0000000000000000     
   8.4699999999998639        0.0000000000000000     
   8.4799999999998636        0.0000000000000000     
   8.4899999999998634        0.0000000000000000     
   8.4999999999998632        0.0000000000000000     
   8.5099999999998630        0.0000000000000000     
   8.5199999999998628        0.0000000000000000     
   8.5299999999998626        0.0000000000000000     
   8.5399999999998624        0.0000000000000000     
   8.5499999999998622        0.0000000000000000     
   8.5599999999998619        0.0000000000000000     
   8.5699999999998617        0.0000000000000000     
   8.5799999999998615        0.0000000000000000     
   8.5899999999998613        0.0000000000000000     
   8.5999999999998611        0.0000000000000000     
   8.6099999999998609        0.0000000000000000     
   8.6199999999998607        0.0000000000000000     
   8.6299999999998604        0.0000000000000000     
   8.6399999999998602        0.0000000000000000     
   8.6499999999998600        0.0000000000000000     
   8.6599999999998598        0.0000000000000000     
   8.6699999999998596        0.0000000000000000     
   8.6799999999998594        0.0000000000000000     
   8.6899999999998592        0.0000000000000000     
   8.6999999999998590        0.0000000000000000     
   8.7099999999998587        0.0000000000000000     
   8.7199999999998585        0.0000000000000000     
   8.7299999999998583        0.0000000000000000     
   8.7399999999998581        0.0000000000000000     
   8.7499999999998579        0.0000000000000000     
   8.7599999999998577        0.0000000000000000     
   8.7699999999998575        0.0000000000000000     
   8.7799999999998573        0.0000000000000000     
   8.7899999999998570        0.0000000000000000     
   8.7999999999998568        0.0000000000000000     
   8.8099999999998566        0.0000000000000000     
   8.8199999999998564        0.0000000000000000     
   8.8299999999998562        0.0000000000000000     
   8.8399999999998560        0.0000000000000000     
   8.8499999999998558        0.0000000000000000     
   8.8599999999998555        0.0000000000000000     
   8.8699999999998553        0.0000000000000000     
   8.8799999999998551        0.0000000000000000     
   8.8899999999998549        0.0000000000000000     
   8.8999999999998547        0.0000000000000000     
   8.9099999999998545        0.0000000000000000     
   8.9199999999998543        0.0000000000000000     
   8.9299999999998541        0.0000000000000000     
   8.9399999999998538        0.0000000000000000     
   8.9499999999998536        0.0000000000000000     
   8.9599999999998534        0.0000000000000000     
   8.9699999999998532        0.0000000000000000     
   8.9799999999998530        0.0000000000000000     
   8.9899999999998528        0.0000000000000000     
   8.9999999999998526        0.0000000000000000     
   9.0099999999998523        0.0000000000000000     
   9.0199999999998521        0.0000000000000000     
   9.0299999999998519        0.0000000000000000     
   9.0399999999998517        0.0000000000000000     
   9.0499999999998515        0.0000000000000000     
   9.0599999999998513        0.0000000000000000     
   9.0699999999998511        0.0000000000000000     
   9.0799999999998509        0.0000000000000000     
   9.0899999999998506        0.0000000000000000     
   9.0999999999998504        0.0000000000000000     
   9.1099999999998502        0.0000000000000000     
   9.1199999999998500        0.0000000000000000     
   9.1299999999998498        0.0000000000000000     
   9.1399999999998496        0.0000000000000000     
   9.1499999999998494        0.0000000000000000     
   9.1599999999998492        0.0000000000000000     
   9.1699999999998489        0.0000000000000000     
   9.1799999999998487        0.0000000000000000     
   9.1899999999998485        0.0000000000000000     
   9.1999999999998483        0.0000000000000000     
   9.2099999999998481        0.0000000000000000     
   9.2199999999998479        0.0000000000000000     
   9.2299999999998477        0.0000000000000000     
   9.2399999999998474        0.0000000000000000     
   9.2499999999998472        0.0000000000000000     
   9.2599999999998470        0.0000000000000000     
   9.2699999999998468        0.0000000000000000     
   9.2799999999998466        0.0000000000000000     
   9.2899999999998464        0.0000000000000000     
   9.2999999999998462        0.0000000000000000     
   9.3099999999998460        0.0000000000000000     
   9.3199999999998457        0.0000000000000000     
   9.3299999999998455        0.0000000000000000     
   9.3399999999998453        0.0000000000000000     
   9.3499999999998451        0.0000000000000000     
   9.3599999999998449        0.0000000000000000     
   9.3699999999998447        0.0000000000000000     
   9.3799999999998445        0.0000000000000000     
   9.3899999999998442        0.0000000000000000     
   9.3999999999998440        0.0000000000000000     
   9.4099999999998438        0.0000000000000000     
   9.4199999999998436        0.0000000000000000     
   9.4299999999998434        0.0000000000000000     
   9.4399999999998432        0.0000000000000000     
   9.4499999999998430        0.0000000000000000     
   9.4599999999998428        0.0000000000000000     
   9.4699999999998425        0.0000000000000000     
   9.4799999999998423        0.0000000000000000     
   9.4899999999998421        0.0000000000000000     
   9.4999999999998419        0.0000000000000000     
   9.5099999999998417        0.0000000000000000     
   9.5199999999998415        0.0000000000000000     
   9.5299999999998413        0.0000000000000000     
   9.5399999999998411        0.0000000000000000     
   9.5499999999998408        0.0000000000000000     
   9.5599999999998406        0.0000000000000000     
   9.5699999999998404        0.0000000000000000     
   9.5799999999998402        0.0000000000000000     
   9.5899999999998400        0.0000000000000000     
   9.5999999999998398        0.0000000000000000     
   9.6099999999998396        0.0000000000000000     
   9.6199999999998393        0.0000000000000000     
   9.6299999999998391        0.0000000000000000     
   9.6399999999998389        0.0000000000000000     
   9.6499999999998387        0.0000000000000000     
   9.6599999999998385        0.0000000000000000     
   9.6699999999998383        0.0000000000000000     
   9.6799999999998381        0.0000000000000000     
   9.6899999999998379        0.0000000000000000     
   9.6999999999998376        0.0000000000000000     
   9.7099999999998374        0.0000000000000000     
   9.7199999999998372        0.0000000000000000     
   9.7299999999998370        0.0000000000000000     
   9.7399999999998368        0.0000000000000000     
   9.7499999999998366        0.0000000000000000     
   9.7599999999998364        0.0000000000000000     
   9.7699999999998361        0.0000000000000000     
   9.7799999999998359        0.0000000000000000     
   9.7899999999998357        0.0000000000000000     
   9.7999999999998355        0.0000000000000000     
   9.8099999999998353        0.0000000000000000     
   9.8199999999998351        0.0000000000000000     
   9.8299999999998349        0.0000000000000000     
   9.8399999999998347        0.0000000000000000     
   9.8499999999998344        0.0000000000000000     
   9.8599999999998342        0.0000000000000000     
   9.8699999999998340        0.0000000000000000     
   9.8799999999998338        0.0000000000000000     
   9.8899999999998336        0.0000000000000000     
   9.8999999999998334        0.0000000000000000     
   9.9099999999998332        0.0000000000000000     
   9.9199999999998330        0.0000000000000000     
   9.9299999999998327        0.0000000000000000     
   9.9399999999998325        0.0000000000000000     
   9.9499999999998323        0.0000000000000000     
   9.9599999999998321        0.0000000000000000     
   9.9699999999998319        0.0000000000000000     
   9.9799999999998317        0.0000000000000000     
   9.9899999999998315        0.0000000000000000     
   9.9999999999998312        0.0000000000000000     
