   0.0000000000000000        5.4621772043575628E-002
   1.0000000000000000E-002   5.4643790915574864E-002
   2.0000000000000000E-002   5.4710757534789219E-002
   2.9999999999999999E-002   5.4825302372601838E-002
   4.0000000000000001E-002   5.4991498545341327E-002
   5.0000000000000003E-002   5.5214461248608612E-002
   6.0000000000000005E-002   5.5499897519338239E-002
   7.0000000000000007E-002   5.5853676622156505E-002
   8.0000000000000002E-002   5.6281472852832887E-002
   8.9999999999999997E-002   5.6788507054289644E-002
   9.9999999999999992E-002   5.7379389172359484E-002
  0.10999999999999999        5.8058047107759497E-002
  0.11999999999999998        5.8827718470587237E-002
  0.12999999999999998        5.9690980372269609E-002
  0.13999999999999999        6.0649795567524478E-002
  0.14999999999999999        6.1705558603067118E-002
  0.16000000000000000        6.2859131284533992E-002
  0.17000000000000001        6.4110861685566789E-002
  0.18000000000000002        6.5460584686924742E-002
  0.19000000000000003        6.6907604641436358E-002
  0.20000000000000004        6.8450662381076957E-002
  0.21000000000000005        7.0087889723110253E-002
  0.22000000000000006        7.1816755033186644E-002
  0.23000000000000007        7.3634003537915660E-002
  0.24000000000000007        7.5535595981336065E-002
  0.25000000000000006        7.7516649047327274E-002
  0.26000000000000006        7.9571380701825664E-002
  0.27000000000000007        8.1693063304253896E-002
  0.28000000000000008        8.3873987001281958E-002
  0.29000000000000009        8.6105435549016271E-002
  0.30000000000000010        8.8377676320021414E-002
  0.31000000000000011        9.0679965854693345E-002
  0.32000000000000012        9.3000571930953929E-002
  0.33000000000000013        9.5326812753808221E-002
  0.34000000000000014        9.7645113572386644E-002
  0.35000000000000014        9.9941080817687447E-002
  0.36000000000000015       0.10219959377524129     
  0.37000000000000016       0.10440491390564620     
  0.38000000000000017       0.10654081218246926     
  0.39000000000000018       0.10859071521597762     
  0.40000000000000019       0.11053787134601654     
  0.41000000000000020       0.11236553807989129     
  0.42000000000000021       0.11405719191571184     
  0.43000000000000022       0.11559676038921829     
  0.44000000000000022       0.11696887389587175     
  0.45000000000000023       0.11815913160128361     
  0.46000000000000024       0.11915437212530500     
  0.47000000000000025       0.11994293666089363     
  0.48000000000000026       0.12051491081113655     
  0.49000000000000027       0.12086233235356279     
  0.50000000000000022       0.12097935524339344     
  0.51000000000000023       0.12086236452776496     
  0.52000000000000024       0.12051004121684815     
  0.53000000000000025       0.11992337949242368     
  0.54000000000000026       0.11910566051929353     
  0.55000000000000027       0.11806238769571725     
  0.56000000000000028       0.11680118795099209     
  0.57000000000000028       0.11533168316957115     
  0.58000000000000029       0.11366533531931935     
  0.59000000000000030       0.11181526856740133     
  0.60000000000000031       0.10979607154812729     
  0.61000000000000032       0.10762358304286558     
  0.62000000000000033       0.10531466453737531     
  0.63000000000000034       0.10288696343952002     
  0.64000000000000035       0.10035867110189402     
  0.65000000000000036        9.7748280143206231E-002
  0.66000000000000036        9.5074345845365629E-002
  0.67000000000000037        9.2355256528802804E-002
  0.68000000000000038        8.9609017762436016E-002
  0.69000000000000039        8.6853054971991334E-002
  0.70000000000000040        8.4104038479659304E-002
  0.71000000000000041        8.1377734259605247E-002
  0.72000000000000042        7.8688882741419830E-002
  0.73000000000000043        7.6051106903445756E-002
  0.74000000000000044        7.3476849724516347E-002
  0.75000000000000044        7.0977339841381076E-002
  0.76000000000000045        6.8562583069978908E-002
  0.77000000000000046        6.6241376310398226E-002
  0.78000000000000047        6.4021339301087499E-002
  0.79000000000000048        6.1908958742189518E-002
  0.80000000000000049        5.9909638496669193E-002
  0.81000000000000050        5.8027748931567306E-002
  0.82000000000000051        5.6266668053871566E-002
  0.83000000000000052        5.4628807072157490E-002
  0.84000000000000052        5.3115613530241398E-002
  0.85000000000000053        5.1727546596803502E-002
  0.86000000000000054        5.0464021704182349E-002
  0.87000000000000055        4.9323326071205688E-002
  0.88000000000000056        4.8302512842691180E-002
  0.89000000000000057        4.7397289679087171E-002
  0.90000000000000058        4.6601926916765596E-002
  0.91000000000000059        4.5909219182389743E-002
  0.92000000000000060        4.5310540007915213E-002
  0.93000000000000060        4.4796028087413411E-002
  0.94000000000000061        4.4354933251097996E-002
  0.95000000000000062        4.3976128626089059E-002
  0.96000000000000063        4.3648764555300514E-002
  0.97000000000000064        4.3363005339116779E-002
  0.98000000000000065        4.3110760333865544E-002
  0.99000000000000066        4.2886305668736857E-002
   1.0000000000000007        4.2686698608935598E-002
   1.0100000000000007        4.2511915030198424E-002
   1.0200000000000007        4.2364686705220041E-002
   1.0300000000000007        4.2250068217241726E-002
   1.0400000000000007        4.2174809582422278E-002
   1.0500000000000007        4.2146637789023347E-002
   1.0600000000000007        4.2173552644188810E-002
   1.0700000000000007        4.2263221944755680E-002
   1.0800000000000007        4.2422527088269699E-002
   1.0900000000000007        4.2657274101211902E-002
   1.1000000000000008        4.2972055797625891E-002
   1.1100000000000008        4.3370232912851484E-002
   1.1200000000000008        4.3853995615659572E-002
   1.1300000000000008        4.4424468977733812E-002
   1.1400000000000008        4.5081833087913220E-002
   1.1500000000000008        4.5825437274282371E-002
   1.1600000000000008        4.6653896215960750E-002
   1.1700000000000008        4.7565162450924028E-002
   1.1800000000000008        4.8556574658508787E-002
   1.1900000000000008        4.9624884257994210E-002
   1.2000000000000008        5.0766264652946168E-002
   1.2100000000000009        5.1976308316072986E-002
   1.2200000000000009        5.3250017085856180E-002
   1.2300000000000009        5.4581790868414991E-002
   1.2400000000000009        5.5965419488853412E-002
   1.2500000000000009        5.7394081895365941E-002
   1.2600000000000009        5.8860356268610511E-002
   1.2700000000000009        6.0356243903843386E-002
   1.2800000000000009        6.1873209013073138E-002
   1.2900000000000009        6.3402235838213208E-002
   1.3000000000000009        6.4933903681784505E-002
   1.3100000000000009        6.6458479660269354E-002
   1.3200000000000010        6.7966028177726984E-002
   1.3300000000000010        6.9446535293913092E-002
   1.3400000000000010        7.0890045382960273E-002
   1.3500000000000010        7.2286806726683694E-002
   1.3600000000000010        7.3627422006239771E-002
   1.3700000000000010        7.4902999106729332E-002
   1.3800000000000010        7.6105297225509058E-002
   1.3900000000000010        7.7226863067691498E-002
   1.4000000000000010        7.8261151952040406E-002
   1.4100000000000010        7.9202628973153472E-002
   1.4200000000000010        8.0046845996328608E-002
   1.4300000000000010        8.0790491209383170E-002
   1.4400000000000011        8.1431409167130014E-002
   1.4500000000000011        8.1968590685838227E-002
   1.4600000000000011        8.2402133470228678E-002
   1.4700000000000011        8.2733175868985875E-002
   1.4800000000000011        8.2963807527786787E-002
   1.4900000000000011        8.3096961814138490E-002
   1.5000000000000011        8.3136295664668777E-002
   1.5100000000000011        8.3086062861455881E-002
   1.5200000000000011        8.2950986691933196E-002
   1.5300000000000011        8.2736137486340774E-002
   1.5400000000000011        8.2446819759345022E-002
   1.5500000000000012        8.2088472628508213E-002
   1.5600000000000012        8.1666586000648841E-002
   1.5700000000000012        8.1186633758557267E-002
   1.5800000000000012        8.0654023966543253E-002
   1.5900000000000012        8.0074065027117530E-002
   1.6000000000000012        7.9451945799723159E-002
   1.6100000000000012        7.8792727041455554E-002
   1.6200000000000012        7.8101341118943540E-002
   1.6300000000000012        7.7382596824177127E-002
   1.6400000000000012        7.6641186263854313E-002
   1.6500000000000012        7.5881691159632392E-002
   1.6600000000000013        7.5108586449478099E-002
   1.6700000000000013        7.4326239732164567E-002
   1.6800000000000013        7.3538905816106045E-002
   1.6900000000000013        7.2750716322583925E-002
   1.7000000000000013        7.1965664898789333E-002
   1.7100000000000013        7.1187589086478903E-002
   1.7200000000000013        7.0420150222150382E-002
   1.7300000000000013        6.9666812901621536E-002
   1.7400000000000013        6.8930825554169697E-002
   1.7500000000000013        6.8215203518248210E-002
   1.7600000000000013        6.7522715764283411E-002
   1.7700000000000014        6.6855876076430967E-002
   1.7800000000000014        6.6216939131390540E-002
   1.7900000000000014        6.5607901526127874E-002
   1.8000000000000014        6.5030507445593189E-002
   1.8100000000000014        6.4486258329464891E-002
   1.8200000000000014        6.3976425614861485E-002
   1.8300000000000014        6.3502065427906013E-002
   1.8400000000000014        6.3064033927676857E-002
   1.8500000000000014        6.2663001955458070E-002
   1.8600000000000014        6.2299467637123761E-002
   1.8700000000000014        6.1973765752175280E-002
   1.8800000000000014        6.1686072980577517E-002
   1.8900000000000015        6.1436408658435110E-002
   1.9000000000000015        6.1224631486518577E-002
   1.9100000000000015        6.1050433722799453E-002
   1.9200000000000015        6.0913335772827044E-002
   1.9300000000000015        6.0812685599262971E-002
   1.9400000000000015        6.0747668678539569E-002
   1.9500000000000015        6.0717334906089389E-002
   1.9600000000000015        6.0720648247526113E-002
   1.9700000000000015        6.0756562591146257E-002
   1.9800000000000015        6.0824123006182465E-002
   1.9900000000000015        6.0922585978665449E-002
   2.0000000000000013        6.1051546371990520E-002
   2.0100000000000011        6.1211054549347471E-002
   2.0200000000000009        6.1401705892853271E-002
   2.0300000000000007        6.1624687671162942E-002
   2.0400000000000005        6.1881774604790572E-002
   2.0500000000000003        6.2175273082471998E-002
   2.0600000000000001        6.2507922720627079E-002
   2.0699999999999998        6.2882770646156702E-002
   2.0799999999999996        6.3303036931915260E-002
   2.0899999999999994        6.3771988536355420E-002
   2.0999999999999992        6.4292834630251219E-002
   2.1099999999999990        6.4868649930095335E-002
   2.1199999999999988        6.5502326447616666E-002
   2.1299999999999986        6.6196549306732827E-002
   2.1399999999999983        6.6953789612175407E-002
   2.1499999999999981        6.7776306667896344E-002
   2.1599999999999979        6.8666152588811993E-002
   2.1699999999999977        6.9625173844387211E-002
   2.1799999999999975        7.0655005948464911E-002
   2.1899999999999973        7.1757059015778890E-002
   2.1999999999999971        7.2932493052171671E-002
   2.2099999999999969        7.4182182657526033E-002
   2.2199999999999966        7.5506671299045230E-002
   2.2299999999999964        7.6906115598164210E-002
   2.2399999999999962        7.8380220217006039E-002
   2.2499999999999960        7.9928164030160814E-002
   2.2599999999999958        8.1548518357966671E-002
   2.2699999999999956        8.3239158167029273E-002
   2.2799999999999954        8.4997167335257695E-002
   2.2899999999999952        8.6818739336375669E-002
   2.2999999999999949        8.8699075034421010E-002
   2.3099999999999947        9.0632279689090392E-002
   2.3199999999999945        9.2611261759258212E-002
   2.3299999999999943        9.4627636638900517E-002
   2.3399999999999941        9.6671639082685293E-002
   2.3499999999999939        9.8732048753002274E-002
   2.3599999999999937       0.10079613404729000     
   2.3699999999999934       0.10284962014481198     
   2.3799999999999932       0.10487668800195403     
   2.3899999999999930       0.10686001180352907     
   2.3999999999999928       0.10878084305959551     
   2.4099999999999926       0.11061914997992234     
   2.4199999999999924       0.11235382074102412     
   2.4299999999999922       0.11396293843380748     
   2.4399999999999920       0.11542413339744637     
   2.4499999999999917       0.11671501478189600     
   2.4599999999999915       0.11781367714355616     
   2.4699999999999913       0.11869926959783703     
   2.4799999999999911       0.11935260517191604     
   2.4899999999999909       0.11975677801858449     
   2.4999999999999907       0.11989774836842362     
   2.5099999999999905       0.11976485196653029     
   2.5199999999999902       0.11935119400112998     
   2.5299999999999900       0.11865389733070877     
   2.5399999999999898       0.11767418947424318     
   2.5499999999999896       0.11641732933680217     
   2.5599999999999894       0.11489238971551415     
   2.5699999999999892       0.11311192269873252     
   2.5799999999999890       0.11109154085003758     
   2.5899999999999888       0.10884944765931728     
   2.5999999999999885       0.10640594727789199     
   2.6099999999999883       0.10378295772148503     
   2.6199999999999881       0.10100354517812088     
   2.6299999999999879        9.8091491059827604E-002
   2.6399999999999877        9.5070898664930098E-002
   2.6499999999999875        9.1965842931744313E-002
   2.6599999999999873        8.8800064588659522E-002
   2.6699999999999871        8.5596708711836708E-002
   2.6799999999999868        8.2378106981477114E-002
   2.6899999999999866        7.9165602496065329E-002
   2.6999999999999864        7.5979415694965524E-002
   2.7099999999999862        7.2838549617745774E-002
   2.7199999999999860        6.9760732329117892E-002
   2.7299999999999858        6.6762393809099527E-002
   2.7399999999999856        6.3858673926018947E-002
   2.7499999999999853        6.1063457250227757E-002
   2.7599999999999851        5.8389429416473591E-002
   2.7699999999999849        5.5848148484038039E-002
   2.7799999999999847        5.3450123243344035E-002
   2.7899999999999845        5.1204888660310949E-002
   2.7999999999999843        4.9121066615094883E-002
   2.8099999999999841        4.7206397795603740E-002
   2.8199999999999839        4.5467728127370065E-002
   2.8299999999999836        4.3910930691066483E-002
   2.8399999999999834        4.2540742077591592E-002
   2.8499999999999832        4.1360491343694052E-002
   2.8599999999999830        4.0371701253079824E-002
   2.8699999999999828        3.9573547070860721E-002
   2.8799999999999826        3.8962169934430017E-002
   2.8899999999999824        3.8529862276656002E-002
   2.8999999999999821        3.8264174011358371E-002
   2.9099999999999819        3.8147030737948395E-002
   2.9199999999999817        3.8154006197067741E-002
   2.9299999999999815        3.8253941971148189E-002
   2.9399999999999813        3.8409142017786370E-002
   2.9499999999999811        3.8576365426091483E-002
   2.9599999999999809        3.8708773783532123E-002
   2.9699999999999807        3.8758845352667437E-002
   2.9799999999999804        3.8682056485955719E-002
   2.9899999999999802        3.8440895525090446E-002
   2.9999999999999800        3.8008590638462902E-002
   3.0099999999999798        3.7371881300082191E-002
   3.0199999999999796        3.6532290887237993E-002
   3.0299999999999794        3.5505647108067924E-002
   3.0399999999999792        3.4319962471804986E-002
   3.0499999999999790        3.3012111540079249E-002
   3.0599999999999787        3.1623929156710133E-002
   3.0699999999999785        3.0198368081279920E-002
   3.0799999999999783        2.8776223887980720E-002
   3.0899999999999781        2.7393727280116843E-002
   3.0999999999999779        2.6081090949110524E-002
   3.1099999999999777        2.4861930657410311E-002
   3.1199999999999775        2.3753379787871308E-002
   3.1299999999999772        2.2766680247497020E-002
   3.1399999999999770        2.1908043666165625E-002
   3.1499999999999768        2.1179614898327634E-002
   3.1599999999999766        2.0580417470821698E-002
   3.1699999999999764        2.0107205971968259E-002
   3.1799999999999762        1.9755187309894878E-002
   3.1899999999999760        1.9518599377976072E-002
   3.1999999999999758        1.9391152714927324E-002
   3.2099999999999755        1.9366350178707907E-002
   3.2199999999999753        1.9437703638390050E-002
   3.2299999999999751        1.9598867224418594E-002
   3.2399999999999749        1.9843705195047485E-002
   3.2499999999999747        2.0166310103484866E-002
   3.2599999999999745        2.0560984290820438E-002
   3.2699999999999743        2.1022195204344986E-002
   3.2799999999999740        2.1544512836448898E-002
   3.2899999999999738        2.2122535768593628E-002
   3.2999999999999736        2.2750810894236348E-002
   3.3099999999999734        2.3423750869738427E-002
   3.3199999999999732        2.4135552652368400E-002
   3.3299999999999730        2.4880120093352845E-002
   3.3399999999999728        2.5650993430927957E-002
   3.3499999999999726        2.6441288622388828E-002
   3.3599999999999723        2.7243649731132361E-002
   3.3699999999999721        2.8050217996695617E-002
   3.3799999999999719        2.8852621665288500E-002
   3.3899999999999717        2.9641991062142745E-002
   3.3999999999999715        3.0409003573344848E-002
   3.4099999999999713        3.1143962998236248E-002
   3.4199999999999711        3.1836916906543201E-002
   3.4299999999999708        3.2477813993624469E-002
   3.4399999999999706        3.3056700817173421E-002
   3.4499999999999704        3.3563953744556070E-002
   3.4599999999999702        3.3990537650717301E-002
   3.4699999999999700        3.4328278408069915E-002
   3.4799999999999698        3.4570132238894734E-002
   3.4899999999999696        3.4710432444080196E-002
   3.4999999999999694        3.4745093709918178E-002
   3.5099999999999691        3.4671756563595488E-002
   3.5199999999999689        3.4489859563853281E-002
   3.5299999999999687        3.4200633749276899E-002
   3.5399999999999685        3.3807021594114445E-002
   3.5499999999999683        3.3313529825891829E-002
   3.5599999999999681        3.2726030807272141E-002
   3.5699999999999679        3.2051530023747103E-002
   3.5799999999999677        3.1297917478625675E-002
   3.5899999999999674        3.0473718886737850E-002
   3.5999999999999672        2.9587859254985430E-002
   3.6099999999999670        2.8649447587104453E-002
   3.6199999999999668        2.7667587749545645E-002
   3.6299999999999666        2.6651217460336305E-002
   3.6399999999999664        2.5608975130498157E-002
   3.6499999999999662        2.4549092862434771E-002
   3.6599999999999659        2.3479313189291525E-002
   3.6699999999999657        2.2406826894536866E-002
   3.6799999999999655        2.1338229331010084E-002
   3.6899999999999653        2.0279492866444281E-002
   3.6999999999999651        1.9235953348479190E-002
   3.7099999999999649        1.8212308713786086E-002
   3.7199999999999647        1.7212628055768162E-002
   3.7299999999999645        1.6240369600154111E-002
   3.7399999999999642        1.5298406130559645E-002
   3.7499999999999640        1.4389056474146976E-002
   3.7599999999999638        1.3514121717775157E-002
   3.7699999999999636        1.2674924886519567E-002
   3.7799999999999634        1.1872352899214799E-002
   3.7899999999999632        1.1106899705254115E-002
   3.7999999999999630        1.0378709623089089E-002
   3.8099999999999627        9.6876200234221471E-003
   3.8199999999999625        9.0332026393770345E-003
   3.8299999999999623        8.4148029218821842E-003
   3.8399999999999621        7.8315769928814852E-003
   3.8499999999999619        7.2825258831613537E-003
   3.8599999999999617        6.7665268494514971E-003
   3.8699999999999615        6.2823616782477542E-003
   3.8799999999999613        5.8287419625556542E-003
   3.8899999999999610        5.4043314134784278E-003
   3.8999999999999608        5.0077653262253670E-003
   3.9099999999999606        4.6376673542170089E-003
   3.9199999999999604        4.2926637820457809E-003
   3.9299999999999602        3.9713955023230841E-003
   3.9399999999999600        3.6725279074400295E-003
   3.9499999999999598        3.3947589126032598E-003
   3.9599999999999596        3.1368253200025477E-003
   3.9699999999999593        2.8975077245632706E-003
   3.9799999999999591        2.6756341503193629E-003
   3.9899999999999589        2.4700825940176616E-003
   3.9999999999999587        2.2797826336943099E-003
   4.0099999999999589        2.1037162500531360E-003
   4.0199999999999587        1.9409179895966708E-003
   4.0299999999999585        1.7904745831005273E-003
   4.0399999999999583        1.6515241235969653E-003
   4.0499999999999581        1.5232548910167883E-003
   4.0599999999999579        1.4049038991903085E-003
   4.0699999999999577        1.2957552328580007E-003
   4.0799999999999574        1.1951382295292384E-003
   4.0899999999999572        1.1024255543579961E-003
   4.0999999999999570        1.0170312079211808E-003
   4.1099999999999568        9.3840849872254010E-004
   4.1199999999999566        8.6604801045582112E-004
   4.1299999999999564        7.9947558324494183E-004
   4.1399999999999562        7.3825032893387111E-004
   4.1499999999999559        6.8196269295410993E-004
   4.1599999999999557        6.3023257529795727E-004
   4.1699999999999555        5.8270751741587470E-004
   4.1799999999999553        5.3906096124504293E-004
   4.1899999999999551        4.9899058632041674E-004
   4.1999999999999549        4.6221672398522149E-004
   4.2099999999999547        4.2848085301299023E-004
   4.2199999999999545        3.9754417546718885E-004
   4.2299999999999542        3.6918627292679041E-004
   4.2399999999999540        3.4320383970330476E-004
   4.2499999999999538        3.1940949418955543E-004
   4.2599999999999536        2.9763066426340687E-004
   4.2699999999999534        2.7770854374565787E-004
   4.2799999999999532        2.5949711881072149E-004
   4.2899999999999530        2.4286226049471458E-004
   4.2999999999999527        2.2768088053771689E-004
   4.3099999999999525        2.1384014695546123E-004
   4.3199999999999523        2.0123675862469633E-004
   4.3299999999999521        1.8977627251232703E-004
   4.3399999999999519        1.7937248394459419E-004
   4.3499999999999517        1.6994685641664564E-004
   4.3599999999999515        1.6142799610245539E-004
   4.3699999999999513        1.5375117219217842E-004
   4.3799999999999510        1.4685787822848388E-004
   4.3899999999999508        1.4069543342820783E-004
   4.3999999999999506        1.3521662082789513E-004
   4.4099999999999504        1.3037936191455390E-004
   4.4199999999999502        1.2614642509690575E-004
   4.4299999999999500        1.2248516612759731E-004
   4.4399999999999498        1.1936730044860573E-004
   4.4499999999999496        1.1676870448690824E-004
   4.4599999999999493        1.1466924617296839E-004
   4.4699999999999491        1.1305264218302308E-004
   4.4799999999999489        1.1190634382625984E-004
   4.4899999999999487        1.1122144788906665E-004
   4.4999999999999485        1.1099263323211644E-004
   4.5099999999999483        1.1121812326983025E-004
   4.5199999999999481        1.1189967412322674E-004
   4.5299999999999478        1.1304258624091815E-004
   4.5399999999999476        1.1465574295904993E-004
   4.5499999999999474        1.1675167335462222E-004
   4.5599999999999472        1.1934664150428485E-004
   4.5699999999999470        1.2246076194762770E-004
   4.5799999999999468        1.2611814164817411E-004
   4.5899999999999466        1.3034705063561823E-004
   4.5999999999999464        1.3518012089093207E-004
   4.6099999999999461        1.4065457494109068E-004
   4.6199999999999459        1.4681248629640304E-004
   4.6299999999999457        1.5370107205624344E-004
   4.6399999999999455        1.6137302020947421E-004
   4.6499999999999453        1.6988685215118109E-004
   4.6599999999999451        1.7930732481755791E-004
   4.6699999999999449        1.8970587102619871E-004
   4.6799999999999446        2.0116108326988580E-004
   4.6899999999999444        2.1375924236185956E-004
   4.6999999999999442        2.2759489285529173E-004
   4.7099999999999440        2.4277146922638474E-004
   4.7199999999999438        2.5940197533258806E-004
   4.7299999999999436        2.7760971866272542E-004
   4.7399999999999434        2.9752910535491765E-004
   4.7499999999999432        3.1930649770321891E-004
   4.7599999999999429        3.4310113656195050E-004
   4.7699999999999427        3.6908613415082432E-004
   4.7799999999999425        3.9744953996674706E-004
   4.7899999999999423        4.2839548200358763E-004
   4.7999999999999421        4.6214538926668872E-004
   4.8099999999999419        4.9893929664755309E-004
   4.8199999999999417        5.3903723572819350E-004
   4.8299999999999415        5.8272071565207287E-004
   4.8399999999999412        6.3029429406504531E-004
   4.8499999999999410        6.8208724338585276E-004
   4.8599999999999408        7.3845530963254026E-004
   4.8699999999999406        7.9978256672735598E-004
   4.8799999999999404        8.6648336600353686E-004
   4.8899999999999402        9.3900437572500982E-004
   4.8999999999999400        1.0178267108046739E-003
   4.9099999999999397        1.1034681435422107E-003
   4.9199999999999395        1.1964853890411853E-003
   4.9299999999999393        1.2974764549208637E-003
   4.9399999999999391        1.4070830390684136E-003
   4.9499999999999389        1.5259929586233349E-003
   4.9599999999999387        1.6549425862697090E-003
   4.9699999999999385        1.7947192663363232E-003
   4.9799999999999383        1.9461636736590867E-003
   4.9899999999999380        2.1101720755266782E-003
   4.9999999999999378        2.2876984436467126E-003
   5.0099999999999376        2.4797563552283793E-003
   5.0199999999999374        2.6874206130443963E-003
   5.0299999999999372        2.9118284967856560E-003
   5.0399999999999370        3.1541805480832536E-003
   5.0499999999999368        3.4157407737315272E-003
   5.0599999999999365        3.6978361317119121E-003
   5.0699999999999363        4.0018551477478846E-003
   5.0799999999999361        4.3292454873057650E-003
   5.0899999999999359        4.6815102825500483E-003
   5.0999999999999357        5.0602029922947036E-003
   5.1099999999999355        5.4669205433577357E-003
   5.1199999999999353        5.9032944783970033E-003
   5.1299999999999351        6.3709798060208054E-003
   5.1399999999999348        6.8716412277498307E-003
   5.1499999999999346        7.4069363905575319E-003
   5.1599999999999344        7.9784958017928235E-003
   5.1699999999999342        8.5878990313372223E-003
   5.1799999999999340        9.2366468286291508E-003
   5.1899999999999338        9.9261288011276844E-003
   5.1999999999999336        1.0657586333328448E-002
   5.2099999999999334        1.1432070489852670E-002
   5.2199999999999331        1.2250394737101301E-002
   5.2299999999999329        1.3113082444767037E-002
   5.2399999999999327        1.4020309302515833E-002
   5.2499999999999325        1.4971841010611605E-002
   5.2599999999999323        1.5966966877691790E-002
   5.2699999999999321        1.7004430298528037E-002
   5.2799999999999319        1.8082357477809660E-002
   5.2899999999999316        1.9198186216767620E-002
   5.2999999999999314        2.0348597075545330E-002
   5.3099999999999312        2.1529449743231833E-002
   5.3199999999999310        2.2735727970562367E-002
   5.3299999999999308        2.3961496901084508E-002
   5.3399999999999306        2.5199877031274662E-002
   5.3499999999999304        2.6443039279578764E-002
   5.3599999999999302        2.7682225678114361E-002
   5.3699999999999299        2.8907799960068800E-002
   5.3799999999999297        3.0109331722250974E-002
   5.3899999999999295        3.1275716861514438E-002
   5.3999999999999293        3.2395335576383161E-002
   5.4099999999999291        3.3456247416665155E-002
   5.4199999999999289        3.4446420701236102E-002
   5.4299999999999287        3.5353991227084783E-002
   5.4399999999999284        3.6167542726629087E-002
   5.4499999999999282        3.6876399200946305E-002
   5.4599999999999280        3.7470917313287923E-002
   5.4699999999999278        3.7942765701410752E-002
   5.4799999999999276        3.8285177579035455E-002
   5.4899999999999274        3.8493163484858046E-002
   5.4999999999999272        3.8563672562792396E-002
   5.5099999999999270        3.8495693254059021E-002
   5.5199999999999267        3.8290287578916248E-002
   5.5299999999999265        3.7950557007405752E-002
   5.5399999999999263        3.7481541927020530E-002
   5.5499999999999261        3.6890060533089068E-002
   5.5599999999999259        3.6184496269599652E-002
   5.5699999999999257        3.5374545440477190E-002
   5.5799999999999255        3.4470938138016320E-002
   5.5899999999999253        3.3485146123682086E-002
   5.5999999999999250        3.2429090802932561E-002
   5.6099999999999248        3.1314863116021309E-002
   5.6199999999999246        3.0154465216607688E-002
   5.6299999999999244        2.8959581482720445E-002
   5.6399999999999242        2.7741383938536771E-002
   5.6499999999999240        2.6510374765018805E-002
   5.6599999999999238        2.5276266419675675E-002
   5.6699999999999235        2.4047898069923402E-002
   5.6799999999999233        2.2833185645215071E-002
   5.6899999999999231        2.1639101825277271E-002
   5.6999999999999229        2.0471681695133317E-002
   5.7099999999999227        1.9336049551653849E-002
   5.7199999999999225        1.8236462384371783E-002
   5.7299999999999223        1.7176365801607085E-002
   5.7399999999999221        1.6158458568780641E-002
   5.7499999999999218        1.5184762407460148E-002
   5.7599999999999216        1.4256694225410257E-002
   5.7699999999999214        1.3375138468416427E-002
   5.7799999999999212        1.2540517782469536E-002
   5.7899999999999210        1.1752860621989027E-002
   5.7999999999999208        1.1011864837928299E-002
   5.8099999999999206        1.0316956613761342E-002
   5.8199999999999203        9.6673443960577157E-003
   5.8299999999999201        9.0620676887295890E-003
   5.8399999999999199        8.5000407499290827E-003
   5.8499999999999197        7.9800913626786110E-003
   5.8599999999999195        7.5009949355137788E-003
   5.8699999999999193        7.0615042558468104E-003
   5.8799999999999191        6.6603752493467703E-003
   5.8899999999999189        6.2963891153214827E-003
   5.8999999999999186        5.9683712104408307E-003
   5.9099999999999184        5.6752070392708095E-003
   5.9199999999999182        5.4158556929535164E-003
   5.9299999999999180        5.1893610541258713E-003
   5.9399999999999178        4.9948610545318788E-003
   5.9499999999999176        4.8315952450958596E-003
   5.9599999999999174        4.6989109049184524E-003
   5.9699999999999172        4.5962678846565123E-003
   5.9799999999999169        4.5232423482342949E-003
   5.9899999999999167        4.4795295461893892E-003
   5.9999999999999165        4.4649457231439914E-003
   6.0099999999999163        4.4794292318282346E-003
   6.0199999999999161        4.5230408983682087E-003
   6.0299999999999159        4.5959636517974717E-003
   6.0399999999999157        4.6985014045428410E-003
   6.0499999999999154        4.8310771399189840E-003
   6.0599999999999152        4.9942301334609997E-003
   6.0699999999999150        5.1886122060975327E-003
   6.0799999999999148        5.4149828756269881E-003
   6.0899999999999146        5.6742032426834238E-003
   6.0999999999999144        5.9672284161693010E-003
   6.1099999999999142        6.2950982502912737E-003
   6.1199999999999140        6.6589261362116348E-003
   6.1299999999999137        7.0598855586819238E-003
   6.1399999999999135        7.4991941020463677E-003
   6.1499999999999133        7.9780945637049662E-003
   6.1599999999999131        8.4978328162566355E-003
   6.1699999999999129        9.0596320465519270E-003
   6.1799999999999127        9.6646630023735983E-003
   6.1899999999999125        1.0314009891885372E-002
   6.1999999999999122        1.1008631615962708E-002
   6.2099999999999120        1.1749318074724841E-002
   6.2199999999999118        1.2536641379621251E-002
   6.2299999999999116        1.3370901931042452E-002
   6.2399999999999114        1.4252069492587541E-002
   6.2499999999999112        1.5179719616876065E-002
   6.2599999999999110        1.6152966053670424E-002
   6.2699999999999108        1.7170390107516087E-002
   6.2799999999999105        1.8229968308517509E-002
   6.2899999999999103        1.9329000208909326E-002
   6.2999999999999101        2.0464038613778823E-002
   6.3099999999999099        2.1630825075402791E-002
   6.3199999999999097        2.2824234002784109E-002
   6.3299999999999095        2.4038229218081734E-002
   6.3399999999999093        2.5265837189321509E-002
   6.3499999999999091        2.6499141415292461E-002
   6.3599999999999088        2.7729302475787056E-002
   6.3699999999999086        2.8946608016828010E-002
   6.3799999999999084        3.0140556350265288E-002
   6.3899999999999082        3.1299976363448577E-002
   6.3999999999999080        3.2413185030464836E-002
   6.4099999999999078        3.3468182005443665E-002
   6.4199999999999076        3.4452878616899170E-002
   6.4299999999999073        3.5355356185103347E-002
   6.4399999999999071        3.6164146117018951E-002
   6.4499999999999069        3.6868521905003518E-002
   6.4599999999999067        3.7458791210872491E-002
   6.4699999999999065        3.7926574890955619E-002
   6.4799999999999063        3.8265059329624741E-002
   6.4899999999999061        3.8469208936225102E-002
   6.4999999999999059        3.8535927185139221E-002
   6.5099999999999056        3.8464157075902179E-002
   6.5199999999999054        3.8254915187207791E-002
   6.5299999999999052        3.7911257319881958E-002
   6.5399999999999050        3.7438177732316329E-002
   6.5499999999999048        3.6842447791249067E-002
   6.5599999999999046        3.6132403159939520E-002
   6.5699999999999044        3.5317691142020866E-002
   6.5799999999999041        3.4408991322690312E-002
   6.5899999999999039        3.3417723139668024E-002
   6.5999999999999037        3.2355753524095539E-002
   6.6099999999999035        3.1235116428852398E-002
   6.6199999999999033        3.0067754115257663E-002
   6.6299999999999031        2.8865287741115124E-002
   6.6399999999999029        2.7638822326117182E-002
   6.6499999999999027        2.6398788771885631E-002
   6.6599999999999024        2.5154823455355305E-002
   6.6699999999999022        2.3915684099120843E-002
   6.6799999999999020        2.2689199221582856E-002
   6.6899999999999018        2.1482247483771824E-002
   6.6999999999999016        2.0300762660241580E-002
   6.7099999999999014        1.9149759717993424E-002
   6.7199999999999012        1.8033377523541581E-002
   6.7299999999999010        1.6954933945051237E-002
   6.7399999999999007        1.5916989515391930E-002
   6.7499999999999005        1.4921416300191583E-002
   6.7599999999999003        1.3969469137053677E-002
   6.7699999999999001        1.3061856935002857E-002
   6.7799999999998999        1.2198812217046858E-002
   6.7899999999998997        1.1380157538306821E-002
   6.7999999999998995        1.0605367809896397E-002
   6.8099999999998992        9.8736278928085799E-003
   6.8199999999998990        9.1838851043907939E-003
   6.8299999999998988        8.5348965038398398E-003
   6.8399999999998986        7.9252709926076643E-003
   6.8499999999998984        7.3535063984101262E-003
   6.8599999999998982        6.8180217979237163E-003
   6.8699999999998980        6.3171853992509790E-003
   6.8799999999998978        5.8493383393962463E-003
   6.8899999999998975        5.4128147670765344E-003
   6.8999999999998973        5.0059585876612647E-003
   6.9099999999998971        4.6271372334933600E-003
   6.9199999999998969        4.2747528095749381E-003
   6.9299999999998967        3.9472509428745773E-003
   6.9399999999998965        3.6431276362776407E-003
   6.9499999999998963        3.3609344049531356E-003
   6.9599999999998960        3.0992819445036656E-003
   6.9699999999998958        2.8568425554445875E-003
   6.9799999999998956        2.6323515215665727E-003
   6.9899999999998954        2.4246076194718554E-003
   6.9999999999998952        2.2324729114530702E-003
   7.0099999999998950        2.0548719555355970E-003
   7.0199999999998948        1.8907905495734480E-003
   7.0299999999998946        1.7392741071575412E-003
   7.0399999999998943        1.5994257512064820E-003
   7.0499999999998941        1.4704041978502959E-003
   7.0599999999998939        1.3514214900100464E-003
   7.0699999999998937        1.2417406330232175E-003
   7.0799999999998935        1.1406731742105380E-003
   7.0899999999998933        1.0475767610284728E-003
   7.0999999999998931        9.6185270728905612E-004
   7.1099999999998929        8.8294358904624512E-004
   7.1199999999998926        8.1033089007904622E-004
   7.1299999999998924        7.4353270977608338E-004
   7.1399999999998922        6.8210154580135318E-004
   7.1499999999998920        6.2562215801499784E-004
   7.1599999999998918        5.7370952079651523E-004
   7.1699999999998916        5.2600686663439216E-004
   7.1799999999998914        4.8218382296226730E-004
   7.1899999999998911        4.4193464392978943E-004
   7.1999999999998909        4.0497653504518462E-004
   7.2099999999998907        3.7104807094199833E-004
   7.2199999999998905        3.3990770377703456E-004
   7.2299999999998903        3.1133235971510649E-004
   7.2399999999998901        2.8511612008519095E-004
   7.2499999999998899        2.6106898542680649E-004
   7.2599999999998897        2.3901571729566907E-004
   7.2699999999998894        2.1879475572863280E-004
   7.2799999999998892        2.0025720776445027E-004
   7.2899999999998890        1.8326590383526423E-004
   7.2999999999998888        1.6769451858306131E-004
   7.3099999999998886        1.5342675188525714E-004
   7.3199999999998884        1.4035556743085365E-004
   7.3299999999998882        1.2838248472963254E-004
   7.3399999999998879        1.1741692173785708E-004
   7.3499999999998877        1.0737558516827613E-004
   7.3599999999998875        9.8181904251187085E-005
   7.3699999999998873        8.9765507027059652E-005
   7.3799999999998871        8.2061734481722376E-005
   7.3899999999998869        7.5011191532020906E-005
   7.3999999999998867        6.8559331025345365E-005
   7.4099999999998865        6.2656069504471329E-005
   7.4199999999998862        5.7255432087932918E-005
   7.4299999999998860        5.2315224248740043E-005
   7.4399999999998858        4.7796729131399518E-005
   7.4499999999998856        4.3664427916603377E-005
   7.4599999999998854        3.9885741999245793E-005
   7.4699999999998852        3.6430794999858508E-005
   7.4799999999998850        3.3272193952764672E-005
   7.4899999999998847        3.0384827188968153E-005
   7.4999999999998845        2.7745678167199981E-005
   7.5099999999998843        2.5333654315981438E-005
   7.5199999999998841        2.3129429532680638E-005
   7.5299999999998839        2.1115298716454784E-005
   7.5399999999998837        1.9275044547147842E-005
   7.5499999999998835        1.7593814524831598E-005
   7.5599999999998833        1.6058008275731213E-005
   7.5699999999998830        1.4655173706979776E-005
   7.5799999999998828        1.3373911494528400E-005
   7.5899999999998826        1.2203787750571906E-005
   7.5999999999998824        1.1135253383610983E-005
   7.6099999999998822        1.0159570220412943E-005
   7.6199999999998820        9.2687431167104243E-006
   7.6299999999998818        8.4554577019183069E-006
   7.6399999999998816        7.7130232762231227E-006
   7.6499999999998813        7.0353202135384603E-006
   7.6599999999998811        6.4167520946423620E-006
   7.6699999999998809        5.8522013962573109E-006
   7.6799999999998807        5.3369889848635922E-006
   7.6899999999998805        4.8668371284846491E-006
   7.6999999999998803        4.4378354601109168E-006
   7.7099999999998801        4.0464096636781447E-006
   7.7199999999998798        3.6892932755631027E-006
   7.7299999999998796        3.3635010604238757E-006
   7.7399999999998794        3.0663052367433037E-006
   7.7499999999998792        2.7952135855898250E-006
   7.7599999999998790        2.5479492306151935E-006
   7.7699999999998788        2.3224322256455373E-006
   7.7799999999998786        2.1167627190000243E-006
   7.7899999999998784        1.9292054892752899E-006
   7.7999999999998781        1.7581758223768870E-006
   7.8099999999998779        1.6022266897771566E-006
   7.8199999999998777        1.4600366819979971E-006
   7.8299999999998775        1.3303994250476648E-006
   7.8399999999998773        1.2122133077589226E-006
   7.8499999999998771        1.1044730269665996E-006
   7.8599999999998769        1.0062607814632929E-006
   7.8699999999998766        9.1673872256936317E-007
   7.8799999999998764        8.3514236873395078E-007
   7.8899999999998762        7.6077390438377493E-007
   7.8999999999998760        6.9299661444832498E-007
   7.9099999999998758        6.3122959727486684E-007
   7.9199999999998756        5.7494266466181581E-007
   7.9299999999998754        5.2365217617784157E-007
   7.9399999999998752        4.7691693984867341E-007
   7.9499999999998749        4.3433443510389854E-007
   7.9599999999998747        3.9553752556873760E-007
   7.9699999999998745        3.6019136412717667E-007
   7.9799999999998743        3.2799052262149799E-007
   7.9899999999998741        2.9865639439867945E-007
   7.9999999999998739        2.7193506346363187E-007
   8.0099999999998737        2.4759486152419345E-007
   8.0199999999998735        2.2542459758557504E-007
   8.0299999999998732        2.0523170625997854E-007
   8.0399999999998730        1.8684058346604851E-007
   8.0499999999998728        1.7009120820528134E-007
   8.0599999999998726        1.5483762846946801E-007
   8.0699999999998724        1.4094686578041403E-007
   8.0799999999998722        1.2829768223314213E-007
   8.0899999999998720        1.1677952913324166E-007
   8.0999999999998717        1.0629173887679596E-007
   8.1099999999998715        9.6742489967718394E-008
   8.1199999999998713        8.8048124345083706E-008
   8.1299999999998711        8.0132421670205473E-008
   8.1399999999998709        7.2925928593938660E-008
   8.1499999999998707        6.6365342523162219E-008
   8.1599999999998705        6.0392986382041524E-008
   8.1699999999998703        5.4956336885752313E-008
   8.1799999999998700        5.0007470281229414E-008
   8.1899999999998698        4.5502832433207900E-008
   8.1999999999998696        4.1402690818881725E-008
   8.2099999999998694        3.7670836606320988E-008
   8.2199999999998692        3.4274288940911560E-008
   8.2299999999998690        3.1183063334736051E-008
   8.2399999999998688        2.8369781731910193E-008
   8.2499999999998685        2.5809543593472262E-008
   8.2599999999998683        2.3479675190742646E-008
   8.2699999999998681        2.1359517602261726E-008
   8.2799999999998679        1.9430240689907872E-008
   8.2899999999998677        1.7674720030801425E-008
   8.2999999999998675        1.6077378032159522E-008
   8.3099999999998673        1.4623964335434428E-008
   8.3199999999998671        1.3301596302519138E-008
   8.3299999999998668        1.2098479461644212E-008
   8.3399999999998666        1.1003863326718240E-008
   8.3499999999998664        1.0008034686687002E-008
   8.3599999999998662        9.1020896521028890E-009
   8.3699999999998660        8.2779282150603997E-009
   8.3799999999998658        7.5281876913466998E-009
   8.3899999999998656        6.8461889609936931E-009
   8.3999999999998654        6.2258214060095126E-009
   8.4099999999998651        5.6615270033628162E-009
   8.4199999999998649        5.1482599560490760E-009
   8.4299999999998647        4.6813974743413397E-009
   8.4399999999998645        4.2567617088710305E-009
   8.4499999999998643        3.8705432932727464E-009
   8.4599999999998641        3.5193115027297862E-009
   8.4699999999998639        3.1998642505084740E-009
   8.4799999999998636        2.9093372783986872E-009
   8.4899999999998634        2.6451408801699153E-009
   8.4999999999998632        2.4048843693992356E-009
   8.5099999999998630        2.1863747965483495E-009
   8.5199999999998628        1.9876897302542638E-009
   8.5299999999998626        1.8070158000590575E-009
   8.5399999999998624        1.6427340663959779E-009
   8.5499999999998622        1.4933574595210434E-009
   8.5599999999998619        1.3575299283429660E-009
   8.5699999999998617        1.2340380915978410E-009
   8.5799999999998615        1.1217488741534541E-009
   8.5899999999998613        1.0196459408296816E-009
   8.5999999999998611        9.2682909194402517E-010
   8.6099999999998609        8.4243981668824600E-010
   8.6199999999998607        7.6572253426580839E-010
   8.6299999999998604        6.9597479422021310E-010
   8.6399999999998602        6.3258395697127246E-010
   8.6499999999998600        5.7492818659053864E-010
   8.6599999999998598        5.2252414747482144E-010
   8.6699999999998596        4.7489109454099150E-010
   8.6799999999998594        4.3158759076949399E-010
   8.6899999999998592        3.9223595678319957E-010
   8.6999999999998590        3.5646043759138610E-010
   8.7099999999998587        3.2392398181227952E-010
   8.7199999999998585        2.9437744922598889E-010
   8.7299999999998583        2.6752377498403354E-010
   8.7399999999998581        2.4309179944237050E-010
   8.7499999999998579        2.2089789170872167E-010
   8.7599999999998577        2.0073479781133288E-010
   8.7699999999998575        1.8239617662843525E-010
   8.7799999999998573        1.6575056541519054E-010
   8.7899999999998570        1.5060561802807692E-010
   8.7999999999998568        1.3683132734793319E-010
   8.8099999999998566        1.2432301167697126E-010
   8.8199999999998564        1.1295187280549763E-010
   8.8299999999998562        1.0263899854629270E-010
   8.8399999999998560        9.3244235574944152E-011
   8.8499999999998558        8.4714231506020984E-011
   8.8599999999998555        7.6983649713006406E-011
   8.8699999999998553        6.9938180396934575E-011
   8.8799999999998551        6.3550179003899248E-011
   8.8899999999998549        5.7718257497661510E-011
   8.8999999999998547        5.2427643743792364E-011
   8.9099999999998545        4.7639116029078122E-011
   8.9199999999998543        4.3276661081908765E-011
   8.9299999999998541        3.9313818586251824E-011
   8.9399999999998538        3.5711909604585103E-011
   8.9499999999998536        3.2444819223590264E-011
   8.9599999999998534        2.9461834921424893E-011
   8.9699999999998532        2.6774114439802957E-011
   8.9799999999998530        2.4318849993505322E-011
   8.9899999999998528        2.2082725073833840E-011
   8.9999999999998526        2.0064851502371222E-011
   9.0099999999998523        1.8215071868783236E-011
   9.0199999999998521        1.6544963332367782E-011
   9.0299999999998519        1.5041554787143842E-011
   9.0399999999998517        1.3654886195758169E-011
   9.0499999999998515        1.2396756762112801E-011
   9.0599999999998513        1.1266673053753115E-011
   9.0699999999998511        1.0227165042663937E-011
   9.0799999999998509        9.2901799624836061E-012
   9.0899999999998506        8.4306884512896863E-012
   9.0999999999998504        7.6606870859658276E-012
   9.1099999999998502        6.9552081836464220E-012
   9.1199999999998500        6.3263100002718742E-012
   9.1299999999998498        5.7367445524315021E-012
   9.1399999999998496        5.2109614189131283E-012
   9.1499999999998494        4.7364335829440640E-012
   9.1599999999998492        4.3006340277517616E-012
   9.1699999999998489        3.9157320315787906E-012
   9.1799999999998487        3.5445659616940642E-012
   9.1899999999998485        3.2116964191877977E-012
   9.1999999999998483        2.9293296897367976E-012
   9.2099999999998481        2.6603411480439232E-012
   9.2199999999998479        2.4046321076182135E-012
   9.2299999999998477        2.1867878411726304E-012
   9.2399999999998474        1.9820503746348327E-012
   9.2499999999998472        1.8026876727385746E-012
   9.2599999999998470        1.6362960768249268E-012
   9.2699999999998468        1.4828139078369345E-012
   9.2799999999998466        1.3545214663197603E-012
   9.2899999999998464        1.2266977856351663E-012
   9.2999999999998462        1.1116355021396597E-012
   9.3099999999998460        1.0092852725876979E-012
   9.3199999999998457        9.1963476116793600E-013
   9.3299999999998455        8.4262228882340952E-013
   9.3399999999998453        7.5356389635008988E-013
   9.3499999999998451        6.8943617930851073E-013
   9.3599999999998449        6.2554284268323590E-013
   9.3699999999998447        5.7418885864215539E-013
   9.3799999999998445        5.1069026798118568E-013
   9.3899999999998442        4.5970635828163241E-013
   9.3999999999998440        4.2121245792073862E-013
   9.4099999999998438        3.8286658729645840E-013
   9.4199999999998436        3.5697371857667726E-013
   9.4299999999998434        3.1886222836869929E-013
   9.4399999999998432        2.8086176046318274E-013
   9.4499999999998430        2.5528962283940040E-013
   9.4599999999998428        2.4213347968596720E-013
   9.4699999999998425        2.1672170761018541E-013
   9.4799999999998423        1.9138395040270940E-013
   9.4899999999998421        1.7844985185420251E-013
   9.4999999999998419        1.6556509655123035E-013
   9.5099999999998417        1.4040004070314104E-013
   9.5199999999998415        1.2761397189124778E-013
   9.5299999999998413        1.1487724632489340E-013
   9.5399999999998411        1.1450717198335305E-013
   9.5499999999998408        1.0184446128530578E-013
   9.5599999999998406        8.9206422210027861E-014
   9.5699999999998404        8.8935034359565422E-014
   9.5799999999998402        7.6346338529826387E-014
   9.5899999999998400        6.3794650134241427E-014
   9.5999999999998398        5.1255297550041548E-014
   9.6099999999998396        5.1070260379270699E-014
   9.6199999999998393        5.0909894831269570E-014
   9.6299999999998391        5.0761865094652973E-014
   9.6399999999998389        5.0626171169420996E-014
   9.6499999999998387        3.8173169264913755E-014
   9.6599999999998385        2.5720167360406501E-014
   9.6699999999998383        2.5621480869328710E-014
   9.6799999999998381        2.5535130189635678E-014
   9.6899999999998379        2.5448779509942980E-014
   9.6999999999998376        2.5374764641634265E-014
   9.7099999999998374        1.2971105982666047E-014
   9.7199999999998372        1.2909426925742348E-014
   9.7299999999998370        1.2860083680203453E-014
   9.7399999999998368        1.2810740434664618E-014
   9.7499999999998366        1.2761397189125723E-014
   9.7599999999998364        1.2724389754971551E-014
   9.7699999999998361        1.2687382320817378E-014
   9.7799999999998359        1.2650374886663224E-014
   9.7899999999998357        1.2625703263893776E-014
   9.7999999999998355        2.5905203907920321E-016
   9.8099999999998353        2.3438041630975528E-016
   9.8199999999998351        2.0970879354030734E-016
   9.8299999999998349        1.2527016772815985E-014
   9.8399999999998347        1.7270135938613546E-016
   9.8499999999998344        1.6036554800141150E-016
   9.8599999999998342        1.2477673527277094E-014
   9.8699999999998340        1.2465337715892353E-014
   9.8799999999998338        1.2453001904507645E-014
   9.8899999999998336        1.2440666093122921E-014
   9.8999999999998334        9.8686491077791687E-017
   9.9099999999998332        8.6350679693067732E-017
   9.9199999999998330        7.4014868308343765E-017
   9.9299999999998327        7.4014868308343765E-017
   9.9399999999998325        6.1679056923619811E-017
   9.9499999999998323        6.1679056923619811E-017
   9.9599999999998321        4.9343245538895844E-017
   9.9699999999998319        4.9343245538895844E-017
   9.9799999999998317        1.2378987036199301E-014
   9.9899999999998315        3.7007434154171883E-017
   9.9999999999998312        3.7007434154171883E-017
