   0.0000000000000000        9.0967917213953947E-002
   1.0000000000000000E-002   9.0995953860903478E-002
   2.0000000000000000E-002   9.1080115541310902E-002
   2.9999999999999999E-002   9.1220550695728445E-002
   4.0000000000000001E-002   9.1417484692424167E-002
   5.0000000000000003E-002   9.1671188604704523E-002
   6.0000000000000005E-002   9.1981938940257066E-002
   7.0000000000000007E-002   9.2349971247206480E-002
   8.0000000000000002E-002   9.2775430733780861E-002
   8.9999999999999997E-002   9.3258322963129803E-002
   9.9999999999999992E-002   9.3798467299751498E-002
  0.10999999999999999        9.4395455238469636E-002
  0.11999999999999998        9.5048615126977418E-002
  0.12999999999999998        9.5756984125849612E-002
  0.13999999999999999        9.6519287686117242E-002
  0.14999999999999999        9.7333926325966200E-002
  0.16000000000000000        9.8198969163203198E-002
  0.17000000000000001        9.9112153407994938E-002
  0.18000000000000002       0.10007088894114491     
  0.19000000000000003       0.10107226706535967     
  0.20000000000000004       0.10211307258520505     
  0.21000000000000005       0.10318979845396303     
  0.22000000000000006       0.10429866235817940     
  0.23000000000000007       0.10543562473017795     
  0.24000000000000007       0.10659640779440251     
  0.25000000000000006       0.10777651537857313     
  0.26000000000000006       0.10897125330409310     
  0.27000000000000007       0.11017575025626088     
  0.28000000000000008       0.11138497910572975     
  0.29000000000000009       0.11259377869636474     
  0.30000000000000010       0.11379687618179855     
  0.31000000000000011       0.11498891000259007     
  0.32000000000000012       0.11616445365534890     
  0.33000000000000013       0.11731804040787143     
  0.34000000000000014       0.11844418913745036     
  0.35000000000000014       0.11953743147059977     
  0.36000000000000015       0.12059234037632484     
  0.37000000000000016       0.12160356033569451     
  0.38000000000000017       0.12256583912758932     
  0.39000000000000018       0.12347406118231098     
  0.40000000000000019       0.12432328231503052     
  0.41000000000000020       0.12510876552444841     
  0.42000000000000021       0.12582601736266510     
  0.43000000000000022       0.12647082425528675     
  0.44000000000000022       0.12703928804527861     
  0.45000000000000023       0.12752785995815552     
  0.46000000000000024       0.12793337220279979     
  0.47000000000000025       0.12825306648020940     
  0.48000000000000026       0.12848461881056206     
  0.49000000000000027       0.12862616022995829     
  0.50000000000000022       0.12867629311728415     
  0.51000000000000023       0.12863410305896317     
  0.52000000000000024       0.12849916632656594     
  0.53000000000000025       0.12827155313029842     
  0.54000000000000026       0.12795182690635939     
  0.55000000000000027       0.12754103988677679     
  0.56000000000000028       0.12704072524887206     
  0.57000000000000028       0.12645288607610736     
  0.58000000000000029       0.12577998136777718     
  0.59000000000000030       0.12502490929248145     
  0.60000000000000031       0.12419098784200083     
  0.61000000000000032       0.12328193303670143     
  0.62000000000000033       0.12230183478994422     
  0.63000000000000034       0.12125513055421162     
  0.64000000000000035       0.12014657680827462     
  0.65000000000000036       0.11898121850617827     
  0.66000000000000036       0.11776435652507031     
  0.67000000000000037       0.11650151321615287     
  0.68000000000000038       0.11519839610404153     
  0.69000000000000039       0.11386085982724434     
  0.70000000000000040       0.11249486638500183     
  0.71000000000000041       0.11110644379462287     
  0.72000000000000042       0.10970164325501787     
  0.73000000000000043       0.10828649495664704     
  0.74000000000000044       0.10686696271238875     
  0.75000000000000044       0.10544889761552183     
  0.76000000000000045       0.10403799102957158     
  0.77000000000000046       0.10263972728693364     
  0.78000000000000047       0.10125933658599846     
  0.79000000000000048        9.9901748743854074E-002
  0.80000000000000049        9.8571548595270259E-002
  0.81000000000000050        9.7272934059809357E-002
  0.82000000000000051        9.6009678064090248E-002
  0.83000000000000052        9.4785095722426063E-002
  0.84000000000000052        9.3602018349923585E-002
  0.85000000000000053        9.2462775955363896E-002
  0.86000000000000054        9.1369189925933611E-002
  0.87000000000000055        9.0322577427336626E-002
  0.88000000000000056        8.9323768838320897E-002
  0.89000000000000057        8.8373138990131508E-002
  0.90000000000000058        8.7470652402279858E-002
  0.91000000000000059        8.6615921823411546E-002
  0.92000000000000060        8.5808278510640754E-002
  0.93000000000000060        8.5046851633894749E-002
  0.94000000000000061        8.4330653324693874E-002
  0.95000000000000062        8.3658665088860995E-002
  0.96000000000000063        8.3029920797975609E-002
  0.97000000000000064        8.2443581364021218E-002
  0.98000000000000065        8.1898996431134519E-002
  0.99000000000000066        8.1395749139175452E-002
   1.0000000000000007        8.0933681104890687E-002
   1.0100000000000007        8.0512896136446355E-002
   1.0200000000000007        8.0133742787741657E-002
   1.0300000000000007        7.9796777377665051E-002
   1.0400000000000007        7.9502710562846468E-002
   1.0500000000000007        7.9252341563462225E-002
   1.0600000000000007        7.9046484882345447E-002
   1.0700000000000007        7.8885894482749241E-002
   1.0800000000000007        7.8771190162705604E-002
   1.0900000000000007        7.8702790218063826E-002
   1.1000000000000008        7.8680853574954857E-002
   1.1100000000000008        7.8705233527968058E-002
   1.1200000000000008        7.8775444201686612E-002
   1.1300000000000008        7.8890639897586989E-002
   1.1400000000000008        7.9049606728811894E-002
   1.1500000000000008        7.9250765383784449E-002
   1.1600000000000008        7.9492183521590556E-002
   1.1700000000000008        7.9771596111282525E-002
   1.1800000000000008        8.0086432060193724E-002
   1.1900000000000008        8.0433845527635828E-002
   1.2000000000000008        8.0810750545066534E-002
   1.2100000000000009        8.1213857709688336E-002
   1.2200000000000009        8.1639711985159694E-002
   1.2300000000000009        8.2084730812985437E-002
   1.2400000000000009        8.2545241914601497E-002
   1.2500000000000009        8.3017520319592225E-002
   1.2600000000000009        8.3497824265257287E-002
   1.2700000000000009        8.3982429692314717E-002
   1.2800000000000009        8.4467663121165923E-002
   1.2900000000000009        8.4949932726859939E-002
   1.3000000000000009        8.5425757463675644E-002
   1.3100000000000009        8.5891794075938596E-002
   1.3200000000000010        8.6344861863643041E-002
   1.3300000000000010        8.6781965044082088E-002
   1.3400000000000010        8.7200312578800426E-002
   1.3500000000000010        8.7597335327542131E-002
   1.3600000000000010        8.7970700402967367E-002
   1.3700000000000010        8.8318322630175194E-002
   1.3800000000000010        8.8638373033965656E-002
   1.3900000000000010        8.8929284311156834E-002
   1.4000000000000010        8.9189753288973161E-002
   1.4100000000000010        8.9418740428549304E-002
   1.4200000000000010        8.9615466460408730E-002
   1.4300000000000010        8.9779406298488726E-002
   1.4400000000000011        8.9910280452078328E-002
   1.4500000000000011        9.0008044160898679E-002
   1.4600000000000011        9.0072874558532606E-002
   1.4700000000000011        9.0105156176479476E-002
   1.4800000000000011        9.0105465152244865E-002
   1.4900000000000011        9.0074552486759940E-002
   1.5000000000000011        9.0013326742370336E-002
   1.5100000000000011        8.9922836529683997E-002
   1.5200000000000011        8.9804253144720972E-002
   1.5300000000000011        8.9658853667180433E-002
   1.5400000000000011        8.9488004836740381E-002
   1.5500000000000012        8.9293147916960622E-002
   1.5600000000000012        8.9075784803063468E-002
   1.5700000000000012        8.8837465489619391E-002
   1.5800000000000012        8.8579777024269946E-002
   1.5900000000000012        8.8304334008948812E-002
   1.6000000000000012        8.8012770636432480E-002
   1.6100000000000012        8.7706734243849213E-002
   1.6200000000000012        8.7387880281058233E-002
   1.6300000000000012        8.7057868600990018E-002
   1.6400000000000012        8.6718360883788592E-002
   1.6500000000000012        8.6371019066678253E-002
   1.6600000000000013        8.6017504540776335E-002
   1.6700000000000013        8.5659477951459381E-002
   1.6800000000000013        8.5298599368965916E-002
   1.6900000000000013        8.4936528640824752E-002
   1.7000000000000013        8.4574925727042893E-002
   1.7100000000000013        8.4215450845755893E-002
   1.7200000000000013        8.3859764260015207E-002
   1.7300000000000013        8.3509525580682614E-002
   1.7400000000000013        8.3166392471277717E-002
   1.7500000000000013        8.2832018667009455E-002
   1.7600000000000013        8.2508051259464726E-002
   1.7700000000000014        8.2196127219163001E-002
   1.7800000000000014        8.1897869153539485E-002
   1.7900000000000014        8.1614880340919502E-002
   1.8000000000000014        8.1348739083065516E-002
   1.8100000000000014        8.1100992482013468E-002
   1.8200000000000014        8.0873149741593930E-002
   1.8300000000000014        8.0666675150646142E-002
   1.8400000000000014        8.0482980920620187E-002
   1.8500000000000014        8.0323420096324483E-002
   1.8600000000000014        8.0189279777784533E-002
   1.8700000000000014        8.0081774933823860E-002
   1.8800000000000014        8.0002043120799449E-002
   1.8900000000000015        7.9951140407505852E-002
   1.9000000000000015        7.9930038852110835E-002
   1.9100000000000015        7.9939625807327039E-002
   1.9200000000000015        7.9980705330623583E-002
   1.9300000000000015        8.0054001841049202E-002
   1.9400000000000015        8.0160166089072338E-002
   1.9500000000000015        8.0299783330210331E-002
   1.9600000000000015        8.0473383409132473E-002
   1.9700000000000015        8.0681452309586232E-002
   1.9800000000000015        8.0924444492029748E-002
   1.9900000000000015        8.1202795238782724E-002
   2.0000000000000013        8.1516932095490671E-002
   2.0100000000000011        8.1867284478033542E-002
   2.0200000000000009        8.2254290567322405E-002
   2.0300000000000007        8.2678400720337331E-002
   2.0400000000000005        8.3140076865829332E-002
   2.0500000000000003        8.3639787561927109E-002
   2.0600000000000001        8.4177998728263800E-002
   2.0699999999999998        8.4755160311232924E-002
   2.0799999999999996        8.5371689416020857E-002
   2.0899999999999994        8.6027950640905793E-002
   2.0999999999999992        8.6724234471414433E-002
   2.1099999999999990        8.7460734631163134E-002
   2.1199999999999988        8.8237525253917037E-002
   2.1299999999999986        8.9054538631512983E-002
   2.1399999999999983        8.9911544132184024E-002
   2.1499999999999981        9.0808128699469789E-002
   2.1599999999999979        9.1743679162516162E-002
   2.1699999999999977        9.2717366417536556E-002
   2.1799999999999975        9.3728131411524140E-002
   2.1899999999999973        9.4774672771118632E-002
   2.1999999999999971        9.5855435874878117E-002
   2.2099999999999969        9.6968603155842048E-002
   2.2199999999999966        9.8112085460469761E-002
   2.2299999999999964        9.9283514334971637E-002
   2.2399999999999962       0.10048023517734767     
   2.2499999999999960       0.10169930127428030     
   2.2599999999999958       0.10293746882770924     
   2.2699999999999956       0.10419119313456227     
   2.2799999999999954       0.10545662618351409     
   2.2899999999999952       0.10672961596923813     
   2.2999999999999949       0.10800570791818564     
   2.3099999999999947       0.10928014884015044     
   2.3199999999999945       0.11054789389243382     
   2.3299999999999943       0.11180361706467133     
   2.3399999999999941       0.11304172572757833     
   2.3499999999999939       0.11425637981096785     
   2.3599999999999937       0.11544151616295587     
   2.3699999999999934       0.11659087864122730     
   2.3799999999999932       0.11769805442950108     
   2.3899999999999930       0.11875651698998098     
   2.3999999999999928       0.11975967594428713     
   2.4099999999999926       0.12070093398445819     
   2.4199999999999924       0.12157375068412274     
   2.4299999999999922       0.12237171276327559     
   2.4399999999999920       0.12308861002310285     
   2.4499999999999917       0.12371851574095628     
   2.4599999999999915       0.12425586992633618     
   2.4699999999999913       0.12469556342167978     
   2.4799999999999911       0.12503302053716481     
   2.4899999999999909       0.12526427766741102     
   2.4999999999999907       0.12538605530861593     
   2.5099999999999905       0.12539582100127322     
   2.5199999999999902       0.12529184103731433     
   2.5299999999999900       0.12507321922503295     
   2.5399999999999898       0.12473992161027359     
   2.5499999999999896       0.12429278667376581     
   2.5599999999999894       0.12373352121235962     
   2.5699999999999892       0.12306468266671208     
   2.5799999999999890       0.12228964917763904     
   2.5899999999999888       0.12141257900063455     
   2.5999999999999885       0.12043836109682046     
   2.6099999999999883       0.11937255879942733     
   2.6199999999999881       0.11822134835305495     
   2.6299999999999879       0.11699145396676484     
   2.6399999999999877       0.11569008071833117     
   2.6499999999999875       0.11432484639988380     
   2.6599999999999873       0.11290371300343731     
   2.6699999999999871       0.11143491829069088     
   2.6799999999999868       0.10992690753602824     
   2.6899999999999866       0.10838826531354834     
   2.6999999999999864       0.10682764693331873     
   2.7099999999999862       0.10525370895540469     
   2.7199999999999860       0.10367503804722261     
   2.7299999999999858       0.10210007733309945     
   2.7399999999999856       0.10053704931109718     
   2.7499999999999853        9.8993874382681576E-002
   2.7599999999999851        9.7478084090915934E-002
   2.7699999999999849        9.5996728278007287E-002
   2.7799999999999847        9.4556275604868317E-002
   2.7899999999999845        9.3162507241299944E-002
   2.7999999999999843        9.1820404044372889E-002
   2.8099999999999841        9.0534028277794221E-002
   2.8199999999999839        8.9306401834442911E-002
   2.8299999999999836        8.8139384079973182E-002
   2.8399999999999834        8.7033553800903399E-002
   2.8499999999999832        8.5988101242667980E-002
   2.8599999999999830        8.5000737834181619E-002
   2.8699999999999828        8.4067632679963811E-002
   2.8799999999999826        8.3183386137028414E-002
   2.8899999999999824        8.2341051424005371E-002
   2.8999999999999821        8.1532215000015451E-002
   2.9099999999999819        8.0747145034457402E-002
   2.9199999999999817        7.9975014440808609E-002
   2.9299999999999815        7.9204200511394679E-002
   2.9399999999999813        7.8422657303382881E-002
   2.9499999999999811        7.7618349898757377E-002
   2.9599999999999809        7.6779732191785771E-002
   2.9699999999999807        7.5896242917600665E-002
   2.9799999999999804        7.4958789252089750E-002
   2.9899999999999802        7.3960184621299135E-002
   2.9999999999999800        7.2895508101050097E-002
   3.0099999999999798        7.1762357309160002E-002
   3.0199999999999796        7.0560974690427672E-002
   3.0299999999999794        6.9294237641870468E-002
   3.0399999999999792        6.7967514683455021E-002
   3.0499999999999790        6.6588401191821134E-002
   3.0599999999999787        6.5166357652880161E-002
   3.0699999999999785        6.3712279813611203E-002
   3.0799999999999783        6.2238032961336259E-002
   3.0899999999999781        6.0755981941828789E-002
   3.0999999999999779        5.9278544909378748E-002
   3.1099999999999777        5.7817793101331144E-002
   3.1199999999999775        5.6385112199442991E-002
   3.1299999999999772        5.4990933882173014E-002
   3.1399999999999770        5.3644539900625871E-002
   3.1499999999999768        5.2353935792466597E-002
   3.1599999999999766        5.1125787532600719E-002
   3.1699999999999764        4.9965411942203913E-002
   3.1799999999999762        4.8876810523954123E-002
   3.1899999999999760        4.7862736208779344E-002
   3.1999999999999758        4.6924783147782298E-002
   3.2099999999999755        4.6063490789444619E-002
   3.2199999999999753        4.5278454904089410E-002
   3.2299999999999751        4.4568439717656033E-002
   3.2399999999999749        4.3931486755347395E-002
   3.2499999999999747        4.3365017335969216E-002
   3.2599999999999745        4.2865926784492941E-002
   3.2699999999999743        4.2430669369651487E-002
   3.2799999999999740        4.2055333715161111E-002
   3.2899999999999738        4.1735708990772093E-002
   3.2999999999999736        4.1467342585227523E-002
   3.3099999999999734        4.1245590235820001E-002
   3.3199999999999732        4.1065659745826377E-002
   3.3299999999999730        4.0922649497143485E-002
   3.3399999999999728        4.0811582973366595E-002
   3.3499999999999726        4.0727440461069291E-002
   3.3599999999999723        4.0665189015173277E-002
   3.3699999999999721        4.0619811636567034E-002
   3.3799999999999719        4.0586336467457192E-002
   3.3899999999999717        4.0559866618495449E-002
   3.3999999999999715        4.0535611029149474E-002
   3.4099999999999713        4.0508916553898676E-002
   3.4199999999999711        4.0475301203096559E-002
   3.4299999999999708        4.0430488241651644E-002
   3.4399999999999706        4.0370440612927619E-002
   3.4499999999999704        4.0291394946035640E-002
   3.4599999999999702        4.0189894228992613E-002
   3.4699999999999700        4.0062818132389037E-002
   3.4799999999999698        3.9907409908017694E-002
   3.4899999999999696        3.9721298824364211E-002
   3.4999999999999694        3.9502517216995901E-002
   3.5099999999999691        3.9249511401939295E-002
   3.5199999999999689        3.8961145957724187E-002
   3.5299999999999687        3.8636701154874116E-002
   3.5399999999999685        3.8275863628530540E-002
   3.5499999999999683        3.7878710654704481E-002
   3.5599999999999681        3.7445688688641669E-002
   3.5699999999999679        3.6977587003884586E-002
   3.5799999999999677        3.6475507421402167E-002
   3.5899999999999674        3.5940831198486102E-002
   3.5999999999999672        3.5375184148660782E-002
   3.6099999999999670        3.4780401005207351E-002
   3.6199999999999668        3.4158489936472358E-002
   3.6299999999999666        3.3511598004269540E-002
   3.6399999999999664        3.2841978172159760E-002
   3.6499999999999662        3.2151958346027083E-002
   3.6599999999999659        3.1443912764114512E-002
   3.6699999999999657        3.0720235923305986E-002
   3.6799999999999655        2.9983319125322285E-002
   3.6899999999999653        2.9235529630308302E-002
   3.6999999999999651        2.8479192343952353E-002
   3.7099999999999649        2.7716573919790571E-002
   3.7199999999999647        2.6949869130920592E-002
   3.7299999999999645        2.6181189345808105E-002
   3.7399999999999642        2.5412552949216273E-002
   3.7499999999999640        2.4645877546907544E-002
   3.7599999999999638        2.3882973794138375E-002
   3.7699999999999636        2.3125540719768575E-002
   3.7799999999999634        2.2375162397840393E-002
   3.7899999999999632        2.1633305855505471E-002
   3.7999999999999630        2.0901320099355112E-002
   3.8099999999999627        2.0180436157364090E-002
   3.8199999999999625        1.9471768036889936E-002
   3.8299999999999623        1.8776314501008903E-002
   3.8399999999999621        1.8094961581132742E-002
   3.8499999999999619        1.7428485726514550E-002
   3.8599999999999617        1.6777557522885584E-002
   3.8699999999999615        1.6142745879390623E-002
   3.8799999999999613        1.5524522623573801E-002
   3.8899999999999610        1.4923267413224441E-002
   3.8999999999999608        1.4339272902724354E-002
   3.9099999999999606        1.3772750088619877E-002
   3.9199999999999604        1.3223833776390815E-002
   3.9299999999999602        1.2692588097225453E-002
   3.9399999999999600        1.2179012033832863E-002
   3.9499999999999598        1.1683044894166023E-002
   3.9599999999999596        1.1204571695327003E-002
   3.9699999999999593        1.0743428413581542E-002
   3.9799999999999591        1.0299407075744475E-002
   3.9899999999999589        9.8722606511948332E-003
   3.9999999999999587        9.4617077380780724E-003
   4.0099999999999589        9.0674370095107856E-003
   4.0199999999999587        8.6891114223957705E-003
   4.0299999999999585        8.3263721637131822E-003
   4.0399999999999583        7.9788423507619506E-003
   4.0499999999999581        7.6461304578893984E-003
   4.0599999999999579        7.3278334944517553E-003
   4.0699999999999577        7.0235399258653797E-003
   4.0799999999999574        6.7328323460782878E-003
   4.0899999999999572        6.4552899105573582E-003
   4.0999999999999570        6.1904905404546870E-003
   4.1099999999999568        5.9380129078255468E-003
   4.1199999999999566        5.6974382091154255E-003
   4.1299999999999564        5.4683517499450624E-003
   4.1399999999999562        5.2503443400455027E-003
   4.1499999999999559        5.0430135199621513E-003
   4.1599999999999557        4.8459646324438806E-003
   4.1699999999999555        4.6588117421631674E-003
   4.1799999999999553        4.4811784277589426E-003
   4.1899999999999551        4.3126984453019613E-003
   4.1999999999999549        4.1530162888319105E-003
   4.2099999999999547        4.0017876414472596E-003
   4.2199999999999545        3.8586797437801714E-003
   4.2299999999999542        3.7233716769605263E-003
   4.2399999999999540        3.5955545763115323E-003
   4.2499999999999538        3.4749317807897836E-003
   4.2599999999999536        3.3612189256195827E-003
   4.2699999999999534        3.2541439902208499E-003
   4.2799999999999532        3.1534472999703938E-003
   4.2899999999999530        3.0588814947721302E-003
   4.2999999999999527        2.9702114668058101E-003
   4.3099999999999525        2.8872142735780213E-003
   4.3199999999999523        2.8096790316525420E-003
   4.3299999999999521        2.7374067927804268E-003
   4.3399999999999519        2.6702104079621997E-003
   4.3499999999999517        2.6079143850888842E-003
   4.3599999999999515        2.5503547383534746E-003
   4.3699999999999513        2.4973788361045178E-003
   4.3799999999999510        2.4488452492725087E-003
   4.3899999999999508        2.4046236021453959E-003
   4.3999999999999506        2.3645944229445503E-003
   4.4099999999999504        2.3286490079712278E-003
   4.4199999999999502        2.2966892871670768E-003
   4.4299999999999500        2.2686277004178904E-003
   4.4399999999999498        2.2443870848618667E-003
   4.4499999999999496        2.2239005722551369E-003
   4.4599999999999493        2.2071114998854463E-003
   4.4699999999999491        2.1939733329287801E-003
   4.4799999999999489        2.1844496018290863E-003
   4.4899999999999487        2.1785138523496648E-003
   4.4999999999999485        2.1761496126667776E-003
   4.5099999999999483        2.1773503730831197E-003
   4.5199999999999481        2.1821195829007465E-003
   4.5299999999999478        2.1904706592794213E-003
   4.5399999999999476        2.2024270202603427E-003
   4.5499999999999474        2.2180221211396981E-003
   4.5599999999999472        2.2372995164005732E-003
   4.5699999999999470        2.2603129324578783E-003
   4.5799999999999468        2.2871263560550236E-003
   4.5899999999999466        2.3178141382112312E-003
   4.5999999999999464        2.3524611102712970E-003
   4.6099999999999461        2.3911627180293474E-003
   4.6199999999999459        2.4340251615855898E-003
   4.6299999999999457        2.4811655567802422E-003
   4.6399999999999455        2.5327120975458303E-003
   4.6499999999999453        2.5888042370253894E-003
   4.6599999999999451        2.6495928715765866E-003
   4.6699999999999449        2.7152405348870208E-003
   4.6799999999999446        2.7859215975011486E-003
   4.6899999999999444        2.8618224687842254E-003
   4.6999999999999442        2.9431418008019419E-003
   4.7099999999999440        3.0300906921781560E-003
   4.7199999999999438        3.1228928877084674E-003
   4.7299999999999436        3.2217849703257773E-003
   4.7399999999999434        3.3270165449406567E-003
   4.7499999999999432        3.4388504065381198E-003
   4.7599999999999429        3.5575626906284158E-003
   4.7699999999999427        3.6834430016309569E-003
   4.7799999999999425        3.8167945113052218E-003
   4.7899999999999423        3.9579340252014466E-003
   4.7999999999999421        4.1071920067943437E-003
   4.8099999999999419        4.2649125564089832E-003
   4.8199999999999417        4.4314533334048490E-003
   4.8299999999999415        4.6071854145535414E-003
   4.8399999999999412        4.7924930818532326E-003
   4.8499999999999410        4.9877735238519384E-003
   4.8599999999999408        5.1934364472774877E-003
   4.8699999999999406        5.4099035779907002E-003
   4.8799999999999404        5.6376080481878319E-003
   4.8899999999999402        5.8769936465427252E-003
   4.8999999999999400        6.1285139250846134E-003
   4.9099999999999397        6.3926311375868128E-003
   4.9199999999999395        6.6698150037874148E-003
   4.9299999999999393        6.9605412695658781E-003
   4.9399999999999391        7.2652900539593428E-003
   4.9499999999999389        7.5845439569996991E-003
   4.9599999999999387        7.9187859111852447E-003
   4.9699999999999385        8.2684967542233714E-003
   4.9799999999999383        8.6341525004049301E-003
   4.9899999999999380        9.0162212909712328E-003
   4.9999999999999378        9.4151599998303064E-003
   5.0099999999999376        9.8314104734787064E-003
   5.0199999999999374        1.0265395386553102E-002
   5.0299999999999372        1.0717513689862774E-002
   5.0399999999999370        1.1188135639365555E-002
   5.0499999999999368        1.1677597384839894E-002
   5.0599999999999365        1.2186195116224756E-002
   5.0699999999999363        1.2714178750370703E-002
   5.0799999999999361        1.3261745168200119E-002
   5.0899999999999359        1.3829031000566698E-002
   5.0999999999999357        1.4416104978977171E-002
   5.1099999999999355        1.5022959876059576E-002
   5.1199999999999353        1.5649504065275009E-002
   5.1299999999999351        1.6295552751846250E-002
   5.1399999999999348        1.6960818928567885E-002
   5.1499999999999346        1.7644904137125203E-002
   5.1599999999999344        1.8347289124791926E-002
   5.1699999999999342        1.9067324505970297E-002
   5.1799999999999340        1.9804221561731266E-002
   5.1899999999999338        2.0557043323200096E-002
   5.1999999999999336        2.1324696114648961E-002
   5.2099999999999334        2.2105921740447662E-002
   5.2199999999999331        2.2899290533703584E-002
   5.2299999999999329        2.3703195491016977E-002
   5.2399999999999327        2.4515847740520472E-002
   5.2499999999999325        2.5335273596984852E-002
   5.2599999999999323        2.6159313473470971E-002
   5.2699999999999321        2.6985622912004611E-002
   5.2799999999999319        2.7811675995407459E-002
   5.2899999999999316        2.8634771389721106E-002
   5.2999999999999314        2.9452041241462487E-002
   5.3099999999999312        3.0260463122172669E-002
   5.3199999999999310        3.1056875170479819E-002
   5.3299999999999308        3.1837994524438126E-002
   5.3399999999999306        3.2600439073841275E-002
   5.3499999999999304        3.3340752485319078E-002
   5.3599999999999302        3.4055432367380165E-002
   5.3699999999999299        3.4740961350692372E-002
   5.3799999999999297        3.5393840766543970E-002
   5.3899999999999295        3.6010626499383178E-002
   5.3999999999999293        3.6587966506840500E-002
   5.4099999999999291        3.7122639400849117E-002
   5.4199999999999289        3.7611593412485586E-002
   5.4299999999999287        3.8051984998609269E-002
   5.4399999999999284        3.8441216306030264E-002
   5.4499999999999282        3.8776970687244561E-002
   5.4599999999999280        3.9057245470279986E-002
   5.4699999999999278        3.9280381211792219E-002
   5.4799999999999276        3.9445086730595470E-002
   5.4899999999999274        3.9550459296576586E-002
   5.4999999999999272        3.9595999464480752E-002
   5.5099999999999270        3.9581620174261131E-002
   5.5199999999999267        3.9507649880959478E-002
   5.5299999999999265        3.9374829635322718E-002
   5.5399999999999263        3.9184304199743961E-002
   5.5499999999999261        3.8937607426165394E-002
   5.5599999999999259        3.8636642288814131E-002
   5.5699999999999257        3.8283656076556621E-002
   5.5799999999999255        3.7881211370157826E-002
   5.5899999999999253        3.7432153515689327E-002
   5.5999999999999250        3.6939575360926263E-002
   5.6099999999999248        3.6406780057926053E-002
   5.6199999999999246        3.5837242736091290E-002
   5.6299999999999244        3.5234571837937961E-002
   5.6399999999999242        3.4602470851686135E-002
   5.6499999999999240        3.3944701130460483E-002
   5.6599999999999238        3.3265046393224008E-002
   5.6699999999999235        3.2567279425014646E-002
   5.6799999999999233        3.1855131392466533E-002
   5.6899999999999231        3.1132264093062405E-002
   5.6999999999999229        3.0402245361011541E-002
   5.7099999999999227        2.9668527759118615E-002
   5.7199999999999225        2.8934430599801102E-002
   5.7299999999999223        2.8203125262013875E-002
   5.7399999999999221        2.7477623706087861E-002
   5.7499999999999218        2.6760770029754501E-002
   5.7599999999999216        2.6055234866594265E-002
   5.7699999999999214        2.5363512398150379E-002
   5.7799999999999212        2.4687919716934854E-002
   5.7899999999999210        2.4030598278712949E-002
   5.7999999999999208        2.3393517162540581E-002
   5.8099999999999206        2.2778477869963051E-002
   5.8199999999999203        2.2187120392990319E-002
   5.8299999999999201        2.1620930297497329E-002
   5.8399999999999199        2.1081246582727368E-002
   5.8499999999999197        2.0569270093400926E-002
   5.8599999999999195        2.0086072282777531E-002
   5.8699999999999193        1.9632604140478370E-002
   5.8799999999999191        1.9209705126870442E-002
   5.8899999999999189        1.8818111963048900E-002
   5.8999999999999186        1.8458467156592759E-002
   5.9099999999999184        1.8131327150186685E-002
   5.9199999999999182        1.7837170006365650E-002
   5.9299999999999180        1.7576402542939126E-002
   5.9399999999999178        1.7349366861282887E-002
   5.9499999999999176        1.7156346211239196E-002
   5.9599999999999174        1.6997570147494395E-002
   5.9699999999999172        1.6873218946996543E-002
   5.9799999999999169        1.6783427256309394E-002
   5.9899999999999167        1.6728286950425678E-002
   5.9999999999999165        1.6707849188108814E-002
   6.0099999999999163        1.6722125651580589E-002
   6.0199999999999161        1.6771088968264281E-002
   6.0299999999999159        1.6854672306459605E-002
   6.0399999999999157        1.6972768158294082E-002
   6.0499999999999154        1.7125226301048447E-002
   6.0599999999999152        1.7311850962342987E-002
   6.0699999999999150        1.7532397195165701E-002
   6.0799999999999148        1.7786566487452145E-002
   6.0899999999999146        1.8074001633305650E-002
   6.0999999999999144        1.8394280900276217E-002
   6.1099999999999142        1.8746911538431374E-002
   6.1199999999999140        1.9131322680091521E-002
   6.1299999999999137        1.9546857702287309E-002
   6.1399999999999135        1.9992766122939518E-002
   6.1499999999999133        2.0468195127805237E-002
   6.1599999999999131        2.0972180835346698E-002
   6.1699999999999129        2.1503639423537568E-002
   6.1799999999999127        2.2061358265241228E-002
   6.1899999999999125        2.2643987231917750E-002
   6.1999999999999122        2.3250030353851897E-002
   6.2099999999999120        2.3877838032155530E-002
   6.2199999999999118        2.4525600031395006E-002
   6.2299999999999116        2.5191339487047857E-002
   6.2399999999999114        2.5872908183532713E-002
   6.2499999999999112        2.6567983367781971E-002
   6.2599999999999110        2.7274066371535104E-002
   6.2699999999999108        2.7988483315980958E-002
   6.2799999999999105        2.8708388166652641E-002
   6.2899999999999103        2.9430768392360990E-002
   6.2999999999999101        3.0152453460828905E-002
   6.3099999999999099        3.0870126367067510E-002
   6.3199999999999097        3.1580338350141866E-002
   6.3299999999999095        3.2279526893801154E-002
   6.3399999999999093        3.2964037045657452E-002
   6.3499999999999091        3.3630146010796690E-002
   6.3599999999999088        3.4274090887305111E-002
   6.3699999999999086        3.4892099324496079E-002
   6.3799999999999084        3.5480422784057490E-002
   6.3899999999999082        3.6035371985672512E-002
   6.3999999999999080        3.6553354025287754E-002
   6.4099999999999078        3.7030910566203064E-002
   6.4199999999999076        3.7464756420564266E-002
   6.4299999999999073        3.7851817780336861E-002
   6.4399999999999071        3.8189269314220842E-002
   6.4499999999999069        3.8474569321511672E-002
   6.4599999999999067        3.8705492146464723E-002
   6.4699999999999065        3.8880157080434345E-002
   6.4799999999999063        3.8997053048158682E-002
   6.4899999999999061        3.9055058452268775E-002
   6.4999999999999059        3.9053455666207652E-002
   6.5099999999999056        3.8991939792904134E-002
   6.5199999999999054        3.8870621456832184E-002
   6.5299999999999052        3.8690023543743207E-002
   6.5399999999999050        3.8451071978815365E-002
   6.5499999999999048        3.8155080762505379E-002
   6.5599999999999046        3.7803731661238765E-002
   6.5699999999999044        3.7399049054096627E-002
   6.5799999999999041        3.6943370561619310E-002
   6.5899999999999039        3.6439314166235769E-002
   6.5999999999999037        3.5889742588686574E-002
   6.6099999999999035        3.5297725727452253E-002
   6.6199999999999033        3.4666501958346051E-002
   6.6299999999999031        3.3999439091562667E-002
   6.6399999999999029        3.3299995714841983E-002
   6.6499999999999027        3.2571683617290417E-002
   6.6599999999999024        3.1818031884298256E-002
   6.6699999999999022        3.1042553185453538E-002
   6.6799999999999020        3.0248712669698030E-002
   6.6899999999999018        2.9439899788862387E-002
   6.6999999999999016        2.8619403274651820E-002
   6.7099999999999014        2.7790389399895879E-002
   6.7199999999999012        2.6955883570854679E-002
   6.7299999999999010        2.6118755220755494E-002
   6.7399999999999007        2.5281705910723536E-002
   6.7499999999999005        2.4447260485376036E-002
   6.7599999999999003        2.3617761091179038E-002
   6.7699999999999001        2.2795363831199365E-002
   6.7799999999998999        2.1982037803865238E-002
   6.7899999999998997        2.1179566267577797E-002
   6.7999999999998995        2.0389549659059272E-002
   6.8099999999998992        1.9613410203179981E-002
   6.8199999999998990        1.8852397853942729E-002
   6.8299999999998988        1.8107597321221233E-002
   6.8399999999998986        1.7379935955152501E-002
   6.8499999999998984        1.6670192273678507E-002
   6.8599999999998982        1.5979004944701877E-002
   6.8699999999998980        1.5306882047947439E-002
   6.8799999999998978        1.4654210471196801E-002
   6.8899999999998975        1.4021265304748655E-002
   6.8999999999998973        1.3408219129352569E-002
   6.9099999999998971        1.2815151098947659E-002
   6.9199999999998969        1.2242055750487717E-002
   6.9299999999998967        1.1688851472335568E-002
   6.9399999999998965        1.1155388591917137E-002
   6.9499999999998963        1.0641457045748653E-002
   6.9599999999998960        1.0146793608744242E-002
   6.9699999999998958        9.6710886714444552E-003
   6.9799999999998956        9.2139925563676991E-003
   6.9899999999998954        8.7751213776933491E-003
   6.9999999999998952        8.3540624485300592E-003
   7.0099999999998950        7.9503792477731913E-003
   7.0199999999998948        7.5636159622066157E-003
   7.0299999999998946        7.1933016178208674E-003
   7.0399999999998943        6.8389538247323137E-003
   7.0499999999998941        6.5000821497868322E-003
   7.0599999999998939        6.1761911463452963E-003
   7.0699999999998937        5.8667830545526154E-003
   7.0799999999998935        5.5713602017249380E-003
   7.0899999999998933        5.2894271199067991E-003
   7.0999999999998931        5.0204924027817651E-003
   7.1099999999998929        4.7640703248739702E-003
   7.1199999999998926        4.5196822386032618E-003
   7.1299999999998924        4.2868577731592960E-003
   7.1399999999998922        4.0651358483204296E-003
   7.1499999999998920        3.8540655239261276E-003
   7.1599999999998918        3.6532066986112721E-003
   7.1699999999998916        3.4621306737334014E-003
   7.1799999999998914        3.2804205958201333E-003
   7.1899999999998911        3.1076717902357356E-003
   7.1999999999998909        2.9434919997722931E-003
   7.2099999999998907        2.7875015348153998E-003
   7.2199999999998905        2.6393333501844290E-003
   7.2299999999998903        2.4986330542485697E-003
   7.2399999999998901        2.3650588606518321E-003
   7.2499999999998899        2.2382814875509696E-003
   7.2599999999998897        2.1179840159449678E-003
   7.2699999999998894        2.0038617082831058E-003
   7.2799999999998892        1.8956217963093708E-003
   7.2899999999998890        1.7929832416695474E-003
   7.2999999999998888        1.6956764750274188E-003
   7.3099999999998886        1.6034431162082656E-003
   7.3199999999998884        1.5160356809010224E-003
   7.3299999999998882        1.4332172749263990E-003
   7.3399999999998879        1.3547612809753217E-003
   7.3499999999998877        1.2804510396369337E-003
   7.3599999999998875        1.2100795263303341E-003
   7.3699999999998873        1.1434490265421692E-003
   7.3799999999998871        1.0803708124714944E-003
   7.3899999999998869        1.0206648190527298E-003
   7.3999999999998867        9.6415932476600621E-004
   7.4099999999998865        9.1069063565846632E-004
   7.4199999999998862        8.6010277418225808E-004
   7.4299999999998860        8.1224717366850828E-004
   7.4399999999998858        7.6698238010081761E-004
   7.4499999999998856        7.2417375886083728E-004
   7.4599999999998854        6.8369321136072447E-004
   7.4699999999998852        6.4541889643264473E-004
   7.4799999999998850        6.0923496234756194E-004
   7.4899999999998847        5.7503128571791638E-004
   7.4999999999998845        5.4270321800436235E-004
   7.5099999999998843        5.1215134182318832E-004
   7.5199999999998841        4.8328123457116085E-004
   7.5299999999998839        4.5600324054264864E-004
   7.5399999999998837        4.3023225210733388E-004
   7.5499999999998835        4.0588749689013490E-004
   7.5599999999998833        3.8289233698012649E-004
   7.5699999999998830        3.6117407171630582E-004
   7.5799999999998828        3.4066375032282986E-004
   7.5899999999998826        3.2129599351412967E-004
   7.5999999999998824        3.0300881969852928E-004
   7.6099999999998822        2.8574348005024622E-004
   7.6199999999998820        2.6944430060564479E-004
   7.6299999999998818        2.5405853151896923E-004
   7.6399999999998816        2.3953620064556697E-004
   7.6499999999998813        2.2582997768502006E-004
   7.6599999999998811        2.1289503962348182E-004
   7.6699999999998809        2.0068894662513196E-004
   7.6799999999998807        1.8917152037805312E-004
   7.6899999999998805        1.7830473017206507E-004
   7.6999999999998803        1.6805258297734237E-004
   7.7099999999998801        1.5838101931587534E-004
   7.7199999999998798        1.4925781381268255E-004
   7.7299999999998796        1.4065248035922460E-004
   7.7399999999998794        1.3253618293171155E-004
   7.7499999999998792        1.2488164860115279E-004
   7.7599999999998790        1.1766308689524802E-004
   7.7699999999998788        1.1085611218479579E-004
   7.7799999999998786        1.0443766895430545E-004
   7.7899999999998784        9.8385963166158376E-005
   7.7999999999998781        9.2680394645416173E-005
   7.8099999999998779        8.7301494257917332E-005
   7.8199999999998777        8.2230863404272018E-005
   7.8299999999998775        7.7451117443821094E-005
   7.8399999999998773        7.2945831188726192E-005
   7.8499999999998771        6.8699487902090448E-005
   7.8599999999998769        6.4697430186187380E-005
   7.8699999999998766        6.0925813404807163E-005
   7.8799999999998764        5.7371562897375999E-005
   7.8899999999998762        5.4022331027349282E-005
   7.8999999999998760        5.0866459138238107E-005
   7.9099999999998758        4.7892938649706716E-005
   7.9199999999998756        4.5091376964147450E-005
   7.9299999999998754        4.2451963233280373E-005
   7.9399999999998752        3.9965436346645246E-005
   7.9499999999998749        3.7623055801580976E-005
   7.9599999999998747        3.5416571657877130E-005
   7.9699999999998745        3.3338199160945011E-005
   7.9799999999998743        3.1380591834632864E-005
   7.9899999999998741        2.9536818297198532E-005
   7.9999999999998739        2.7800338360590782E-005
   8.0099999999998737        2.6164982004786368E-005
   8.0199999999998735        2.4624928898783765E-005
   8.0299999999998732        2.3174688600502349E-005
   8.0399999999998730        2.1809082737203367E-005
   8.0499999999998728        2.0523226802518653E-005
   8.0599999999998726        1.9312514629587284E-005
   8.0699999999998724        1.8172602310146452E-005
   8.0799999999998722        1.7099393564631470E-005
   8.0899999999998720        1.6089026129193825E-005
   8.0999999999998717        1.5137858297959329E-005
   8.1099999999998715        1.4242456740850355E-005
   8.1199999999998713        1.3399584923144268E-005
   8.1299999999998711        1.2606191563088174E-005
   8.1399999999998709        1.1859400416655041E-005
   8.1499999999998707        1.1156500808198700E-005
   8.1599999999998705        1.0494937291354636E-005
   8.1699999999998703        9.8723019869836879E-006
   8.1799999999998700        9.2863253367363909E-006
   8.1899999999998698        8.7348686529725330E-006
   8.1999999999998696        8.2159168322661586E-006
   8.2099999999998694        7.7275709131945772E-006
   8.2199999999998692        7.2680415657626274E-006
   8.2299999999998690        6.8356431388768441E-006
   8.2399999999998688        6.4287876319730197E-006
   8.2499999999998685        6.0459786075428636E-006
   8.2599999999998683        5.6858070006549884E-006
   8.2699999999998681        5.3469449753403876E-006
   8.2799999999998679        5.0281421538325742E-006
   8.2899999999998677        4.7282204416665233E-006
   8.2999999999998675        4.4460705359588422E-006
   8.3099999999998673        4.1806474875688786E-006
   8.3199999999998671        3.9309675714351991E-006
   8.3299999999998668        3.6961040587368333E-006
   8.3399999999998666        3.4751842931496240E-006
   8.3499999999998664        3.2673867013591849E-006
   8.3599999999998662        3.0719375318511623E-006
   8.3699999999998660        2.8881082453201667E-006
   8.3799999999998658        2.7152131866098722E-006
   8.3899999999998656        2.5526064243780129E-006
   8.3999999999998654        2.3996801462401481E-006
   8.4099999999998651        2.2558619978182567E-006
   8.4199999999998649        2.1206132712390666E-006
   8.4299999999998647        1.9934266646485143E-006
   8.4399999999998645        1.8738251662294358E-006
   8.4499999999998643        1.7613590464819527E-006
   8.4599999999998641        1.6556058413518814E-006
   8.4699999999998639        1.5561670357051450E-006
   8.4799999999998636        1.4626680878380793E-006
   8.4899999999998634        1.3747566517252596E-006
   8.4999999999998632        1.2921007896504818E-006
   8.5099999999998630        1.2143883045226402E-006
   8.5199999999998628        1.1413253036239691E-006
   8.5299999999998626        1.0726353618693166E-006
   8.5399999999998624        1.0080584709207499E-006
   8.5499999999998622        9.4734929180307373E-007
   8.5599999999998619        8.9027800458274735E-007
   8.5699999999998617        8.3662796313596125E-007
   8.5799999999998615        7.8619472453991798E-007
   8.5899999999998613        7.3878697126606044E-007
   8.5999999999998611        6.9422420058069071E-007
   8.6099999999998609        6.5233645302632258E-007
   8.6199999999998607        6.1296404667331275E-007
   8.6299999999998604        5.7595699919317947E-007
   8.6399999999998602        5.4117360423587916E-007
   8.6499999999998600        5.0848143393173907E-007
   8.6599999999998598        4.7775492249171328E-007
   8.6699999999998596        4.4887687533159257E-007
   8.6799999999998594        4.2173655767892763E-007
   8.6899999999998592        3.9622980354357547E-007
   8.6999999999998590        3.7225897831057069E-007
   8.7099999999998587        3.4973203775262332E-007
   8.7199999999998585        3.2856245843719171E-007
   8.7299999999998583        3.0866861564894686E-007
   8.7399999999998581        2.8997429137670646E-007
   8.7499999999998579        2.7240738966607388E-007
   8.7599999999998577        2.5590024503047476E-007
   8.7699999999998575        2.4038945093703694E-007
   8.7799999999998573        2.2581472828240227E-007
   8.7899999999998570        2.1212010760359683E-007
   8.7999999999998568        1.9925268876367993E-007
   8.8099999999998566        1.8716277139244178E-007
   8.8199999999998564        1.7580348674419599E-007
   8.8299999999998562        1.6513092995142825E-007
   8.8399999999998560        1.5510366464451426E-007
   8.8499999999998558        1.4568300518382533E-007
   8.8599999999998555        1.3683239356037740E-007
   8.8699999999998553        1.2851733176557415E-007
   8.8799999999998551        1.2070575928625626E-007
   8.8899999999998549        1.1336715451554827E-007
   8.8999999999998547        1.0647313569861559E-007
   8.9099999999998545        9.9996767037625489E-008
   8.9199999999998543        9.3912920427514247E-008
   8.9299999999998541        8.8197934223169166E-008
   8.9399999999998538        8.2829365296123970E-008
   8.9499999999998536        7.7786537139625621E-008
   8.9599999999998534        7.3049571273332531E-008
   8.9699999999998532        6.8600065546637877E-008
   8.9799999999998530        6.4420644486203262E-008
   8.9899999999998528        6.0495046479498557E-008
   8.9999999999998526        5.6807859591209495E-008
   9.0099999999998523        5.3344664954856672E-008
   9.0199999999998521        5.0091755016813889E-008
   9.0299999999998519        4.7036573271079487E-008
   9.0399999999998517        4.4167136875557528E-008
   9.0499999999998515        4.1472181227843237E-008
   9.0599999999998513        3.8941119466828768E-008
   9.0699999999998511        3.6564076420921549E-008
   9.0799999999998509        3.4331663541217989E-008
   9.0899999999998506        3.2235124266754786E-008
   9.0999999999998504        3.0266220424066560E-008
   9.1099999999998502        2.8417137247641570E-008
   9.1199999999998500        2.6680721788015748E-008
   9.1299999999998498        2.5050092070120146E-008
   9.1399999999998496        2.3518746277571296E-008
   9.1499999999998494        2.2080838451916852E-008
   9.1599999999998492        2.0730473562702754E-008
   9.1699999999998489        1.9462501569849399E-008
   9.1799999999998487        1.8271812900797430E-008
   9.1899999999998485        1.7153762450867170E-008
   9.1999999999998483        1.6103964790295674E-008
   9.2099999999998481        1.5118219002147920E-008
   9.2199999999998479        1.4192636869909874E-008
   9.2299999999998477        1.3323531016359532E-008
   9.2399999999998474        1.2507543128166107E-008
   9.2499999999998472        1.1741310222849358E-008
   9.2599999999998470        1.1021926174673525E-008
   9.2699999999998468        1.0346515358161900E-008
   9.2799999999998466        9.7124539648989914E-009
   9.2899999999998464        9.1170731668974247E-009
   9.2999999999998462        8.5581024656721642E-009
   9.3099999999998460        8.0332251589351054E-009
   9.3199999999998457        7.5405216033172813E-009
   9.3299999999998455        7.0779693117721258E-009
   9.3399999999998453        6.6437012284657669E-009
   9.3499999999998451        6.2360054080479310E-009
   9.3599999999998449        5.8532875764647117E-009
   9.3699999999998447        5.4939594671929587E-009
   9.3799999999998445        5.1566608165082864E-009
   9.3899999999998442        4.8400181058488773E-009
   9.3999999999998440        4.5427554237568492E-009
   9.4099999999998438        4.2637125933530706E-009
   9.4199999999998436        4.0017708737452739E-009
   9.4299999999998434        3.7557971836553492E-009
   9.4399999999998432        3.5250507884596209E-009
   9.4499999999998430        3.3082950477339399E-009
   9.4599999999998428        3.1049998053214083E-009
   9.4699999999998425        2.9141015107334362E-009
   9.4799999999998423        2.7348170373183168E-009
   9.4899999999998421        2.5666251723757033E-009
   9.4999999999998419        2.4087296947857629E-009
   9.5099999999998417        2.2605218137498756E-009
   9.5199999999998415        2.1214320773712754E-009
   9.5299999999998413        1.9908560987335446E-009
   9.5399999999998411        1.8684135586023782E-009
   9.5499999999998408        1.7533003594358573E-009
   9.5599999999998406        1.6453432694367187E-009
   9.5699999999998404        1.5441116947677152E-009
   9.5799999999998402        1.4489359427208190E-009
   9.5899999999998400        1.3596843531822318E-009
   9.5999999999998398        1.2759306375112277E-009
   9.6099999999998396        1.1973235704807209E-009
   9.6199999999998393        1.1235133208099960E-009
   9.6299999999998391        1.0542989504650784E-009
   9.6399999999998389        9.8927720793203782E-010
   9.6499999999998387        9.2837869810431147E-010
   9.6599999999998385        8.7107240129783709E-010
   9.6699999999998383        8.1736476297589389E-010
   9.6799999999998381        7.6700385502564451E-010
   9.6899999999998379        7.1962757819987539E-010
   9.6999999999998376        6.7522601450714489E-010
   9.7099999999998374        6.3356785514342472E-010
   9.7199999999998372        5.9455187860678040E-010
   9.7299999999998370        5.5778144537676643E-010
   9.7399999999998368        5.2335999123514412E-010
   9.7499999999998366        4.9103985625910359E-010
   9.7599999999998364        4.6070339381310589E-010
   9.7699999999998361        4.3234434964114141E-010
   9.7799999999998359        4.0556837868333882E-010
   9.7899999999998357        3.8051809525911173E-010
   9.7999999999998355        3.5700335516739175E-010
   9.8099999999998353        3.3496387946466072E-010
   9.8199999999998351        3.1426570740411550E-010
   9.8299999999998349        2.9484915216115929E-010
   9.8399999999998347        2.7661781553552842E-010
   9.8499999999998344        2.5951249179922986E-010
   9.8599999999998342        2.4349284284820840E-010
   9.8699999999998340        2.2842612918090297E-010
   9.8799999999998338        2.1430936553104610E-010
   9.8899999999998336        2.0102872936427177E-010
   9.8999999999998334        1.8861862525952762E-010
   9.9099999999998332        1.7694707853551706E-010
   9.9199999999998330        1.6599330951754021E-010
   9.9299999999998327        1.5573667422483232E-010
   9.9399999999998325        1.4608266183617057E-010
   9.9499999999998323        1.3706639240754091E-010
   9.9599999999998321        1.2855660673466567E-010
   9.9699999999998319        1.2060716913938324E-010
   9.9799999999998317        1.1312402522548458E-010
   9.9899999999998315        1.0614276380976506E-010
   9.9999999999998312        9.9588025418630259E-011
