   0.0000000000000000       0.18612793833205654     
   1.0000000000000000E-002  0.18613305821772241     
   2.0000000000000000E-002  0.18614840160006929     
   2.9999999999999999E-002  0.18617391963773952     
   4.0000000000000001E-002  0.18620953089392428     
   5.0000000000000003E-002  0.18625512127908164     
   6.0000000000000005E-002  0.18631054399784877     
   7.0000000000000007E-002  0.18637561947297854     
   8.0000000000000002E-002  0.18645013529652593     
   8.9999999999999997E-002  0.18653384618634447     
   9.9999999999999992E-002  0.18662647398990043     
  0.10999999999999999       0.18672770771794581     
  0.11999999999999998       0.18683720367234466     
  0.12999999999999998       0.18695458561863873     
  0.13999999999999999       0.18707944508620553     
  0.14999999999999999       0.18721134175859971     
  0.16000000000000000       0.18734980399688073     
  0.17000000000000001       0.18749432950474337     
  0.18000000000000002       0.18764438613323414     
  0.19000000000000003       0.18779941285654156     
  0.20000000000000004       0.18795882090968918     
  0.21000000000000005       0.18812199510221717     
  0.22000000000000006       0.18828829530926192     
  0.23000000000000007       0.18845705814574740     
  0.24000000000000007       0.18862759881400007     
  0.25000000000000006       0.18879921313782846     
  0.26000000000000006       0.18897117975672598     
  0.27000000000000007       0.18914276249308570     
  0.28000000000000008       0.18931321286657396     
  0.29000000000000009       0.18948177275385567     
  0.30000000000000010       0.18964767717191772     
  0.31000000000000011       0.18981015717210967     
  0.32000000000000012       0.18996844282384184     
  0.33000000000000013       0.19012176627068350     
  0.34000000000000014       0.19026936482644802     
  0.35000000000000014       0.19041048409755373     
  0.36000000000000015       0.19054438110519975     
  0.37000000000000016       0.19067032737572759     
  0.38000000000000017       0.19078761197082786     
  0.39000000000000018       0.19089554444775778     
  0.40000000000000019       0.19099345770080708     
  0.41000000000000020       0.19108071067611823     
  0.42000000000000021       0.19115669093139823     
  0.43000000000000022       0.19122081701120797     
  0.44000000000000022       0.19127254063319912     
  0.45000000000000023       0.19131134865764446     
  0.46000000000000024       0.19133676482046277     
  0.47000000000000025       0.19134835124042512     
  0.48000000000000026       0.19134570966118664     
  0.49000000000000027       0.19132848244698045     
  0.50000000000000022       0.19129635331436051     
  0.51000000000000023       0.19124904781219051     
  0.52000000000000024       0.19118633352518499     
  0.53000000000000025       0.19110802004593577     
  0.54000000000000026       0.19101395868557958     
  0.55000000000000027       0.19090404194138644     
  0.56000000000000028       0.19077820275084179     
  0.57000000000000028       0.19063641351092891     
  0.58000000000000029       0.19047868489757688     
  0.59000000000000030       0.19030506450327361     
  0.60000000000000031       0.19011563528927825     
  0.61000000000000032       0.18991051388336139     
  0.62000000000000033       0.18968984874365991     
  0.63000000000000034       0.18945381819499563     
  0.64000000000000035       0.18920262837351345     
  0.65000000000000036       0.18893651108967588     
  0.66000000000000036       0.18865572163030919     
  0.67000000000000037       0.18836053653915127     
  0.68000000000000038       0.18805125137409623     
  0.69000000000000039       0.18772817849231591     
  0.70000000000000040       0.18739164485265175     
  0.71000000000000041       0.18704198990034104     
  0.72000000000000042       0.18667956351903039     
  0.73000000000000043       0.18630472409158341     
  0.74000000000000044       0.18591783668443324     
  0.75000000000000044       0.18551927137721330     
  0.76000000000000045       0.18510940175186438     
  0.77000000000000046       0.18468860355365999     
  0.78000000000000047       0.18425725353887079     
  0.79000000000000048       0.18381572851304182     
  0.80000000000000049       0.18336440457312475     
  0.81000000000000050       0.18290365653655699     
  0.82000000000000051       0.18243385757535455     
  0.83000000000000052       0.18195537902953274     
  0.84000000000000052       0.18146859040186017     
  0.85000000000000053       0.18097385950413311     
  0.86000000000000054       0.18047155275419199     
  0.87000000000000055       0.17996203558231069     
  0.88000000000000056       0.17944567293634528     
  0.89000000000000057       0.17892282984271760     
  0.90000000000000058       0.17839387201612580     
  0.91000000000000059       0.17785916645147271     
  0.92000000000000060       0.17731908202329860     
  0.93000000000000060       0.17677398998448057     
  0.94000000000000061       0.17622426443146275     
  0.95000000000000062       0.17567028261415313     
  0.96000000000000063       0.17511242514338909     
  0.97000000000000064       0.17455107603642961     
  0.98000000000000065       0.17398662260603764     
  0.99000000000000066       0.17341945516442359     
   1.0000000000000007       0.17284996656608909     
   1.0100000000000007       0.17227855156972988     
   1.0200000000000007       0.17170560603966425     
   1.0300000000000007       0.17113152598900047     
   1.0400000000000007       0.17055670650334040     
   1.0500000000000007       0.16998154052835368     
   1.0600000000000007       0.16940641760908901     
   1.0700000000000007       0.16883172252928824     
   1.0800000000000007       0.16825783396498092     
   1.0900000000000007       0.16768512311935535     
   1.1000000000000008       0.16711395240482491     
   1.1100000000000008       0.16654467417777974     
   1.1200000000000008       0.16597762960695220     
   1.1300000000000008       0.16541314760854497     
   1.1400000000000008       0.16485154397949905     
   1.1500000000000008       0.16429312066160590     
   1.1600000000000008       0.16373816519318232     
   1.1700000000000008       0.16318695035967024     
   1.1800000000000008       0.16263973401466925     
   1.1900000000000008       0.16209675912914306     
   1.2000000000000008       0.16155825400488405     
   1.2100000000000009       0.16102443269286354     
   1.2200000000000009       0.16049549557338627     
   1.2300000000000009       0.15997163011397830     
   1.2400000000000009       0.15945301174497756     
   1.2500000000000009       0.15893980490088938     
   1.2600000000000009       0.15843216412617628     
   1.2700000000000009       0.15793023529460454     
   1.2800000000000009       0.15743415687414544     
   1.2900000000000009       0.15694406124243462     
   1.3000000000000009       0.15646007601387774     
   1.3100000000000009       0.15598232536484280     
   1.3200000000000010       0.15551093134427652     
   1.3300000000000010       0.15504601513372673     
   1.3400000000000010       0.15458769825645768     
   1.3500000000000010       0.15413610370975875     
   1.3600000000000010       0.15369135701974412     
   1.3700000000000010       0.15325358719739918     
   1.3800000000000010       0.15282292758604527     
   1.3900000000000010       0.15239951661108056     
   1.4000000000000010       0.15198349840200281     
   1.4100000000000010       0.15157502330459000     
   1.4200000000000010       0.15117424828132983     
   1.4300000000000010       0.15078133717722048     
   1.4400000000000011       0.15039646089442632     
   1.4500000000000011       0.15001979744408070     
   1.4600000000000011       0.14965153188910299     
   1.4700000000000011       0.14929185621595531     
   1.4800000000000011       0.14894096907619325     
   1.4900000000000011       0.14859907548058238     
   1.5000000000000011       0.14826638639417747     
   1.5100000000000011       0.14794311829088572     
   1.5200000000000011       0.14762949260935893     
   1.5300000000000011       0.14732573521071524     
   1.5400000000000011       0.14703207576517693     
   1.5500000000000012       0.14674874709639713     
   1.5600000000000012       0.14647598454361482     
   1.5700000000000012       0.14621402526598484     
   1.5800000000000012       0.14596310754827876     
   1.5900000000000012       0.14572347012236891     
   1.6000000000000012       0.14549535146231687     
   1.6100000000000012       0.14527898909921100     
   1.6200000000000012       0.14507461895078780     
   1.6300000000000012       0.14488247465112200     
   1.6400000000000012       0.14470278691189029     
   1.6500000000000012       0.14453578289091670     
   1.6600000000000013       0.14438168558086273     
   1.6700000000000013       0.14424071322613602     
   1.6800000000000013       0.14411307874780344     
   1.6900000000000013       0.14399898920478973     
   1.7000000000000013       0.14389864525279494     
   1.7100000000000013       0.14381224064362880     
   1.7200000000000013       0.14373996172658118     
   1.7300000000000013       0.14368198696928236     
   1.7400000000000013       0.14363848648961614     
   1.7500000000000013       0.14360962160527899     
   1.7600000000000013       0.14359554438657504     
   1.7700000000000014       0.14359639722034576     
   1.7800000000000014       0.14361231237804864     
   1.7900000000000014       0.14364341159246605     
   1.8000000000000014       0.14368980563397696     
   1.8100000000000014       0.14375159389159575     
   1.8200000000000014       0.14382886394979980     
   1.8300000000000014       0.14392169117110529     
   1.8400000000000014       0.14403013827337527     
   1.8500000000000014       0.14415425490317507     
   1.8600000000000014       0.14429407720839107     
   1.8700000000000014       0.14444962740671838     
   1.8800000000000014       0.14462091334329275     
   1.8900000000000015       0.14480792803746431     
   1.9000000000000015       0.14501064923392787     
   1.9100000000000015       0.14522903891689481     
   1.9200000000000015       0.14546304284032069     
   1.9300000000000015       0.14571258999947456     
   1.9400000000000015       0.14597759212884315     
   1.9500000000000015       0.14625794312855228     
   1.9600000000000015       0.14655351849037529     
   1.9700000000000015       0.14686417468232940     
   1.9800000000000015       0.14718974849940494     
   1.9900000000000015       0.14753005636700556     
   2.0000000000000013       0.14788489360609536     
   2.0100000000000011       0.14825403365732667     
   2.0200000000000009       0.14863722725100334     
   2.0300000000000007       0.14903420153501895     
   2.0400000000000005       0.14944465916089339     
   2.0500000000000003       0.14986827731089536     
   2.0600000000000001       0.15030470672098145     
   2.0699999999999998       0.15075357062917261     
   2.0799999999999996       0.15121446374376657     
   2.0899999999999994       0.15168695117275791     
   2.0999999999999992       0.15217056737033768     
   2.1099999999999990       0.15266481507896668     
   2.1199999999999988       0.15316916434582351     
   2.1299999999999986       0.15368305153729009     
   2.1399999999999983       0.15420587847477199     
   2.1499999999999981       0.15473701163130785     
   2.1599999999999979       0.15527578145897480     
   2.1699999999999977       0.15582148185427058     
   2.1799999999999975       0.15637336977423513     
   2.1899999999999973       0.15693066505365694     
   2.1999999999999971       0.15749255041982138     
   2.2099999999999969       0.15805817173887243     
   2.2199999999999966       0.15862663851374503     
   2.2299999999999964       0.15919702465620275     
   2.2399999999999962       0.15976836953787943     
   2.2499999999999960       0.16033967936264792     
   2.2599999999999958       0.16090992883816524     
   2.2699999999999956       0.16147806319533758     
   2.2799999999999954       0.16204300053104315     
   2.2899999999999952       0.16260363450772664     
   2.2999999999999949       0.16315883738703899     
   2.3099999999999947       0.16370746341924283     
   2.3199999999999945       0.16424835255831635     
   2.3299999999999943       0.16478033451406560     
   2.3399999999999941       0.16530223310970085     
   2.3499999999999939       0.16581287093044403     
   2.3599999999999937       0.16631107424171454     
   2.3699999999999934       0.16679567813820573     
   2.3799999999999932       0.16726553187596571     
   2.3899999999999930       0.16771950437291874     
   2.3999999999999928       0.16815648979091477     
   2.4099999999999926       0.16857541316774846     
   2.4199999999999924       0.16897523602840558     
   2.4299999999999922       0.16935496189840241     
   2.4399999999999920       0.16971364167061531     
   2.4499999999999917       0.17005037872401590     
   2.4599999999999915       0.17036433372929538     
   2.4699999999999913       0.17065472907722679     
   2.4799999999999911       0.17092085281161273     
   2.4899999999999909       0.17116206204505063     
   2.4999999999999907       0.17137778573448501     
   2.5099999999999905       0.17156752680057138     
   2.5199999999999902       0.17173086347662267     
   2.5299999999999900       0.17186744990079938     
   2.5399999999999898       0.17197701586509545     
   2.5499999999999896       0.17205936569424518     
   2.5599999999999894       0.17211437628890586     
   2.5699999999999892       0.17214199425201174     
   2.5799999999999890       0.17214223217315772     
   2.5899999999999888       0.17211516406441352     
   2.5999999999999885       0.17206091998033010     
   2.6099999999999883       0.17197967987985227     
   2.6199999999999881       0.17187166678897298     
   2.6299999999999879       0.17173713932975476     
   2.6399999999999877       0.17157638370899927     
   2.6499999999999875       0.17138970524948002     
   2.6599999999999873       0.17117741957546601     
   2.6699999999999871       0.17093984356432329     
   2.6799999999999868       0.17067728617615727     
   2.6899999999999866       0.17039003931105207     
   2.6999999999999864       0.17007836880140098     
   2.7099999999999862       0.16974250570991212     
   2.7199999999999860       0.16938263806022988     
   2.7299999999999858       0.16899890315443844     
   2.7399999999999856       0.16859138063274837     
   2.7499999999999853       0.16816008643369848     
   2.7599999999999851       0.16770496779092695     
   2.7699999999999849       0.16722589942769506     
   2.7799999999999847       0.16672268107826310     
   2.7899999999999845       0.16619503647438444     
   2.7999999999999843       0.16564261390031046     
   2.8099999999999841       0.16506498842307243     
   2.8199999999999839       0.16446166586223679     
   2.8299999999999836       0.16383208854776865     
   2.8399999999999834       0.16317564288254272     
   2.8499999999999832       0.16249166868215442     
   2.8599999999999830       0.16177947023117897     
   2.8699999999999828       0.16103832895978420     
   2.8799999999999826       0.16026751757619226     
   2.8899999999999824       0.15946631547512563     
   2.8999999999999821       0.15863402518485706     
   2.9099999999999819       0.15776998955751848     
   2.9199999999999817       0.15687360942173167     
   2.9299999999999815       0.15594436129929309     
   2.9399999999999813       0.15498181488002960     
   2.9499999999999811       0.15398564981148419     
   2.9599999999999809       0.15295567146239619     
   2.9699999999999807       0.15189182526399703     
   2.9799999999999804       0.15079420927672607     
   2.9899999999999802       0.14966308465959699     
   2.9999999999999800       0.14849888376445922     
   3.0099999999999798       0.14730221562955789     
   3.0199999999999796       0.14607386871134287     
   3.0299999999999794       0.14481481074748237     
   3.0399999999999792       0.14352618574730244     
   3.0499999999999790       0.14220930812575994     
   3.0599999999999787       0.14086565413124946     
   3.0699999999999785       0.13949685071950496     
   3.0799999999999783       0.13810466213606565     
   3.0899999999999781       0.13669097448360817     
   3.0999999999999779       0.13525777860726276     
   3.1099999999999777       0.13380715165589951     
   3.1199999999999775       0.13234123770356174     
   3.1299999999999772       0.13086222778776502     
   3.1399999999999770       0.12937233976162210     
   3.1499999999999768       0.12787379831592133     
   3.1599999999999766       0.12636881548054577     
   3.1699999999999764       0.12485957195468288     
   3.1799999999999762       0.12334819948290238     
   3.1899999999999760       0.12183676454747133     
   3.1999999999999758       0.12032725353135731     
   3.2099999999999755       0.11882155951395768     
   3.2199999999999753       0.11732147078518979     
   3.2299999999999751       0.11582866116184617     
   3.2399999999999749       0.11434468208596142     
   3.2499999999999747       0.11287095656695710     
   3.2599999999999745       0.11140877484470108     
   3.2699999999999743       0.10995929177303035     
   3.2799999999999740       0.10852352581302516     
   3.2899999999999738       0.10710235952513936     
   3.2999999999999736       0.10569654147160766     
   3.3099999999999734       0.10430668936091596     
   3.3199999999999732       0.10293329435890704     
   3.3299999999999730       0.10157672637160127     
   3.3399999999999728       0.10023724021770032     
   3.3499999999999726        9.8914982510174859E-002
   3.3599999999999723        9.7609999149556315E-002
   3.3699999999999721        9.6322243283889969E-002
   3.3799999999999719        9.5051583620729699E-002
   3.3899999999999717        9.3797812959759294E-002
   3.3999999999999715        9.2560656865509475E-002
   3.4099999999999713        9.1339782341997716E-002
   3.4199999999999711        9.0134806458761013E-002
   3.4299999999999708        8.8945304787650142E-002
   3.4399999999999706        8.7770819626588503E-002
   3.4499999999999704        8.6610867904197530E-002
   3.4599999999999702        8.5464948710008690E-002
   3.4699999999999700        8.4332550421412661E-002
   3.4799999999999698        8.3213157340010835E-002
   3.4899999999999696        8.2106255839891132E-002
   3.4999999999999694        8.1011339977083513E-002
   3.5099999999999691        7.9927916563173607E-002
   3.5199999999999689        7.8855509645671992E-002
   3.5299999999999687        7.7793664461542761E-002
   3.5399999999999685        7.6741950796094943E-002
   3.5499999999999683        7.5699965802869709E-002
   3.5599999999999681        7.4667336289567704E-002
   3.5699999999999679        7.3643720484075470E-002
   3.5799999999999677        7.2628809306407860E-002
   3.5899999999999674        7.1622327201856448E-002
   3.5999999999999672        7.0624032526145172E-002
   3.6099999999999670        6.9633717566010875E-002
   3.6199999999999668        6.8651208192565233E-002
   3.6299999999999666        6.7676363212966884E-002
   3.6399999999999664        6.6709073446427083E-002
   3.6499999999999662        6.5749260567657994E-002
   3.6599999999999659        6.4796875752224273E-002
   3.6699999999999657        6.3851898159395654E-002
   3.6799999999999655        6.2914333284795787E-002
   3.6899999999999653        6.1984211225460224E-002
   3.6999999999999651        6.1061584861172934E-002
   3.7099999999999649        6.0146528006729372E-002
   3.7199999999999647        5.9239133535115257E-002
   3.7299999999999645        5.8339511507702474E-002
   3.7399999999999642        5.7447787313845783E-002
   3.7499999999999640        5.6564099856701300E-002
   3.7599999999999638        5.5688599767191253E-002
   3.7699999999999636        5.4821447695500299E-002
   3.7799999999999634        5.3962812642007592E-002
   3.7899999999999632        5.3112870381761969E-002
   3.7999999999999630        5.2271801951974110E-002
   3.8099999999999627        5.1439792226882275E-002
   3.8199999999999625        5.0617028558913466E-002
   3.8299999999999623        4.9803699525426334E-002
   3.8399999999999621        4.8999993739458667E-002
   3.8499999999999619        4.8206098747853560E-002
   3.8599999999999617        4.7422200026182401E-002
   3.8699999999999615        4.6648480028902213E-002
   3.8799999999999613        4.5885117339255793E-002
   3.8899999999999610        4.5132285889921624E-002
   3.8999999999999608        4.4390154255089402E-002
   3.9099999999999606        4.3658885012445359E-002
   3.9199999999999604        4.2938634196090571E-002
   3.9299999999999602        4.2229550779188989E-002
   3.9399999999999600        4.1531776264274824E-002
   3.9499999999999598        4.0845444303872616E-002
   3.9599999999999596        4.0170680394327057E-002
   3.9699999999999593        3.9507601626535604E-002
   3.9799999999999591        3.8856316490450890E-002
   3.9899999999999589        3.8216924728160899E-002
   3.9999999999999587        3.7589517239603715E-002
   4.0099999999999589        3.6974176035127350E-002
   4.0199999999999587        3.6370974229269382E-002
   4.0299999999999585        3.5779976077977144E-002
   4.0399999999999583        3.5201237059325978E-002
   4.0499999999999581        3.4634803975982890E-002
   4.0599999999999579        3.4080715112073307E-002
   4.0699999999999577        3.3539000400738844E-002
   4.0799999999999574        3.3009681636730757E-002
   4.0899999999999572        3.2492772705264968E-002
   4.0999999999999570        3.1988279836966997E-002
   4.1099999999999568        3.1496201884522727E-002
   4.1199999999999566        3.1016530624364665E-002
   4.1299999999999564        3.0549251061554466E-002
   4.1399999999999562        3.0094341758334080E-002
   4.1499999999999559        2.9651775179306197E-002
   4.1599999999999557        2.9221518032189222E-002
   4.1699999999999555        2.8803531632411641E-002
   4.1799999999999553        2.8397772259265628E-002
   4.1899999999999551        2.8004191532238733E-002
   4.1999999999999549        2.7622736773753469E-002
   4.2099999999999547        2.7253351384943180E-002
   4.2199999999999545        2.6895975212126229E-002
   4.2299999999999542        2.6550544922229274E-002
   4.2399999999999540        2.6216994350603845E-002
   4.2499999999999538        2.5895254884821327E-002
   4.2599999999999536        2.5585255796621239E-002
   4.2699999999999534        2.5286924596994324E-002
   4.2799999999999532        2.5000187371889828E-002
   4.2899999999999530        2.4724969113474073E-002
   4.2999999999999527        2.4461194032874625E-002
   4.3099999999999525        2.4208785870065211E-002
   4.3199999999999523        2.3967668191601954E-002
   4.3299999999999521        2.3737764670312883E-002
   4.3399999999999519        2.3518999357506155E-002
   4.3499999999999517        2.3311296940714432E-002
   4.3599999999999515        2.3114582984519332E-002
   4.3699999999999513        2.2928784164742144E-002
   4.3799999999999510        2.2753828479638343E-002
   4.3899999999999508        2.2589645450088267E-002
   4.3999999999999506        2.2436166308291601E-002
   4.4099999999999504        2.2293324162836473E-002
   4.4199999999999502        2.2161054159875591E-002
   4.4299999999999500        2.2039293613990041E-002
   4.4399999999999498        2.1927982139369442E-002
   4.4499999999999496        2.1827061753637616E-002
   4.4599999999999493        2.1736476967340421E-002
   4.4699999999999491        2.1656174867764139E-002
   4.4799999999999489        2.1586105164154681E-002
   4.4899999999999487        2.1526220246586250E-002
   4.4999999999999485        2.1476475200173269E-002
   4.5099999999999483        2.1436827824015191E-002
   4.5199999999999481        2.1407238613634527E-002
   4.5299999999999478        2.1387670749711245E-002
   4.5399999999999476        2.1378090053460624E-002
   4.5499999999999474        2.1378464919446907E-002
   4.5599999999999472        2.1388766258754910E-002
   4.5699999999999470        2.1408967391413011E-002
   4.5799999999999468        2.1439043940883758E-002
   4.5899999999999466        2.1478973711839811E-002
   4.5999999999999464        2.1528736535990238E-002
   4.6099999999999461        2.1588314109711480E-002
   4.6199999999999459        2.1657689816590289E-002
   4.6299999999999457        2.1736848517258531E-002
   4.6399999999999455        2.1825776334574234E-002
   4.6499999999999453        2.1924460410051069E-002
   4.6599999999999451        2.2032888644603357E-002
   4.6699999999999449        2.2151049418159829E-002
   4.6799999999999446        2.2278931288114642E-002
   4.6899999999999444        2.2416522671079287E-002
   4.6999999999999442        2.2563811497806917E-002
   4.7099999999999440        2.2720784854016435E-002
   4.7199999999999438        2.2887428594161898E-002
   4.7299999999999436        2.3063726938915074E-002
   4.7399999999999434        2.3249662044138548E-002
   4.7499999999999432        2.3445213561730852E-002
   4.7599999999999429        2.3650358160253925E-002
   4.7699999999999427        2.3865069044377716E-002
   4.7799999999999425        2.4089315436251802E-002
   4.7899999999999423        2.4323062047725226E-002
   4.7999999999999421        2.4566268525658592E-002
   4.8099999999999419        2.4818888883152871E-002
   4.8199999999999417        2.5080870904712598E-002
   4.8299999999999415        2.5352155536489559E-002
   4.8399999999999412        2.5632676261397244E-002
   4.8499999999999410        2.5922358454598404E-002
   4.8599999999999408        2.6221118722385361E-002
   4.8699999999999406        2.6528864237189764E-002
   4.8799999999999404        2.6845492046294623E-002
   4.8899999999999402        2.7170888383092125E-002
   4.8999999999999400        2.7504927968137752E-002
   4.9099999999999397        2.7847473298624661E-002
   4.9199999999999395        2.8198373948128901E-002
   4.9299999999999393        2.8557465851735526E-002
   4.9399999999999391        2.8924570615696574E-002
   4.9499999999999389        2.9299494814871121E-002
   4.9599999999999387        2.9682029315514145E-002
   4.9699999999999385        3.0071948611597066E-002
   4.9799999999999383        3.0469010179727814E-002
   4.9899999999999380        3.0872953865835755E-002
   4.9999999999999378        3.1283501296933643E-002
   5.0099999999999376        3.1700355337765732E-002
   5.0199999999999374        3.2123199581435329E-002
   5.0299999999999372        3.2551697900916818E-002
   5.0399999999999370        3.2985494050634924E-002
   5.0499999999999368        3.3424211322681002E-002
   5.0599999999999365        3.3867452296649447E-002
   5.0699999999999363        3.4314798633862893E-002
   5.0799999999999361        3.4765810985276181E-002
   5.0899999999999359        3.5220028975140011E-002
   5.0999999999999357        3.5676971282293642E-002
   5.1099999999999355        3.6136135831438425E-002
   5.1199999999999353        3.6597000101969604E-002
   5.1299999999999351        3.7059021541347881E-002
   5.1399999999999348        3.7521638118289249E-002
   5.1499999999999346        3.7984268996819989E-002
   5.1599999999999344        3.8446315354963255E-002
   5.1699999999999342        3.8907161337784185E-002
   5.1799999999999340        3.9366175158059714E-002
   5.1899999999999338        3.9822710346353783E-002
   5.1999999999999336        4.0276107149101834E-002
   5.2099999999999334        4.0725694079287528E-002
   5.2199999999999331        4.1170789615210715E-002
   5.2299999999999329        4.1610704051680054E-002
   5.2399999999999327        4.2044741492973735E-002
   5.2499999999999325        4.2472201994034453E-002
   5.2599999999999323        4.2892383829784775E-002
   5.2699999999999321        4.3304585899373985E-002
   5.2799999999999319        4.3708110243878745E-002
   5.2899999999999316        4.4102264677524934E-002
   5.2999999999999314        4.4486365509691192E-002
   5.3099999999999312        4.4859740354850262E-002
   5.3199999999999310        4.5221731002406812E-002
   5.3299999999999308        4.5571696340585902E-002
   5.3399999999999306        4.5909015307551954E-002
   5.3499999999999304        4.6233089859824189E-002
   5.3599999999999302        4.6543347923280659E-002
   5.3699999999999299        4.6839246323294864E-002
   5.3799999999999297        4.7120273651791229E-002
   5.3899999999999295        4.7385953066679122E-002
   5.3999999999999293        4.7635844991221775E-002
   5.4099999999999291        4.7869549688735358E-002
   5.4199999999999289        4.8086709700536696E-002
   5.4299999999999287        4.8287012111666708E-002
   5.4399999999999284        4.8470190638944199E-002
   5.4499999999999282        4.8636027505741197E-002
   5.4599999999999280        4.8784355096516560E-002
   5.4699999999999278        4.8915057372335771E-002
   5.4799999999999276        4.9028071027239425E-002
   5.4899999999999274        4.9123386382547811E-002
   5.4999999999999272        4.9201047996571129E-002
   5.5099999999999270        4.9261154996443506E-002
   5.5199999999999267        4.9303861108279695E-002
   5.5299999999999265        4.9329374408980622E-002
   5.5399999999999263        4.9337956772505492E-002
   5.5499999999999261        4.9329923023713494E-002
   5.5599999999999259        4.9305639824415784E-002
   5.5699999999999257        4.9265524261407657E-002
   5.5799999999999255        4.9210042178958413E-002
   5.5899999999999253        4.9139706259615445E-002
   5.5999999999999250        4.9055073855450437E-002
   5.6099999999999248        4.8956744605059187E-002
   5.6199999999999246        4.8845357845862684E-002
   5.6299999999999244        4.8721589834935942E-002
   5.6399999999999242        4.8586150815318536E-002
   5.6499999999999240        4.8439781931770585E-002
   5.6599999999999238        4.8283252031997292E-002
   5.6699999999999235        4.8117354367212241E-002
   5.6799999999999233        4.7942903218089764E-002
   5.6899999999999231        4.7760730469161863E-002
   5.6999999999999229        4.7571682150283949E-002
   5.7099999999999227        4.7376614969946391E-002
   5.7199999999999225        4.7176392855569724E-002
   5.7299999999999223        4.6971883526183721E-002
   5.7399999999999221        4.6763955107180288E-002
   5.7499999999999218        4.6553472815960367E-002
   5.7599999999999216        4.6341295713962054E-002
   5.7699999999999214        4.6128273564314787E-002
   5.7799999999999212        4.5915243777378281E-002
   5.7899999999999210        4.5703028483943177E-002
   5.7999999999999208        4.5492431719755852E-002
   5.8099999999999206        4.5284236749109259E-002
   5.8199999999999203        4.5079203511083937E-002
   5.8299999999999201        4.4878066217520746E-002
   5.8399999999999199        4.4681531084440146E-002
   5.8499999999999197        4.4490274210696353E-002
   5.8599999999999195        4.4304939600332195E-002
   5.8699999999999193        4.4126137330745600E-002
   5.8799999999999191        4.3954441858036049E-002
   5.8899999999999189        4.3790390469872181E-002
   5.8999999999999186        4.3634481874169566E-002
   5.9099999999999184        4.3487174915171664E-002
   5.9199999999999182        4.3348887438687297E-002
   5.9299999999999180        4.3219995263793130E-002
   5.9399999999999178        4.3100831300278669E-002
   5.9499999999999176        4.2991684769786917E-002
   5.9599999999999174        4.2892800554111564E-002
   5.9699999999999172        4.2804378654303782E-002
   5.9799999999999169        4.2726573763446525E-002
   5.9899999999999167        4.2659494944010327E-002
   5.9999999999999165        4.2603205413034723E-002
   6.0099999999999163        4.2557722436236983E-002
   6.0199999999999161        4.2523017316802428E-002
   6.0299999999999159        4.2499015496142559E-002
   6.0399999999999157        4.2485596755196892E-002
   6.0499999999999154        4.2482595508609750E-002
   6.0599999999999152        4.2489801224808874E-002
   6.0699999999999150        4.2506958925712025E-002
   6.0799999999999148        4.2533769816366210E-002
   6.0899999999999146        4.2569892012968166E-002
   6.0999999999999144        4.2614941384123778E-002
   6.1099999999999142        4.2668492508959807E-002
   6.1199999999999140        4.2730079761044155E-002
   6.1299999999999137        4.2799198499736804E-002
   6.1399999999999135        4.2875306399473498E-002
   6.1499999999999133        4.2957824900623456E-002
   6.1599999999999131        4.3046140794057768E-002
   6.1699999999999129        4.3139607937515229E-002
   6.1799999999999127        4.3237549105441059E-002
   6.1899999999999125        4.3339257980078358E-002
   6.1999999999999122        4.3444001273801228E-002
   6.2099999999999120        4.3551020992248668E-002
   6.2199999999999118        4.3659536827873484E-002
   6.2299999999999116        4.3768748690815207E-002
   6.2399999999999114        4.3877839359755831E-002
   6.2499999999999112        4.3985977269008998E-002
   6.2599999999999110        4.4092319396715367E-002
   6.2699999999999108        4.4196014273929378E-002
   6.2799999999999105        4.4296205084349990E-002
   6.2899999999999103        4.4392032856653919E-002
   6.2999999999999101        4.4482639727670775E-002
   6.3099999999999099        4.4567172271132244E-002
   6.3199999999999097        4.4644784866133963E-002
   6.3299999999999095        4.4714643097580171E-002
   6.3399999999999093        4.4775927163900338E-002
   6.3499999999999091        4.4827835277468114E-002
   6.3599999999999088        4.4869587032686176E-002
   6.3699999999999086        4.4900426725624672E-002
   6.3799999999999084        4.4919626597771878E-002
   6.3899999999999082        4.4926489988100671E-002
   6.3999999999999080        4.4920354366556399E-002
   6.4099999999999078        4.4900594228660197E-002
   6.4199999999999076        4.4866623831869124E-002
   6.4299999999999073        4.4817899747354756E-002
   6.4399999999999071        4.4753923217623899E-002
   6.4499999999999069        4.4674242287650788E-002
   6.4599999999999067        4.4578453704437734E-002
   6.4699999999999065        4.4466204568410203E-002
   6.4799999999999063        4.4337193711363236E-002
   6.4899999999999061        4.4191172812549723E-002
   6.4999999999999059        4.4027947218243380E-002
   6.5099999999999056        4.3847376484825534E-002
   6.5199999999999054        4.3649374612281230E-002
   6.5299999999999052        4.3433910004814939E-002
   6.5399999999999050        4.3201005126401813E-002
   6.5499999999999048        4.2950735862292838E-002
   6.5599999999999046        4.2683230626397249E-002
   6.5699999999999044        4.2398669167332245E-002
   6.5799999999999041        4.2097281138187378E-002
   6.5899999999999039        4.1779344415687564E-002
   6.5999999999999037        4.1445183186453037E-002
   6.6099999999999035        4.1095165827532296E-002
   6.6199999999999033        4.0729702602704969E-002
   6.6299999999999031        4.0349243175091698E-002
   6.6399999999999029        3.9954273984498682E-002
   6.6499999999999027        3.9545315492404733E-002
   6.6599999999999024        3.9122919328251585E-002
   6.6699999999999022        3.8687665352125006E-002
   6.6799999999999020        3.8240158665000940E-002
   6.6899999999999018        3.7781026582539588E-002
   6.6999999999999016        3.7310915597396903E-002
   6.7099999999999014        3.6830488351982077E-002
   6.7199999999999012        3.6340420638510146E-002
   6.7299999999999010        3.5841398449363099E-002
   6.7399999999999007        3.5334115088028591E-002
   6.7499999999999005        3.4819268373949552E-002
   6.7599999999999003        3.4297557926917369E-002
   6.7699999999999001        3.3769682578266069E-002
   6.7799999999998999        3.3236337888644149E-002
   6.7899999999998997        3.2698213807569307E-002
   6.7999999999998995        3.2155992462428812E-002
   6.8099999999998992        3.1610346101972359E-002
   6.8199999999998990        3.1061935179964511E-002
   6.8299999999998988        3.0511406596764847E-002
   6.8399999999998986        2.9959392097457984E-002
   6.8499999999998984        2.9406506822319982E-002
   6.8599999999998982        2.8853348008862037E-002
   6.8699999999998980        2.8300493858559175E-002
   6.8799999999998978        2.7748502535957380E-002
   6.8899999999998975        2.7197911326618932E-002
   6.8999999999998973        2.6649235933378791E-002
   6.9099999999998971        2.6102969901251993E-002
   6.9199999999998969        2.5559584183377240E-002
   6.9299999999998967        2.5019526815690370E-002
   6.9399999999998965        2.4483222725885281E-002
   6.9499999999998963        2.3951073632605038E-002
   6.9599999999998960        2.3423458057888223E-002
   6.9699999999998958        2.2900731431604145E-002
   6.9799999999998956        2.2383226279045602E-002
   6.9899999999998954        2.1871252493335672E-002
   6.9999999999998952        2.1365097672562061E-002
   7.0099999999998950        2.0865027530142900E-002
   7.0199999999998948        2.0371286350667088E-002
   7.0299999999998946        1.9884097511281559E-002
   7.0399999999998943        1.9403664037791396E-002
   7.0499999999998941        1.8930169192855270E-002
   7.0599999999998939        1.8463777118526394E-002
   7.0699999999998937        1.8004633474194426E-002
   7.0799999999998935        1.7552866124010372E-002
   7.0899999999998933        1.7108585825986802E-002
   7.0999999999998931        1.6671886932569109E-002
   7.1099999999998929        1.6242848101100788E-002
   7.1199999999998926        1.5821533016795401E-002
   7.1299999999998924        1.5407991097373484E-002
   7.1399999999998922        1.5002258212509596E-002
   7.1499999999998920        1.4604357385143513E-002
   7.1599999999998918        1.4214299492954392E-002
   7.1699999999998916        1.3832083952869509E-002
   7.1799999999998914        1.3457699394924172E-002
   7.1899999999998911        1.3091124322218563E-002
   7.1999999999998909        1.2732327755212155E-002
   7.2099999999998907        1.2381269857586703E-002
   7.2199999999998905        1.2037902543303657E-002
   7.2299999999998903        1.1702170066290110E-002
   7.2399999999998901        1.1374009586375208E-002
   7.2499999999998899        1.1053351722279219E-002
   7.2599999999998897        1.0740121073098569E-002
   7.2699999999998894        1.0434236729950745E-002
   7.2799999999998892        1.0135612755762437E-002
   7.2899999999998890        9.8441586535272154E-003
   7.2999999999998888        9.5597798053309990E-003
   7.3099999999998886        9.2823778978292013E-003
   7.3199999999998884        9.0118513211567899E-003
   7.3299999999998882        8.7480955490428138E-003
   7.3399999999998879        8.4910035011395209E-003
   7.3499999999998877        8.2404658858495888E-003
   7.3599999999998875        7.9963715174864499E-003
   7.3699999999998873        7.7586076291219002E-003
   7.3799999999998871        7.5270601490962496E-003
   7.3899999999998869        7.3016139757395709E-003
   7.3999999999998867        7.0821532292611560E-003
   7.4099999999998865        6.8685614834445331E-003
   7.4199999999998862        6.6607219916226153E-003
   7.4299999999998860        6.4585178857683818E-003
   7.4399999999998858        6.2618323744562049E-003
   7.4499999999998856        6.0705489149764404E-003
   7.4599999999998854        5.8845513783846717E-003
   7.4699999999998852        5.7037242042533394E-003
   7.4799999999998850        5.5279525360608416E-003
   7.4899999999998847        5.3571223545786665E-003
   7.4999999999998845        5.1911205905442650E-003
   7.5099999999998843        5.0298352387999805E-003
   7.5199999999998841        4.8731554457210422E-003
   7.5299999999998839        4.7209716089763728E-003
   7.5399999999998837        4.5731754543601767E-003
   7.5499999999998835        4.4296600996323052E-003
   7.5599999999998833        4.2903201332087975E-003
   7.5699999999998830        4.1550516569999829E-003
   7.5799999999998828        4.0237523444666932E-003
   7.5899999999998826        3.8963214845838829E-003
   7.5999999999998824        3.7726600160854881E-003
   7.6099999999998822        3.6526705592613471E-003
   7.6199999999998820        3.5362574479148798E-003
   7.6299999999998818        3.4233267460202403E-003
   7.6399999999998816        3.3137862686329965E-003
   7.6499999999998813        3.2075455918863702E-003
   7.6599999999998811        3.1045160663742367E-003
   7.6699999999998809        3.0046108192570186E-003
   7.6799999999998807        2.9077447583246221E-003
   7.6899999999998805        2.8138345689149736E-003
   7.6999999999998803        2.7227987129595636E-003
   7.7099999999998801        2.6345574217459576E-003
   7.7199999999998798        2.5490326859913129E-003
   7.7299999999998796        2.4661482454857477E-003
   7.7399999999998794        2.3858295751738134E-003
   7.7499999999998792        2.3080038719815472E-003
   7.7599999999998790        2.2326000358916750E-003
   7.7699999999998788        2.1595486533184534E-003
   7.7799999999998786        2.0887819763351356E-003
   7.7899999999998784        2.0202339036173994E-003
   7.7999999999998781        1.9538399559609499E-003
   7.8099999999998779        1.8895372567616037E-003
   7.8199999999998777        1.8272645056029559E-003
   7.8299999999998775        1.7669619536799048E-003
   7.8399999999998773        1.7085713809703593E-003
   7.8499999999998771        1.6520360694951830E-003
   7.8599999999998769        1.5973007742042670E-003
   7.8699999999998766        1.5443117034405656E-003
   7.8799999999998764        1.4930164847254410E-003
   7.8899999999998762        1.4433641409974613E-003
   7.8999999999998760        1.3953050660327241E-003
   7.9099999999998758        1.3487909905539547E-003
   7.9199999999998756        1.3037749614667848E-003
   7.9299999999998754        1.2602113095501230E-003
   7.9399999999998752        1.2180556265291057E-003
   7.9499999999998749        1.1772647342971471E-003
   7.9599999999998747        1.1377966588490729E-003
   7.9699999999998745        1.0996106030458119E-003
   7.9799999999998743        1.0626669215348617E-003
   7.9899999999998741        1.0269270930559230E-003
   7.9999999999998739        9.9235369191467710E-004
   8.0099999999998737        9.5891036724663154E-004
   8.0199999999998735        9.2656181125381576E-004
   8.0299999999998732        8.9527373815048543E-004
   8.0399999999998730        8.6501285897656410E-004
   8.0499999999998728        8.3574685214796477E-004
   8.0599999999998726        8.0744434714347091E-004
   8.0699999999998724        7.8007489150908949E-004
   8.0799999999998722        7.5360893407347125E-004
   8.0899999999998720        7.2801779994250229E-004
   8.0999999999998717        7.0327366709407478E-004
   8.1099999999998715        6.7934954152199997E-004
   8.1199999999998713        6.5621924210250567E-004
   8.1299999999998711        6.3385737136923293E-004
   8.1399999999998709        6.1223930040947875E-004
   8.1499999999998707        5.9134114319786676E-004
   8.1599999999998705        5.7113974116281409E-004
   8.1699999999998703        5.5161264026010821E-004
   8.1799999999998700        5.3273807195219176E-004
   8.1899999999998698        5.1449493377283986E-004
   8.1999999999998696        4.9686277273824821E-004
   8.2099999999998694        4.7982176562313478E-004
   8.2199999999998692        4.6335270154844032E-004
   8.2299999999998690        4.4743696444375831E-004
   8.2399999999998688        4.3205651639547521E-004
   8.2499999999998685        4.1719388067315132E-004
   8.2599999999998683        4.0283212618684732E-004
   8.2699999999998681        3.8895485167641717E-004
   8.2799999999998679        3.7554616965624054E-004
   8.2899999999998677        3.6259069224073152E-004
   8.2999999999998675        3.5007351566787939E-004
   8.3099999999998673        3.3798020762038376E-004
   8.3199999999998671        3.2629679083008296E-004
   8.3299999999998668        3.1500973292499358E-004
   8.3399999999998666        3.0410592974580963E-004
   8.3499999999998664        2.9357269523427724E-004
   8.3599999999998662        2.8339774706768632E-004
   8.3699999999998660        2.7356919641780979E-004
   8.3799999999998658        2.6407553375872706E-004
   8.3899999999998656        2.5490561980917500E-004
   8.3999999999998654        2.4604867273073176E-004
   8.4099999999998651        2.3749425721841168E-004
   8.4199999999998649        2.2923227547907670E-004
   8.4299999999998647        2.2125295494887683E-004
   8.4399999999998645        2.1354683974195230E-004
   8.4499999999998643        2.0610478034079337E-004
   8.4599999999998641        1.9891792328202438E-004
   8.4699999999998639        1.9197770438161415E-004
   8.4799999999998636        1.8527583682947325E-004
   8.4899999999998634        1.7880430559347879E-004
   8.4999999999998632        1.7255535570235046E-004
   8.5099999999998630        1.6652148760079225E-004
   8.5199999999998628        1.6069544542376553E-004
   8.5299999999998626        1.5507021221484953E-004
   8.5399999999998624        1.4963900249775767E-004
   8.5499999999998622        1.4439525164406503E-004
   8.5599999999998619        1.3933261350391619E-004
   8.5699999999998617        1.3444495017260003E-004
   8.5799999999998615        1.2972632588431669E-004
   8.5899999999998613        1.2517100179446848E-004
   8.5999999999998611        1.2077342933434363E-004
   8.6099999999998609        1.1652824312589080E-004
   8.6199999999998607        1.1243025610192766E-004
   8.6299999999998604        1.0847445365888766E-004
   8.6399999999998602        1.0465598794741544E-004
   8.6499999999998600        1.0097017229968405E-004
   8.6599999999998598        9.7412476532362718E-005
   8.6699999999998596        9.3978522074927344E-005
   8.6799999999998594        9.0664075750133933E-005
   8.6899999999998592        8.7465046707179049E-005
   8.6999999999998590        8.4377480462078294E-005
   8.7099999999998587        8.1397555564385139E-005
   8.7199999999998585        7.8521578971071839E-005
   8.7299999999998583        7.5745981146238122E-005
   8.7399999999998581        7.3067313504152499E-005
   8.7499999999998579        7.0482241998214254E-005
   8.7599999999998577        6.7987546782418399E-005
   8.7699999999998575        6.5580114840441985E-005
   8.7799999999998573        6.3256939085808430E-005
   8.7899999999998570        6.1015114498432556E-005
   8.7999999999998568        5.8851833328446148E-005
   8.8099999999998566        5.6764383687691699E-005
   8.8199999999998564        5.4750145202642603E-005
   8.8299999999998562        5.2806586201209389E-005
   8.8399999999998560        5.0931261476902160E-005
   8.8499999999998558        4.9121808407212922E-005
   8.8599999999998555        4.7375944543197372E-005
   8.8699999999998553        4.5691465863808962E-005
   8.8799999999998551        4.4066243261821339E-005
   8.8899999999998549        4.2498219293659185E-005
   8.8999999999998547        4.0985407813851097E-005
   8.9099999999998545        3.9525889741601656E-005
   8.9199999999998543        3.8117812079495691E-005
   8.9299999999998541        3.6759384667084323E-005
   8.9399999999998538        3.5448879322625696E-005
   8.9499999999998536        3.4184626748124445E-005
   8.9599999999998534        3.2965014650660100E-005
   8.9699999999998532        3.1788485568140154E-005
   8.9799999999998530        3.0653536959136571E-005
   8.9899999999998528        2.9558716956285126E-005
   8.9999999999998526        2.8502623400200879E-005
   9.0099999999998523        2.7483902730578096E-005
   9.0199999999998521        2.6501247931843010E-005
   9.0299999999998519        2.5553397290723812E-005
   9.0399999999998517        2.4639132146534247E-005
   9.0499999999998515        2.3757276069332623E-005
   9.0599999999998513        2.2906693245222546E-005
   9.0699999999998511        2.2086287055914353E-005
   9.0799999999998509        2.1294998851377897E-005
   9.0899999999998506        2.0531806299501708E-005
   9.0999999999998504        1.9795723284402592E-005
   9.1099999999998502        1.9085796791836650E-005
   9.1199999999998500        1.8401107962964309E-005
   9.1299999999998498        1.7740768592762439E-005
   9.1399999999998496        1.7103922044013097E-005
   9.1499999999998494        1.6489741361677124E-005
   9.1599999999998492        1.5897428195398576E-005
   9.1699999999998489        1.5326212128558570E-005
   9.1799999999998487        1.4775349150095554E-005
   9.1899999999998485        1.4244121518660082E-005
   9.1999999999998483        1.3731836491970395E-005
   9.2099999999998481        1.3237825029850275E-005
   9.2199999999998479        1.2761441951645689E-005
   9.2299999999998477        1.2302064402081284E-005
   9.2399999999998474        1.1859091185794864E-005
   9.2499999999998472        1.1431942043324725E-005
   9.2599999999998470        1.1020057425833753E-005
   9.2699999999998468        1.0622896576869085E-005
   9.2799999999998466        1.0239938486629014E-005
   9.2899999999998464        9.8706800122209868E-006
   9.2999999999998462        9.5146351426616201E-006
   9.3099999999998460        9.1713361488018319E-006
   9.3199999999998457        8.8403297399975290E-006
   9.3299999999998455        8.5211809034413123E-006
   9.3399999999998453        8.2134684505377439E-006
   9.3499999999998451        7.9167856851896649E-006
   9.3599999999998449        7.6307409523581899E-006
   9.3699999999998447        7.3549567079604867E-006
   9.3799999999998445        7.0890671428955011E-006
   9.3899999999998442        6.8327212673173807E-006
   9.3999999999998440        6.5855786582106583E-006
   9.4099999999998438        6.3473121474082677E-006
   9.4199999999998436        6.1176055781717421E-006
   9.4299999999998434        5.8961543081726129E-006
   9.4399999999998432        5.6826636176453691E-006
   9.4499999999998430        5.4768501724216277E-006
   9.4599999999998428        5.2784393564653355E-006
   9.4699999999998425        5.0871681264595433E-006
   9.4799999999998423        4.9027806518255455E-006
   9.4899999999998421        4.7250319742790650E-006
   9.4999999999998419        4.5536843605893343E-006
   9.5099999999998417        4.3885099166544672E-006
   9.5199999999998415        4.2292872208071421E-006
   9.5299999999998413        4.0758035093843462E-006
   9.5399999999998411        3.9278539335884463E-006
   9.5499999999998408        3.7852401091150291E-006
   9.5599999999998406        3.6477711950062759E-006
   9.5699999999998404        3.5152634324519416E-006
   9.5799999999998402        3.3875386358107400E-006
   9.5899999999998400        3.2644253063314979E-006
   9.5999999999998398        3.1457582662456061E-006
   9.6099999999998396        3.0313788496673905E-006
   9.6199999999998393        2.9211321950768520E-006
   9.6299999999998391        2.8148706140927317E-006
   9.6399999999998389        2.7124511021517660E-006
   9.6499999999998387        2.6137357792617386E-006
   9.6599999999998385        2.5185910366543499E-006
   9.6699999999998383        2.4268897990064183E-006
   9.6799999999998381        2.3385070642591111E-006
   9.6899999999998379        2.2533246347206089E-006
   9.6999999999998376        2.1712265657018890E-006
   9.7099999999998374        2.0921023562227573E-006
   9.7199999999998372        2.0158448041721837E-006
   9.7299999999998370        1.9423508238463424E-006
   9.7399999999998368        1.8715214922336748E-006
   9.7499999999998366        1.8032599376321096E-006
   9.7599999999998364        1.7374745328431724E-006
   9.7699999999998361        1.6740754587560571E-006
   9.7799999999998359        1.6129767577067854E-006
   9.7899999999998357        1.5540957661512076E-006
   9.7999999999998355        1.4973522697516151E-006
   9.8099999999998353        1.4426693868065173E-006
   9.8199999999998351        1.3899726628160326E-006
   9.8299999999998349        1.3391903987261143E-006
   9.8399999999998347        1.2902534875529311E-006
   9.8499999999998344        1.2430953727613339E-006
   9.8599999999998342        1.1976516390980477E-006
   9.8699999999998340        1.1538601877771349E-006
   9.8799999999998338        1.1116621225343841E-006
   9.8899999999998336        1.0709989660699953E-006
   9.8999999999998334        1.0318155196828509E-006
   9.9099999999998332        9.9405822155744752E-007
   9.9199999999998330        9.5767550920568538E-007
   9.9299999999998327        9.2261750411723554E-007
   9.9399999999998325        8.8883652940382901E-007
   9.9499999999998323        8.5628617775774541E-007
   9.9599999999998321        8.2492216917503977E-007
   9.9699999999998319        7.9470083325304405E-007
   9.9799999999998317        7.6558117012921097E-007
   9.9899999999998315        7.3752364208609606E-007
   9.9999999999998312        7.1048911944619582E-007
