   0.0000000000000000        5.0885221961986339E-017
   1.0000000000000000E-002   1.0662246306136769E-005
   2.0000000000000000E-002   2.1752182264874371E-005
   2.9999999999999999E-002   3.3714625956836795E-005
   4.0000000000000001E-002   4.7029333869926436E-005
   5.0000000000000003E-002   6.2230200383530290E-005
   6.0000000000000005E-002   7.9926608424892479E-005
   7.0000000000000007E-002   1.0082777581221780E-004
   8.0000000000000002E-002   1.2577105654288287E-004
   8.9999999999999997E-002   1.5575530665474144E-004
   9.9999999999999992E-002   1.9198061496866295E-004
  0.10999999999999999        2.3589593565639944E-004
  0.11999999999999998        2.8925644865964345E-004
  0.12999999999999998        3.5419282264872548E-004
  0.13999999999999999        4.3329497083019014E-004
  0.14999999999999999        5.2971337937473184E-004
  0.16000000000000000        6.4728165673491134E-004
  0.17000000000000001        7.9066460119130155E-004
  0.18000000000000002        9.6553680842229961E-004
  0.19000000000000003        1.1787976241631009E-003
  0.20000000000000004        1.4388290540770833E-003
  0.21000000000000005        1.7558040101036630E-003
  0.22000000000000006        2.1420528925130459E-003
  0.23000000000000007        2.6124968082554593E-003
  0.24000000000000007        3.1851554450425582E-003
  0.25000000000000006        3.8817363637832273E-003
  0.26000000000000006        4.7283096713520989E-003
  0.27000000000000007        5.7560668963477918E-003
  0.28000000000000008        7.0021543414900134E-003
  0.29000000000000009        8.5105578518759797E-003
  0.30000000000000010        1.0332996166394432E-002
  0.31000000000000011        1.2529752028890192E-002
  0.32000000000000012        1.5170332478713361E-002
  0.33000000000000013        1.8333801615871993E-002
  0.34000000000000014        2.2108572202735807E-002
  0.35000000000000014        2.6591382259504904E-002
  0.36000000000000015        3.1885131186717187E-002
  0.37000000000000016        3.8095227390791443E-002
  0.38000000000000017        4.5324136007793871E-002
  0.39000000000000018        5.3663948193289464E-002
  0.40000000000000019        6.3187057288797366E-002
  0.41000000000000020        7.3935436104867011E-002
  0.42000000000000021        8.5909531604562675E-002
  0.43000000000000022        9.9058327073888550E-002
  0.44000000000000022       0.11327249407293893     
  0.45000000000000023       0.12838256048671906     
  0.46000000000000024       0.14416350274100323     
  0.47000000000000025       0.16034613194864242     
  0.48000000000000026       0.17663430296227264     
  0.49000000000000027       0.19272571868018651     
  0.50000000000000022       0.20833333201648541     
  0.51000000000000023       0.22320430193473431     
  0.52000000000000024       0.23713411068609605     
  0.53000000000000025       0.24997454293892160     
  0.54000000000000026       0.26163541723227435     
  0.55000000000000027       0.27208094695681556     
  0.56000000000000028       0.28132222015081249     
  0.57000000000000028       0.28940749090050938     
  0.58000000000000029       0.29641184014575639     
  0.59000000000000030       0.30242741468874229     
  0.60000000000000031       0.30755502212935082     
  0.61000000000000032       0.31189745193759194     
  0.62000000000000033       0.31555457234769557     
  0.63000000000000034       0.31862004122203641     
  0.64000000000000035       0.32117935842630679     
  0.65000000000000036       0.32330895388719116     
  0.66000000000000036       0.32507602202543490     
  0.67000000000000037       0.32653885596528348     
  0.68000000000000038       0.32774748666867803     
  0.69000000000000039       0.32874448235632403     
  0.70000000000000040       0.32956580688908560     
  0.71000000000000041       0.33024167033382718     
  0.72000000000000042       0.33079733091280189     
  0.73000000000000043       0.33125382610583054     
  0.74000000000000044       0.33162862333234511     
  0.75000000000000044       0.33193618883628212     
  0.76000000000000045       0.33218847837392246     
  0.77000000000000046       0.33239535605092124     
  0.78000000000000047       0.33256494891435101     
  0.79000000000000048       0.33270394521726532     
  0.80000000000000049       0.33281784401353320     
  0.81000000000000050       0.33291116316432212     
  0.82000000000000051       0.33298761211143862     
  0.83000000000000052       0.33305023500188302     
  0.84000000000000052       0.33310152899536111     
  0.85000000000000053       0.33314354188706652     
  0.86000000000000054       0.33317795254857124     
  0.87000000000000055       0.33320613713565866     
  0.88000000000000056       0.33322922353216805     
  0.89000000000000057       0.33324813608839854     
  0.90000000000000058       0.33326363236459694     
  0.91000000000000059       0.33327633329708289     
  0.92000000000000060       0.33328674795935564     
  0.93000000000000060       0.33329529388619661     
  0.94000000000000061       0.33330231375918329     
  0.95000000000000062       0.33330808911167326     
  0.96000000000000063       0.33331285159551499     
  0.97000000000000064       0.33331679225644373     
  0.98000000000000065       0.33332006918691887     
  0.99000000000000066       0.33332281386118784     
   1.0000000000000007       0.33332513640524825     
   1.0100000000000007       0.33332713001214581     
   1.0200000000000007       0.33332887467909128     
   1.0300000000000007       0.33333044041588239     
   1.0400000000000007       0.33333189005305375     
   1.0500000000000007       0.33333328176219146     
   1.0600000000000007       0.33333467138935763     
   1.0700000000000007       0.33333611469507263     
   1.0800000000000007       0.33333766959054439     
   1.0900000000000007       0.33333939845962490     
   1.1000000000000008       0.33334137065932196     
   1.1100000000000008       0.33334366529870735     
   1.1200000000000008       0.33334637440699882     
   1.1300000000000008       0.33334960661685287     
   1.1400000000000008       0.33335349150904697     
   1.1500000000000008       0.33335818479047047     
   1.1600000000000008       0.33336387450958666     
   1.1700000000000008       0.33337078855338498     
   1.1800000000000008       0.33337920371860053     
   1.1900000000000008       0.33338945670920705     
   1.2000000000000008       0.33340195748358264     
   1.2100000000000009       0.33341720546027748     
   1.2200000000000009       0.33343580919297011     
   1.2300000000000009       0.33345851024503798     
   1.2400000000000009       0.33348621213389468     
   1.2500000000000009       0.33352001537601633     
   1.2600000000000009       0.33356125984514873     
   1.2700000000000009       0.33361157585617529     
   1.2800000000000009       0.33367294559931682     
   1.2900000000000009       0.33374777676161388     
   1.3000000000000009       0.33383899036372205     
   1.3100000000000009       0.33395012497488014     
   1.3200000000000010       0.33408545949228236     
   1.3300000000000010       0.33425015649908812     
   1.3400000000000010       0.33445042772409495     
   1.3500000000000010       0.33469372213852538     
   1.3600000000000010       0.33498893549611397     
   1.3700000000000010       0.33534663732519071     
   1.3800000000000010       0.33577930710321918     
   1.3900000000000010       0.33630156510200337     
   1.4000000000000010       0.33693037468777415     
   1.4100000000000010       0.33768518131038783     
   1.4200000000000010       0.33858793899126199     
   1.4300000000000010       0.33966295854847955     
   1.4400000000000011       0.34093649514907387     
   1.4500000000000011       0.34243598018591254     
   1.4600000000000011       0.34418880079466402     
   1.4700000000000011       0.34622054926299345     
   1.4800000000000011       0.34855271551989003     
   1.4900000000000011       0.35119988841691768     
   1.5000000000000011       0.35416666706744698     
   1.5100000000000011       0.35744464699077128     
   1.5200000000000011       0.36100999870695971     
   1.5300000000000011       0.36482223806782449     
   1.5400000000000011       0.36882473130064225     
   1.5500000000000012       0.37294724263360179     
   1.5600000000000012       0.37711043907572001     
   1.5700000000000012       0.38123181320112653     
   1.5800000000000012       0.38523212011304914     
   1.5900000000000012       0.38904128610073146     
   1.6000000000000012       0.39260288892848322     
   1.6100000000000012       0.39587667666065779     
   1.6200000000000012       0.39883904577464535     
   1.6300000000000012       0.40148179091296488     
   1.6400000000000012       0.40380967121748684     
   1.6500000000000012       0.40583739220015386     
   1.6600000000000013       0.40758651900320997     
   1.6700000000000013       0.40908268348179172     
   1.6800000000000013       0.41035328424320788     
   1.6900000000000013       0.41142574376492091     
   1.7000000000000013       0.41232629480442506     
   1.7100000000000013       0.41307921789827717     
   1.7200000000000013       0.41370643317378047     
   1.7300000000000013       0.41422735159060342     
   1.7400000000000013       0.41465890341867984     
   1.7500000000000013       0.41501567842885728     
   1.7600000000000013       0.41531012882460394     
   1.7700000000000014       0.41555280033063863     
   1.7800000000000014       0.41575256836369717     
   1.7900000000000014       0.41591686487767293     
   1.8000000000000014       0.41605188768725304     
   1.8100000000000014       0.41616278832913395     
   1.8200000000000014       0.41625383730047716     
   1.8300000000000014       0.41632856723188266     
   1.8400000000000014       0.41638989553215028     
   1.8500000000000014       0.41644022852881335     
   1.8600000000000014       0.41648154929819298     
   1.8700000000000014       0.41651549135479587     
   1.8800000000000014       0.41654340023577435     
   1.8900000000000015       0.41656638482681130     
   1.9000000000000015       0.41658536006611685     
   1.9100000000000015       0.41660108245444610     
   1.9200000000000015       0.41661417960334962     
   1.9300000000000015       0.41662517487750989     
   1.9400000000000015       0.41663450803259622     
   1.9500000000000015       0.41664255261800692     
   1.9600000000000015       0.41664963080329809     
   1.9700000000000015       0.41665602619667763     
   1.9800000000000015       0.41666199515206070     
   1.9900000000000015       0.41666777700633845     
   2.0000000000000013       0.41667360364946088     
   2.0100000000000011       0.41667970880569510     
   2.0200000000000009       0.41668633739445721     
   2.0300000000000007       0.41669375534326680     
   2.0400000000000005       0.41670226024397938     
   2.0500000000000003       0.41671219327731190     
   2.0600000000000001       0.41672395288118164     
   2.0699999999999998       0.41673801070745053     
   2.0799999999999996       0.41675493050198137     
   2.0899999999999994       0.41677539065779018     
   2.0999999999999992       0.41680021133479023     
   2.1099999999999990       0.41683038721729920     
   2.1199999999999988       0.41686712719836555     
   2.1299999999999986       0.41691190254547289     
   2.1399999999999983       0.41696650542392133     
   2.1499999999999981       0.41703312004212295     
   2.1599999999999979       0.41711440914829989     
   2.1699999999999977       0.41721361916274396     
   2.1799999999999975       0.41733470788640520     
   2.1899999999999973       0.41748249949709809     
   2.1999999999999971       0.41766287243870398     
   2.2099999999999969       0.41788298683106717     
   2.2199999999999966       0.41815155917398078     
   2.2299999999999964       0.41847919336672385     
   2.2399999999999962       0.41887877836766357     
   2.2499999999999960       0.41936596408786597     
   2.2599999999999958       0.41995972819726263     
   2.2699999999999956       0.42068304717785715     
   2.2799999999999954       0.42156368480865464     
   2.2899999999999952       0.42263510974787927     
   2.2999999999999949       0.42393755017397300     
   2.3099999999999947       0.42551918641611541     
   2.3199999999999945       0.42743747060946174     
   2.3299999999999943       0.42976054367575056     
   2.3399999999999941       0.43256869198735126     
   2.3499999999999939       0.43595574636709439     
   2.3599999999999937       0.44003027237338549     
   2.3699999999999934       0.44491633218874416     
   2.3799999999999932       0.45075351688319404     
   2.3899999999999930       0.45769586072364499     
   2.3999999999999928       0.46590917223945544     
   2.4099999999999926       0.47556627673110746     
   2.4199999999999924       0.48683970054115538     
   2.4299999999999922       0.49989148533998362     
   2.4399999999999920       0.51486014340728081     
   2.4499999999999917       0.53184526896067841     
   2.4599999999999915       0.55089096868929255     
   2.4699999999999913       0.57196995370887971     
   2.4799999999999911       0.59497065963517881     
   2.4899999999999909       0.61968991809687590     
   2.4999999999999907       0.64583333250312058     
   2.5099999999999905       0.67302459152565375     
   2.5199999999999902       0.70082363554557725     
   2.5299999999999900       0.72875215294470397     
   2.5399999999999898       0.75632363706718408     
   2.5499999999999896       0.78307443926204667     
   2.5599999999999894       0.80859206840396103     
   2.5699999999999892       0.83253745891278086     
   2.5799999999999890       0.85465897560262594     
   2.5899999999999888       0.87479732656040599     
   2.5999999999999885       0.89288199599935092     
   2.6099999999999883       0.90892096168840064     
   2.6199999999999881       0.92298610439780460     
   2.6299999999999879       0.93519679924836197     
   2.6399999999999877       0.94570381046637164     
   2.6499999999999875       0.95467499012046897     
   2.6599999999999873       0.96228360969287918     
   2.6699999999999871       0.96869957675307006     
   2.6799999999999868       0.97408337837004122     
   2.6899999999999866       0.97858235565873197     
   2.6999999999999864       0.98232881928498450     
   2.7099999999999862       0.98543951917791317     
   2.7199999999999860       0.98801604074709370     
   2.7299999999999858       0.99014578214830318     
   2.7399999999999856       0.99190325155708192     
   2.7499999999999853       0.99335149857024774     
   2.7599999999999851       0.99454355510564418     
   2.7699999999999849       0.99552380796756079     
   2.7799999999999847       0.99632925916147930     
   2.7899999999999845       0.99699065346214499     
   2.7999999999999843       0.99753346812066257     
   2.8099999999999841       0.99797876910981198     
   2.8199999999999839       0.99834394370971979     
   2.8299999999999836       0.99864332187084603     
   2.8399999999999834       0.99888869963955595     
   2.8499999999999832       0.99908977768544283     
   2.8599999999999830       0.99925452710160745     
   2.8699999999999828       0.99938949347130057     
   2.8799999999999826       0.99950004890546740     
   2.8899999999999824       0.99959060047644854     
   2.8999999999999821       0.99966476227201395     
   2.9099999999999819       0.99972549720545878     
   2.9199999999999817       0.99977523375484589     
   2.9299999999999815       0.99981596196777101     
   2.9399999999999813       0.99984931235010821     
   2.9499999999999811       0.99987662064716287     
   2.9599999999999809       0.99989898101123542     
   2.9699999999999807       0.99991728961826765     
   2.9799999999999804       0.99993228043633475     
   2.9899999999999802       0.99994455454944597     
   2.9999999999999800       0.99995460419203042     
   3.0099999999999798       0.99996283244427353     
   3.0199999999999796       0.99996956936907389     
   3.0299999999999794       0.99997508523176293     
   3.0399999999999792       0.99997960132878827     
   3.0499999999999790       0.99998329885704818     
   3.0599999999999787       0.99998632617786187     
   3.0699999999999785       0.99998880476580609     
   3.0799999999999783       0.99999083408027623     
   3.0899999999999781       0.99999249555470415     
   3.0999999999999779       0.99999385586313572     
   3.1099999999999777       0.99999496959499268     
   3.1199999999999775       0.99999588144520901     
   3.1299999999999772       0.99999662800750000     
   3.1399999999999770       0.99999723924266581     
   3.1499999999999768       0.99999773968080641     
   3.1599999999999766       0.99999814940564802     
   3.1699999999999764       0.99999848486047593     
   3.1799999999999762       0.99999875950799522     
   3.1899999999999760       0.99999898437059043     
   3.1999999999999758       0.99999916847266179     
   3.2099999999999755       0.99999931920279128     
   3.2199999999999753       0.99999944261025131     
   3.2299999999999751       0.99999954364777865     
   3.2399999999999749       0.99999962637034068     
   3.2499999999999747       0.99999969409786571     
   3.2599999999999745       0.99999974954848792     
   3.2699999999999743       0.99999979494762636     
   3.2799999999999740       0.99999983211730292     
   3.2899999999999738       0.99999986254926509     
   3.2999999999999736       0.99999988746485047     
   3.3099999999999734       0.99999990786400816     
   3.3199999999999732       0.99999992456542752     
   3.3299999999999730       0.99999993823939404     
   3.3399999999999728       0.99999994943469150     
   3.3499999999999726       0.99999995860062618     
   3.3599999999999723       0.99999996610505892     
   3.3699999999999721       0.99999997224916892     
   3.3799999999999719       0.99999997727954104     
   3.3899999999999717       0.99999998139806134     
   3.3999999999999715       0.99999998477002083     
   3.4099999999999713       0.99999998753074759     
   3.4199999999999711       0.99999998979103921     
   3.4299999999999708       0.99999999164160969     
   3.4399999999999706       0.99999999315672905     
   3.4499999999999704       0.99999999439720355     
   3.4599999999999702       0.99999999541281837     
   3.4699999999999700       0.99999999624433356     
   3.4799999999999698       0.99999999692512020     
   3.4899999999999696       0.99999999748250135     
   3.4999999999999694       0.99999999793884620     
   3.5099999999999691       0.99999999831246988     
   3.5199999999999689       0.99999999861836741     
   3.5299999999999687       0.99999999886881474     
   3.5399999999999685       0.99999999907386394     
   3.5499999999999683       0.99999999924174388     
   3.5599999999999681       0.99999999937919226     
   3.5699999999999679       0.99999999949172569     
   3.5799999999999677       0.99999999958385999     
   3.5899999999999674       0.99999999965929376     
   3.5999999999999672       0.99999999972105302     
   3.6099999999999670       0.99999999977161735     
   3.6199999999999668       0.99999999981301635     
   3.6299999999999666       0.99999999984691057     
   3.6399999999999664       0.99999999987466115     
   3.6499999999999662       0.99999999989738131     
   3.6599999999999659       0.99999999991598276     
   3.6699999999999657       0.99999999993121269     
   3.6799999999999655       0.99999999994368161     
   3.6899999999999653       0.99999999995389033     
   3.6999999999999651       0.99999999996224853     
   3.7099999999999649       0.99999999996909184     
   3.7199999999999647       0.99999999997469446     
   3.7299999999999645       0.99999999997928157     
   3.7399999999999642       0.99999999998303724     
   3.7499999999999640       0.99999999998611200     
   3.7599999999999638       0.99999999998862954     
   3.7699999999999636       0.99999999999069045     
   3.7799999999999634       0.99999999999237799     
   3.7899999999999632       0.99999999999375966     
   3.7999999999999630       0.99999999999489120     
   3.8099999999999627       0.99999999999581701     
   3.8199999999999625       0.99999999999657518     
   3.8299999999999623       0.99999999999719602     
   3.8399999999999621       0.99999999999770417     
   3.8499999999999619       0.99999999999812028     
   3.8599999999999617       0.99999999999846123     
   3.8699999999999615       0.99999999999874023     
   3.8799999999999613       0.99999999999896871     
   3.8899999999999610       0.99999999999915545     
   3.8999999999999608       0.99999999999930866     
   3.9099999999999606       0.99999999999943368     
   3.9199999999999604       0.99999999999953670     
   3.9299999999999602       0.99999999999962041     
   3.9399999999999600       0.99999999999968947     
   3.9499999999999598       0.99999999999974565     
   3.9599999999999596       0.99999999999979183     
   3.9699999999999593       0.99999999999982947     
   3.9799999999999591       0.99999999999986022     
   3.9899999999999589       0.99999999999988554     
   3.9999999999999587       0.99999999999990663     
   4.0099999999999589       0.99999999999992362     
   4.0199999999999587       0.99999999999993749     
   4.0299999999999585       0.99999999999994882     
   4.0399999999999583       0.99999999999995814     
   4.0499999999999581       0.99999999999996547     
   4.0599999999999579       0.99999999999997158     
   4.0699999999999577       0.99999999999997691     
   4.0799999999999574       0.99999999999998124     
   4.0899999999999572       0.99999999999998435     
   4.0999999999999570       0.99999999999998757     
   4.1099999999999568       0.99999999999998934     
   4.1199999999999566       0.99999999999999145     
   4.1299999999999564       0.99999999999999323     
   4.1399999999999562       0.99999999999999434     
   4.1499999999999559       0.99999999999999523     
   4.1599999999999557       0.99999999999999645     
   4.1699999999999555       0.99999999999999689     
   4.1799999999999553       0.99999999999999734     
   4.1899999999999551       0.99999999999999822     
   4.1999999999999549       0.99999999999999822     
   4.2099999999999547       0.99999999999999856     
   4.2199999999999545       0.99999999999999900     
   4.2299999999999542       0.99999999999999911     
   4.2399999999999540       0.99999999999999922     
   4.2499999999999538       0.99999999999999922     
   4.2599999999999536       0.99999999999999956     
   4.2699999999999534       0.99999999999999956     
   4.2799999999999532       0.99999999999999956     
   4.2899999999999530        1.0000000000000000     
   4.2999999999999527        1.0000000000000000     
   4.3099999999999525       0.99999999999999967     
   4.3199999999999523       0.99999999999999967     
   4.3299999999999521       0.99999999999999967     
   4.3399999999999519        1.0000000000000000     
   4.3499999999999517        1.0000000000000000     
   4.3599999999999515        1.0000000000000000     
   4.3699999999999513        1.0000000000000000     
   4.3799999999999510        1.0000000000000000     
   4.3899999999999508        1.0000000000000000     
   4.3999999999999506        1.0000000000000000     
   4.4099999999999504        1.0000000000000000     
   4.4199999999999502        1.0000000000000000     
   4.4299999999999500        1.0000000000000000     
   4.4399999999999498        1.0000000000000000     
   4.4499999999999496        1.0000000000000000     
   4.4599999999999493        1.0000000000000000     
   4.4699999999999491        1.0000000000000000     
   4.4799999999999489        1.0000000000000000     
   4.4899999999999487        1.0000000000000000     
   4.4999999999999485        1.0000000000000000     
   4.5099999999999483        1.0000000000000000     
   4.5199999999999481        1.0000000000000000     
   4.5299999999999478        1.0000000000000000     
   4.5399999999999476        1.0000000000000000     
   4.5499999999999474        1.0000000000000000     
   4.5599999999999472        1.0000000000000000     
   4.5699999999999470        1.0000000000000000     
   4.5799999999999468        1.0000000000000000     
   4.5899999999999466        1.0000000000000000     
   4.5999999999999464        1.0000000000000000     
   4.6099999999999461        1.0000000000000000     
   4.6199999999999459        1.0000000000000000     
   4.6299999999999457        1.0000000000000000     
   4.6399999999999455        1.0000000000000000     
   4.6499999999999453        1.0000000000000000     
   4.6599999999999451        1.0000000000000000     
   4.6699999999999449        1.0000000000000000     
   4.6799999999999446        1.0000000000000000     
   4.6899999999999444        1.0000000000000000     
   4.6999999999999442        1.0000000000000000     
   4.7099999999999440        1.0000000000000000     
   4.7199999999999438        1.0000000000000000     
   4.7299999999999436        1.0000000000000000     
   4.7399999999999434        1.0000000000000000     
   4.7499999999999432        1.0000000000000000     
   4.7599999999999429        1.0000000000000000     
   4.7699999999999427        1.0000000000000000     
   4.7799999999999425        1.0000000000000000     
   4.7899999999999423        1.0000000000000000     
   4.7999999999999421        1.0000000000000000     
   4.8099999999999419        1.0000000000000000     
   4.8199999999999417        1.0000000000000000     
   4.8299999999999415        1.0000000000000000     
   4.8399999999999412        1.0000000000000000     
   4.8499999999999410        1.0000000000000000     
   4.8599999999999408        1.0000000000000000     
   4.8699999999999406        1.0000000000000000     
   4.8799999999999404        1.0000000000000000     
   4.8899999999999402        1.0000000000000000     
   4.8999999999999400        1.0000000000000000     
   4.9099999999999397        1.0000000000000000     
   4.9199999999999395        1.0000000000000000     
   4.9299999999999393        1.0000000000000000     
   4.9399999999999391        1.0000000000000000     
   4.9499999999999389        1.0000000000000000     
   4.9599999999999387        1.0000000000000000     
   4.9699999999999385        1.0000000000000000     
   4.9799999999999383        1.0000000000000000     
   4.9899999999999380        1.0000000000000000     
   4.9999999999999378        1.0000000000000000     
   5.0099999999999376        1.0000000000000000     
   5.0199999999999374        1.0000000000000000     
   5.0299999999999372        1.0000000000000000     
   5.0399999999999370        1.0000000000000000     
   5.0499999999999368        1.0000000000000000     
   5.0599999999999365        1.0000000000000000     
   5.0699999999999363        1.0000000000000000     
   5.0799999999999361        1.0000000000000000     
   5.0899999999999359        1.0000000000000000     
   5.0999999999999357        1.0000000000000000     
   5.1099999999999355        1.0000000000000000     
   5.1199999999999353        1.0000000000000000     
   5.1299999999999351        1.0000000000000000     
   5.1399999999999348        1.0000000000000000     
   5.1499999999999346        1.0000000000000000     
   5.1599999999999344        1.0000000000000000     
   5.1699999999999342        1.0000000000000000     
   5.1799999999999340        1.0000000000000000     
   5.1899999999999338        1.0000000000000000     
   5.1999999999999336        1.0000000000000000     
   5.2099999999999334        1.0000000000000000     
   5.2199999999999331        1.0000000000000000     
   5.2299999999999329        1.0000000000000000     
   5.2399999999999327        1.0000000000000000     
   5.2499999999999325        1.0000000000000000     
   5.2599999999999323        1.0000000000000000     
   5.2699999999999321        1.0000000000000000     
   5.2799999999999319        1.0000000000000000     
   5.2899999999999316        1.0000000000000000     
   5.2999999999999314        1.0000000000000000     
   5.3099999999999312        1.0000000000000000     
   5.3199999999999310        1.0000000000000000     
   5.3299999999999308        1.0000000000000000     
   5.3399999999999306        1.0000000000000000     
   5.3499999999999304        1.0000000000000000     
   5.3599999999999302        1.0000000000000000     
   5.3699999999999299        1.0000000000000000     
   5.3799999999999297        1.0000000000000000     
   5.3899999999999295        1.0000000000000000     
   5.3999999999999293        1.0000000000000000     
   5.4099999999999291        1.0000000000000000     
   5.4199999999999289        1.0000000000000000     
   5.4299999999999287        1.0000000000000000     
   5.4399999999999284        1.0000000000000000     
   5.4499999999999282        1.0000000000000000     
   5.4599999999999280        1.0000000000000000     
   5.4699999999999278        1.0000000000000000     
   5.4799999999999276        1.0000000000000000     
   5.4899999999999274        1.0000000000000000     
   5.4999999999999272        1.0000000000000000     
   5.5099999999999270        1.0000000000000000     
   5.5199999999999267        1.0000000000000000     
   5.5299999999999265        1.0000000000000000     
   5.5399999999999263        1.0000000000000000     
   5.5499999999999261        1.0000000000000000     
   5.5599999999999259        1.0000000000000000     
   5.5699999999999257        1.0000000000000000     
   5.5799999999999255        1.0000000000000000     
   5.5899999999999253        1.0000000000000000     
   5.5999999999999250        1.0000000000000000     
   5.6099999999999248        1.0000000000000000     
   5.6199999999999246        1.0000000000000000     
   5.6299999999999244        1.0000000000000000     
   5.6399999999999242        1.0000000000000000     
   5.6499999999999240        1.0000000000000000     
   5.6599999999999238        1.0000000000000000     
   5.6699999999999235        1.0000000000000000     
   5.6799999999999233        1.0000000000000000     
   5.6899999999999231        1.0000000000000000     
   5.6999999999999229        1.0000000000000000     
   5.7099999999999227        1.0000000000000000     
   5.7199999999999225        1.0000000000000000     
   5.7299999999999223        1.0000000000000000     
   5.7399999999999221        1.0000000000000000     
   5.7499999999999218        1.0000000000000000     
   5.7599999999999216        1.0000000000000000     
   5.7699999999999214        1.0000000000000000     
   5.7799999999999212        1.0000000000000000     
   5.7899999999999210        1.0000000000000000     
   5.7999999999999208        1.0000000000000000     
   5.8099999999999206        1.0000000000000000     
   5.8199999999999203        1.0000000000000000     
   5.8299999999999201        1.0000000000000000     
   5.8399999999999199        1.0000000000000000     
   5.8499999999999197        1.0000000000000000     
   5.8599999999999195        1.0000000000000000     
   5.8699999999999193        1.0000000000000000     
   5.8799999999999191        1.0000000000000000     
   5.8899999999999189        1.0000000000000000     
   5.8999999999999186        1.0000000000000000     
   5.9099999999999184        1.0000000000000000     
   5.9199999999999182        1.0000000000000000     
   5.9299999999999180        1.0000000000000000     
   5.9399999999999178        1.0000000000000000     
   5.9499999999999176        1.0000000000000000     
   5.9599999999999174        1.0000000000000000     
   5.9699999999999172        1.0000000000000000     
   5.9799999999999169        1.0000000000000000     
   5.9899999999999167        1.0000000000000000     
   5.9999999999999165        1.0000000000000000     
   6.0099999999999163        1.0000000000000000     
   6.0199999999999161        1.0000000000000000     
   6.0299999999999159        1.0000000000000000     
   6.0399999999999157        1.0000000000000000     
   6.0499999999999154        1.0000000000000000     
   6.0599999999999152        1.0000000000000000     
   6.0699999999999150        1.0000000000000000     
   6.0799999999999148        1.0000000000000000     
   6.0899999999999146        1.0000000000000000     
   6.0999999999999144        1.0000000000000000     
   6.1099999999999142        1.0000000000000000     
   6.1199999999999140        1.0000000000000000     
   6.1299999999999137        1.0000000000000000     
   6.1399999999999135        1.0000000000000000     
   6.1499999999999133        1.0000000000000000     
   6.1599999999999131        1.0000000000000000     
   6.1699999999999129        1.0000000000000000     
   6.1799999999999127        1.0000000000000000     
   6.1899999999999125        1.0000000000000000     
   6.1999999999999122        1.0000000000000000     
   6.2099999999999120        1.0000000000000000     
   6.2199999999999118        1.0000000000000000     
   6.2299999999999116        1.0000000000000000     
   6.2399999999999114        1.0000000000000000     
   6.2499999999999112        1.0000000000000000     
   6.2599999999999110        1.0000000000000000     
   6.2699999999999108        1.0000000000000000     
   6.2799999999999105        1.0000000000000000     
   6.2899999999999103        1.0000000000000000     
   6.2999999999999101        1.0000000000000000     
   6.3099999999999099        1.0000000000000000     
   6.3199999999999097        1.0000000000000000     
   6.3299999999999095        1.0000000000000000     
   6.3399999999999093        1.0000000000000000     
   6.3499999999999091        1.0000000000000000     
   6.3599999999999088        1.0000000000000000     
   6.3699999999999086        1.0000000000000000     
   6.3799999999999084        1.0000000000000000     
   6.3899999999999082        1.0000000000000000     
   6.3999999999999080        1.0000000000000000     
   6.4099999999999078        1.0000000000000000     
   6.4199999999999076        1.0000000000000000     
   6.4299999999999073        1.0000000000000000     
   6.4399999999999071        1.0000000000000000     
   6.4499999999999069        1.0000000000000000     
   6.4599999999999067        1.0000000000000000     
   6.4699999999999065        1.0000000000000000     
   6.4799999999999063        1.0000000000000000     
   6.4899999999999061        1.0000000000000000     
   6.4999999999999059        1.0000000000000000     
   6.5099999999999056        1.0000000000000000     
   6.5199999999999054        1.0000000000000000     
   6.5299999999999052        1.0000000000000000     
   6.5399999999999050        1.0000000000000000     
   6.5499999999999048        1.0000000000000000     
   6.5599999999999046        1.0000000000000000     
   6.5699999999999044        1.0000000000000000     
   6.5799999999999041        1.0000000000000000     
   6.5899999999999039        1.0000000000000000     
   6.5999999999999037        1.0000000000000000     
   6.6099999999999035        1.0000000000000000     
   6.6199999999999033        1.0000000000000000     
   6.6299999999999031        1.0000000000000000     
   6.6399999999999029        1.0000000000000000     
   6.6499999999999027        1.0000000000000000     
   6.6599999999999024        1.0000000000000000     
   6.6699999999999022        1.0000000000000000     
   6.6799999999999020        1.0000000000000000     
   6.6899999999999018        1.0000000000000000     
   6.6999999999999016        1.0000000000000000     
   6.7099999999999014        1.0000000000000000     
   6.7199999999999012        1.0000000000000000     
   6.7299999999999010        1.0000000000000000     
   6.7399999999999007        1.0000000000000000     
   6.7499999999999005        1.0000000000000000     
   6.7599999999999003        1.0000000000000000     
   6.7699999999999001        1.0000000000000000     
   6.7799999999998999        1.0000000000000000     
   6.7899999999998997        1.0000000000000000     
   6.7999999999998995        1.0000000000000000     
   6.8099999999998992        1.0000000000000000     
   6.8199999999998990        1.0000000000000000     
   6.8299999999998988        1.0000000000000000     
   6.8399999999998986        1.0000000000000000     
   6.8499999999998984        1.0000000000000000     
   6.8599999999998982        1.0000000000000000     
   6.8699999999998980        1.0000000000000000     
   6.8799999999998978        1.0000000000000000     
   6.8899999999998975        1.0000000000000000     
   6.8999999999998973        1.0000000000000000     
   6.9099999999998971        1.0000000000000000     
   6.9199999999998969        1.0000000000000000     
   6.9299999999998967        1.0000000000000000     
   6.9399999999998965        1.0000000000000000     
   6.9499999999998963        1.0000000000000000     
   6.9599999999998960        1.0000000000000000     
   6.9699999999998958        1.0000000000000000     
   6.9799999999998956        1.0000000000000000     
   6.9899999999998954        1.0000000000000000     
   6.9999999999998952        1.0000000000000000     
   7.0099999999998950        1.0000000000000000     
   7.0199999999998948        1.0000000000000000     
   7.0299999999998946        1.0000000000000000     
   7.0399999999998943        1.0000000000000000     
   7.0499999999998941        1.0000000000000000     
   7.0599999999998939        1.0000000000000000     
   7.0699999999998937        1.0000000000000000     
   7.0799999999998935        1.0000000000000000     
   7.0899999999998933        1.0000000000000000     
   7.0999999999998931        1.0000000000000000     
   7.1099999999998929        1.0000000000000000     
   7.1199999999998926        1.0000000000000000     
   7.1299999999998924        1.0000000000000000     
   7.1399999999998922        1.0000000000000000     
   7.1499999999998920        1.0000000000000000     
   7.1599999999998918        1.0000000000000000     
   7.1699999999998916        1.0000000000000000     
   7.1799999999998914        1.0000000000000000     
   7.1899999999998911        1.0000000000000000     
   7.1999999999998909        1.0000000000000000     
   7.2099999999998907        1.0000000000000000     
   7.2199999999998905        1.0000000000000000     
   7.2299999999998903        1.0000000000000000     
   7.2399999999998901        1.0000000000000000     
   7.2499999999998899        1.0000000000000000     
   7.2599999999998897        1.0000000000000000     
   7.2699999999998894        1.0000000000000000     
   7.2799999999998892        1.0000000000000000     
   7.2899999999998890        1.0000000000000000     
   7.2999999999998888        1.0000000000000000     
   7.3099999999998886        1.0000000000000000     
   7.3199999999998884        1.0000000000000000     
   7.3299999999998882        1.0000000000000000     
   7.3399999999998879        1.0000000000000000     
   7.3499999999998877        1.0000000000000000     
   7.3599999999998875        1.0000000000000000     
   7.3699999999998873        1.0000000000000000     
   7.3799999999998871        1.0000000000000000     
   7.3899999999998869        1.0000000000000000     
   7.3999999999998867        1.0000000000000000     
   7.4099999999998865        1.0000000000000000     
   7.4199999999998862        1.0000000000000000     
   7.4299999999998860        1.0000000000000000     
   7.4399999999998858        1.0000000000000000     
   7.4499999999998856        1.0000000000000000     
   7.4599999999998854        1.0000000000000000     
   7.4699999999998852        1.0000000000000000     
   7.4799999999998850        1.0000000000000000     
   7.4899999999998847        1.0000000000000000     
   7.4999999999998845        1.0000000000000000     
   7.5099999999998843        1.0000000000000000     
   7.5199999999998841        1.0000000000000000     
   7.5299999999998839        1.0000000000000000     
   7.5399999999998837        1.0000000000000000     
   7.5499999999998835        1.0000000000000000     
   7.5599999999998833        1.0000000000000000     
   7.5699999999998830        1.0000000000000000     
   7.5799999999998828        1.0000000000000000     
   7.5899999999998826        1.0000000000000000     
   7.5999999999998824        1.0000000000000000     
   7.6099999999998822        1.0000000000000000     
   7.6199999999998820        1.0000000000000000     
   7.6299999999998818        1.0000000000000000     
   7.6399999999998816        1.0000000000000000     
   7.6499999999998813        1.0000000000000000     
   7.6599999999998811        1.0000000000000000     
   7.6699999999998809        1.0000000000000000     
   7.6799999999998807        1.0000000000000000     
   7.6899999999998805        1.0000000000000000     
   7.6999999999998803        1.0000000000000000     
   7.7099999999998801        1.0000000000000000     
   7.7199999999998798        1.0000000000000000     
   7.7299999999998796        1.0000000000000000     
   7.7399999999998794        1.0000000000000000     
   7.7499999999998792        1.0000000000000000     
   7.7599999999998790        1.0000000000000000     
   7.7699999999998788        1.0000000000000000     
   7.7799999999998786        1.0000000000000000     
   7.7899999999998784        1.0000000000000000     
   7.7999999999998781        1.0000000000000000     
   7.8099999999998779        1.0000000000000000     
   7.8199999999998777        1.0000000000000000     
   7.8299999999998775        1.0000000000000000     
   7.8399999999998773        1.0000000000000000     
   7.8499999999998771        1.0000000000000000     
   7.8599999999998769        1.0000000000000000     
   7.8699999999998766        1.0000000000000000     
   7.8799999999998764        1.0000000000000000     
   7.8899999999998762        1.0000000000000000     
   7.8999999999998760        1.0000000000000000     
   7.9099999999998758        1.0000000000000000     
   7.9199999999998756        1.0000000000000000     
   7.9299999999998754        1.0000000000000000     
   7.9399999999998752        1.0000000000000000     
   7.9499999999998749        1.0000000000000000     
   7.9599999999998747        1.0000000000000000     
   7.9699999999998745        1.0000000000000000     
   7.9799999999998743        1.0000000000000000     
   7.9899999999998741        1.0000000000000000     
   7.9999999999998739        1.0000000000000000     
   8.0099999999998737        1.0000000000000000     
   8.0199999999998735        1.0000000000000000     
   8.0299999999998732        1.0000000000000000     
   8.0399999999998730        1.0000000000000000     
   8.0499999999998728        1.0000000000000000     
   8.0599999999998726        1.0000000000000000     
   8.0699999999998724        1.0000000000000000     
   8.0799999999998722        1.0000000000000000     
   8.0899999999998720        1.0000000000000000     
   8.0999999999998717        1.0000000000000000     
   8.1099999999998715        1.0000000000000000     
   8.1199999999998713        1.0000000000000000     
   8.1299999999998711        1.0000000000000000     
   8.1399999999998709        1.0000000000000000     
   8.1499999999998707        1.0000000000000000     
   8.1599999999998705        1.0000000000000000     
   8.1699999999998703        1.0000000000000000     
   8.1799999999998700        1.0000000000000000     
   8.1899999999998698        1.0000000000000000     
   8.1999999999998696        1.0000000000000000     
   8.2099999999998694        1.0000000000000000     
   8.2199999999998692        1.0000000000000000     
   8.2299999999998690        1.0000000000000000     
   8.2399999999998688        1.0000000000000000     
   8.2499999999998685        1.0000000000000000     
   8.2599999999998683        1.0000000000000000     
   8.2699999999998681        1.0000000000000000     
   8.2799999999998679        1.0000000000000000     
   8.2899999999998677        1.0000000000000000     
   8.2999999999998675        1.0000000000000000     
   8.3099999999998673        1.0000000000000000     
   8.3199999999998671        1.0000000000000000     
   8.3299999999998668        1.0000000000000000     
   8.3399999999998666        1.0000000000000000     
   8.3499999999998664        1.0000000000000000     
   8.3599999999998662        1.0000000000000000     
   8.3699999999998660        1.0000000000000000     
   8.3799999999998658        1.0000000000000000     
   8.3899999999998656        1.0000000000000000     
   8.3999999999998654        1.0000000000000000     
   8.4099999999998651        1.0000000000000000     
   8.4199999999998649        1.0000000000000000     
   8.4299999999998647        1.0000000000000000     
   8.4399999999998645        1.0000000000000000     
   8.4499999999998643        1.0000000000000000     
   8.4599999999998641        1.0000000000000000     
   8.4699999999998639        1.0000000000000000     
   8.4799999999998636        1.0000000000000000     
   8.4899999999998634        1.0000000000000000     
   8.4999999999998632        1.0000000000000000     
   8.5099999999998630        1.0000000000000000     
   8.5199999999998628        1.0000000000000000     
   8.5299999999998626        1.0000000000000000     
   8.5399999999998624        1.0000000000000000     
   8.5499999999998622        1.0000000000000000     
   8.5599999999998619        1.0000000000000000     
   8.5699999999998617        1.0000000000000000     
   8.5799999999998615        1.0000000000000000     
   8.5899999999998613        1.0000000000000000     
   8.5999999999998611        1.0000000000000000     
   8.6099999999998609        1.0000000000000000     
   8.6199999999998607        1.0000000000000000     
   8.6299999999998604        1.0000000000000000     
   8.6399999999998602        1.0000000000000000     
   8.6499999999998600        1.0000000000000000     
   8.6599999999998598        1.0000000000000000     
   8.6699999999998596        1.0000000000000000     
   8.6799999999998594        1.0000000000000000     
   8.6899999999998592        1.0000000000000000     
   8.6999999999998590        1.0000000000000000     
   8.7099999999998587        1.0000000000000000     
   8.7199999999998585        1.0000000000000000     
   8.7299999999998583        1.0000000000000000     
   8.7399999999998581        1.0000000000000000     
   8.7499999999998579        1.0000000000000000     
   8.7599999999998577        1.0000000000000000     
   8.7699999999998575        1.0000000000000000     
   8.7799999999998573        1.0000000000000000     
   8.7899999999998570        1.0000000000000000     
   8.7999999999998568        1.0000000000000000     
   8.8099999999998566        1.0000000000000000     
   8.8199999999998564        1.0000000000000000     
   8.8299999999998562        1.0000000000000000     
   8.8399999999998560        1.0000000000000000     
   8.8499999999998558        1.0000000000000000     
   8.8599999999998555        1.0000000000000000     
   8.8699999999998553        1.0000000000000000     
   8.8799999999998551        1.0000000000000000     
   8.8899999999998549        1.0000000000000000     
   8.8999999999998547        1.0000000000000000     
   8.9099999999998545        1.0000000000000000     
   8.9199999999998543        1.0000000000000000     
   8.9299999999998541        1.0000000000000000     
   8.9399999999998538        1.0000000000000000     
   8.9499999999998536        1.0000000000000000     
   8.9599999999998534        1.0000000000000000     
   8.9699999999998532        1.0000000000000000     
   8.9799999999998530        1.0000000000000000     
   8.9899999999998528        1.0000000000000000     
   8.9999999999998526        1.0000000000000000     
   9.0099999999998523        1.0000000000000000     
   9.0199999999998521        1.0000000000000000     
   9.0299999999998519        1.0000000000000000     
   9.0399999999998517        1.0000000000000000     
   9.0499999999998515        1.0000000000000000     
   9.0599999999998513        1.0000000000000000     
   9.0699999999998511        1.0000000000000000     
   9.0799999999998509        1.0000000000000000     
   9.0899999999998506        1.0000000000000000     
   9.0999999999998504        1.0000000000000000     
   9.1099999999998502        1.0000000000000000     
   9.1199999999998500        1.0000000000000000     
   9.1299999999998498        1.0000000000000000     
   9.1399999999998496        1.0000000000000000     
   9.1499999999998494        1.0000000000000000     
   9.1599999999998492        1.0000000000000000     
   9.1699999999998489        1.0000000000000000     
   9.1799999999998487        1.0000000000000000     
   9.1899999999998485        1.0000000000000000     
   9.1999999999998483        1.0000000000000000     
   9.2099999999998481        1.0000000000000000     
   9.2199999999998479        1.0000000000000000     
   9.2299999999998477        1.0000000000000000     
   9.2399999999998474        1.0000000000000000     
   9.2499999999998472        1.0000000000000000     
   9.2599999999998470        1.0000000000000000     
   9.2699999999998468        1.0000000000000000     
   9.2799999999998466        1.0000000000000000     
   9.2899999999998464        1.0000000000000000     
   9.2999999999998462        1.0000000000000000     
   9.3099999999998460        1.0000000000000000     
   9.3199999999998457        1.0000000000000000     
   9.3299999999998455        1.0000000000000000     
   9.3399999999998453        1.0000000000000000     
   9.3499999999998451        1.0000000000000000     
   9.3599999999998449        1.0000000000000000     
   9.3699999999998447        1.0000000000000000     
   9.3799999999998445        1.0000000000000000     
   9.3899999999998442        1.0000000000000000     
   9.3999999999998440        1.0000000000000000     
   9.4099999999998438        1.0000000000000000     
   9.4199999999998436        1.0000000000000000     
   9.4299999999998434        1.0000000000000000     
   9.4399999999998432        1.0000000000000000     
   9.4499999999998430        1.0000000000000000     
   9.4599999999998428        1.0000000000000000     
   9.4699999999998425        1.0000000000000000     
   9.4799999999998423        1.0000000000000000     
   9.4899999999998421        1.0000000000000000     
   9.4999999999998419        1.0000000000000000     
   9.5099999999998417        1.0000000000000000     
   9.5199999999998415        1.0000000000000000     
   9.5299999999998413        1.0000000000000000     
   9.5399999999998411        1.0000000000000000     
   9.5499999999998408        1.0000000000000000     
   9.5599999999998406        1.0000000000000000     
   9.5699999999998404        1.0000000000000000     
   9.5799999999998402        1.0000000000000000     
   9.5899999999998400        1.0000000000000000     
   9.5999999999998398        1.0000000000000000     
   9.6099999999998396        1.0000000000000000     
   9.6199999999998393        1.0000000000000000     
   9.6299999999998391        1.0000000000000000     
   9.6399999999998389        1.0000000000000000     
   9.6499999999998387        1.0000000000000000     
   9.6599999999998385        1.0000000000000000     
   9.6699999999998383        1.0000000000000000     
   9.6799999999998381        1.0000000000000000     
   9.6899999999998379        1.0000000000000000     
   9.6999999999998376        1.0000000000000000     
   9.7099999999998374        1.0000000000000000     
   9.7199999999998372        1.0000000000000000     
   9.7299999999998370        1.0000000000000000     
   9.7399999999998368        1.0000000000000000     
   9.7499999999998366        1.0000000000000000     
   9.7599999999998364        1.0000000000000000     
   9.7699999999998361        1.0000000000000000     
   9.7799999999998359        1.0000000000000000     
   9.7899999999998357        1.0000000000000000     
   9.7999999999998355        1.0000000000000000     
   9.8099999999998353        1.0000000000000000     
   9.8199999999998351        1.0000000000000000     
   9.8299999999998349        1.0000000000000000     
   9.8399999999998347        1.0000000000000000     
   9.8499999999998344        1.0000000000000000     
   9.8599999999998342        1.0000000000000000     
   9.8699999999998340        1.0000000000000000     
   9.8799999999998338        1.0000000000000000     
   9.8899999999998336        1.0000000000000000     
   9.8999999999998334        1.0000000000000000     
   9.9099999999998332        1.0000000000000000     
   9.9199999999998330        1.0000000000000000     
   9.9299999999998327        1.0000000000000000     
   9.9399999999998325        1.0000000000000000     
   9.9499999999998323        1.0000000000000000     
   9.9599999999998321        1.0000000000000000     
   9.9699999999998319        1.0000000000000000     
   9.9799999999998317        1.0000000000000000     
   9.9899999999998315        1.0000000000000000     
   9.9999999999998312        1.0000000000000000     
