   0.0000000000000000        3.2381504884900401E-017
   1.0000000000000000E-002   7.6793940847965281E-004
   2.0000000000000000E-002   1.5429983479528276E-003
   2.9999999999999999E-002   2.3323463377643572E-003
   4.0000000000000001E-002   3.1432526449324074E-003
   5.0000000000000003E-002   3.9831355638587085E-003
   6.0000000000000005E-002   4.8596109224713357E-003
   7.0000000000000007E-002   5.7805394551617845E-003
   8.0000000000000002E-002   6.7540725942387735E-003
   8.9999999999999997E-002   7.7886961193430011E-003
   9.9999999999999992E-002   8.8932709678024302E-003
  0.10999999999999999        1.0077070348066703E-002
  0.11999999999999998        1.1349812113616742E-002
  0.12999999999999998        1.2721685147595274E-002
  0.13999999999999999        1.4203368281850653E-002
  0.14999999999999999        1.5806040033145969E-002
  0.16000000000000000        1.7541377191655699E-002
  0.17000000000000001        1.9421540053556976E-002
  0.18000000000000002        2.1459141865569128E-002
  0.19000000000000003        2.3667199864372008E-002
  0.20000000000000004        2.6059065172738569E-002
  0.21000000000000005        2.8648328787001662E-002
  0.22000000000000006        3.1448700992128036E-002
  0.23000000000000007        3.4473861810078457E-002
  0.24000000000000007        3.7737280565084401E-002
  0.25000000000000006        4.1252003375503332E-002
  0.26000000000000006        4.5030408389872684E-002
  0.27000000000000007        4.9083929896899449E-002
  0.28000000000000008        5.3422754059115479E-002
  0.29000000000000009        5.8055490925201965E-002
  0.30000000000000010        6.2988829510179908E-002
  0.31000000000000011        6.8227184999540627E-002
  0.32000000000000012        7.3772349393819367E-002
  0.33000000000000013        7.9623158983857786E-002
  0.34000000000000014        8.5775193721026474E-002
  0.35000000000000014        9.2220524590964373E-002
  0.36000000000000015        9.8947525290359925E-002
  0.37000000000000016       0.10594076365619916     
  0.38000000000000017       0.11318098628599223     
  0.39000000000000018       0.12064520659396087     
  0.40000000000000019       0.12830690227000294     
  0.41000000000000020       0.13613632297114361     
  0.42000000000000021       0.14410090342242443     
  0.43000000000000022       0.15216577136714007     
  0.44000000000000022       0.16029433445832422     
  0.45000000000000023       0.16844892568326864     
  0.46000000000000024       0.17659148364770502     
  0.47000000000000025       0.18468424228322824     
  0.48000000000000026       0.19269040439714616     
  0.49000000000000027       0.20057477491614165     
  0.50000000000000022       0.20830433249772420     
  0.51000000000000023       0.21584872209889772     
  0.52000000000000024       0.22318065573455667     
  0.53000000000000025       0.23027621364194284     
  0.54000000000000026       0.23711504302459974     
  0.55000000000000027       0.24368045616289513     
  0.56000000000000028       0.24995943370170196     
  0.57000000000000028       0.25594254219096552     
  0.58000000000000029       0.26162377737088255     
  0.59000000000000030       0.26700034623975555     
  0.60000000000000031       0.27207240165800856     
  0.61000000000000032       0.27684274321118690     
  0.62000000000000033       0.28131649739548509     
  0.63000000000000034       0.28550078903807680     
  0.64000000000000035       0.28940441436479308     
  0.65000000000000036       0.29303752441907777     
  0.66000000000000036       0.29641132574556106     
  0.67000000000000037       0.29953780348695996     
  0.68000000000000038       0.30242947038951035     
  0.69000000000000039       0.30509914373093405     
  0.70000000000000040       0.30755975091407034     
  0.71000000000000041       0.30982416342611946     
  0.72000000000000042       0.31190505804827862     
  0.73000000000000043       0.31381480360067043     
  0.74000000000000044       0.31556537110118182     
  0.75000000000000044       0.31716826497723527     
  0.76000000000000045       0.31863447286743279     
  0.77000000000000046       0.31997443155662625     
  0.78000000000000047       0.32119800667629733     
  0.79000000000000048       0.32231448394830037     
  0.80000000000000049       0.32333256993366932     
  0.81000000000000050       0.32426040045270521     
  0.82000000000000051       0.32510555505487221     
  0.83000000000000052       0.32587507612731964     
  0.84000000000000052       0.32657549143207865     
  0.85000000000000053       0.32721283904949744     
  0.86000000000000054       0.32779269387642956     
  0.87000000000000055       0.32832019498075887     
  0.88000000000000056       0.32880007324873606     
  0.89000000000000057       0.32923667887883240     
  0.90000000000000058       0.32963400837639539     
  0.91000000000000059       0.32999573078866901     
  0.92000000000000060       0.33032521299121570     
  0.93000000000000060       0.33062554389602178     
  0.94000000000000061       0.33089955750010763     
  0.95000000000000062       0.33114985473276765     
  0.96000000000000063       0.33137882409099123     
  0.97000000000000064       0.33158866107737706     
  0.98000000000000065       0.33178138647404259     
  0.99000000000000066       0.33195886350061377     
   1.0000000000000007       0.33212281391517595     
   1.0100000000000007       0.33227483312478562     
   1.0200000000000007       0.33241640437738507     
   1.0300000000000007       0.33254891211023768     
   1.0400000000000007       0.33267365453170156     
   1.0500000000000007       0.33279185551364626     
   1.0600000000000007       0.33290467587134248     
   1.0700000000000007       0.33301322410641970     
   1.0800000000000007       0.33311856668666295     
   1.0900000000000007       0.33322173793409282     
   1.1000000000000008       0.33332374959000899     
   1.1100000000000008       0.33342560012249717     
   1.1200000000000008       0.33352828383827676     
   1.1300000000000008       0.33363279985664573     
   1.1400000000000008       0.33374016099856324     
   1.1500000000000008       0.33385140263845203     
   1.1600000000000008       0.33396759155994560     
   1.1700000000000008       0.33408983484929983     
   1.1800000000000008       0.33421928885129665     
   1.1900000000000008       0.33435716820185718     
   1.2000000000000008       0.33450475493890558     
   1.2100000000000009       0.33466340767786112     
   1.2200000000000009       0.33483457082004781     
   1.2300000000000009       0.33501978374079783     
   1.2400000000000009       0.33522068987855297     
   1.2500000000000009       0.33543904561634957     
   1.2600000000000009       0.33567672881214222     
   1.2700000000000009       0.33593574679407662     
   1.2800000000000009       0.33621824359068747     
   1.2900000000000009       0.33652650611393892     
   1.3000000000000009       0.33686296895515672     
   1.3100000000000009       0.33723021739075493     
   1.3200000000000010       0.33763098812729481     
   1.3300000000000010       0.33806816724561700     
   1.3400000000000010       0.33854478473424993     
   1.3500000000000010       0.33906400493679828     
   1.3600000000000010       0.33962911218168917     
   1.3700000000000010       0.34024349082205535     
   1.3800000000000010       0.34091059889687686     
   1.3900000000000010       0.34163393464150288     
   1.4000000000000010       0.34241699513751128     
   1.4100000000000010       0.34326322651060975     
   1.4200000000000010       0.34417596527326094     
   1.4300000000000010       0.34515837067723248     
   1.4400000000000011       0.34621334829915718     
   1.4500000000000011       0.34734346553364176     
   1.4600000000000011       0.34855086021080450     
   1.4700000000000011       0.34983714417624623     
   1.4800000000000011       0.35120330434746999     
   1.4900000000000011       0.35264960445434146     
   1.5000000000000011       0.35417549133101395     
   1.5100000000000011       0.35577951018885640     
   1.5200000000000011       0.35745923369132582     
   1.5300000000000011       0.35921120979668403     
   1.5400000000000011       0.36103093316333318     
   1.5500000000000012       0.36291284437247717     
   1.5600000000000012       0.36485036028902945     
   1.5700000000000012       0.36683593756740990     
   1.5800000000000012       0.36886116967188459     
   1.5900000000000012       0.37091691592456127     
   1.6000000000000012       0.37299345916061721     
   1.6100000000000012       0.37508068672835887     
   1.6200000000000012       0.37716828799648833     
   1.6300000000000012       0.37924596038166286     
   1.6400000000000012       0.38130361530692197     
   1.6500000000000012       0.38333157551070490     
   1.6600000000000013       0.38532075574603092     
   1.6700000000000013       0.38726282007342006     
   1.6800000000000013       0.38915031053706883     
   1.6900000000000013       0.39097674386178505     
   1.7000000000000013       0.39273667474290530     
   1.7100000000000013       0.39442572615479765     
   1.7200000000000013       0.39604058873401787     
   1.7300000000000013       0.39757899259877733     
   1.7400000000000013       0.39903965589061824     
   1.7500000000000013       0.40042221485501622     
   1.7600000000000013       0.40172714044076335     
   1.7700000000000014       0.40295564624689767     
   1.7800000000000014       0.40410959225063320     
   1.7900000000000014       0.40519138818592709     
   1.8000000000000014       0.40620389978289401     
   1.8100000000000014       0.40715036038685543     
   1.8200000000000014       0.40803428980337020     
   1.8300000000000014       0.40885942159906824     
   1.8400000000000014       0.40962963955104525     
   1.8500000000000014       0.41034892349180740     
   1.8600000000000014       0.41102130444474344     
   1.8700000000000014       0.41165082868246167     
   1.8800000000000014       0.41224153015819387     
   1.8900000000000015       0.41279741064741565     
   1.9000000000000015       0.41332242688058057     
   1.9100000000000015       0.41382048393628174     
   1.9200000000000015       0.41429543418611775     
   1.9300000000000015       0.41475108112827402     
   1.9400000000000015       0.41519118750816614     
   1.9500000000000015       0.41561948719476066     
   1.9600000000000015       0.41603970035526272     
   1.9700000000000015       0.41645555154478048     
   1.9800000000000015       0.41687079039853625     
   1.9900000000000015       0.41728921468019098     
   2.0000000000000013       0.41771469549954293     
   2.0100000000000011       0.41815120456537436     
   2.0200000000000009       0.41860284338402232     
   2.0300000000000007       0.41907387435092408     
   2.0400000000000005       0.41956875371067870     
   2.0500000000000003       0.42009216638068891     
   2.0600000000000001       0.42064906264385077     
   2.0699999999999998       0.42124469671640719     
   2.0799999999999996       0.42188466718725898     
   2.0899999999999994       0.42257495930370642     
   2.0999999999999992       0.42332198904451768     
   2.1099999999999990       0.42413264887288543     
   2.1199999999999988       0.42501435499738299     
   2.1299999999999986       0.42597509588649457     
   2.1399999999999983       0.42702348167933302     
   2.1499999999999981       0.42816879400940328     
   2.1599999999999979       0.42942103560731582     
   2.1699999999999977       0.43079097886983897     
   2.1799999999999975       0.43229021237472348     
   2.1899999999999973       0.43393118408202053     
   2.1999999999999971       0.43572723969290861     
   2.2099999999999969       0.43769265433766047     
   2.2199999999999966       0.43984265543874407     
   2.2299999999999964       0.44219343424943425     
   2.2399999999999962       0.44476214321263224     
   2.2499999999999960       0.44756687593320787     
   2.2599999999999958       0.45062662622979260     
   2.2699999999999956       0.45396122245426024     
   2.2799999999999954       0.45759123307135779     
   2.2899999999999952       0.46153783941582965     
   2.2999999999999949       0.46582267163458502     
   2.3099999999999947       0.47046760412605143     
   2.3199999999999945       0.47549450735854260     
   2.3299999999999943       0.48092495383264894     
   2.3399999999999941       0.48677987718973298     
   2.3499999999999939       0.49307918508522319     
   2.3599999999999937       0.49984132844442192     
   2.3699999999999934       0.50708283207192217     
   2.3799999999999932       0.51481779422708984     
   2.3899999999999930       0.52305736559761129     
   2.3999999999999928       0.53180922094634497     
   2.4099999999999926       0.54107703937884410     
   2.4199999999999924       0.55086001145551966     
   2.4299999999999922       0.56115239301735109     
   2.4399999999999920       0.57194312638282419     
   2.4499999999999917       0.58321554932049480     
   2.4599999999999915       0.59494721078526391     
   2.4699999999999913       0.60710980979247542     
   2.4799999999999911       0.61966927005606520     
   2.4899999999999909       0.63258595829700959     
   2.4999999999999907       0.64581504868277495     
   2.5099999999999905       0.65930702999435919     
   2.5199999999999902       0.67300834617168148     
   2.5299999999999900       0.68686215519608351     
   2.5399999999999898       0.70080918613910148     
   2.5499999999999896       0.71478866990332091     
   2.5599999999999894       0.72873931591544749     
   2.5699999999999892       0.74260030496079343     
   2.5799999999999890       0.75631226757622871     
   2.5899999999999888       0.76981821799551919     
   2.5999999999999885       0.78306441555910944     
   2.6099999999999883       0.79600112868631567     
   2.6199999999999881       0.80858328081517383     
   2.6299999999999879       0.82077096292161178     
   2.6399999999999877       0.83252980304373780     
   2.6499999999999875       0.84383118931523027     
   2.6599999999999873       0.85465234898619091     
   2.6699999999999871       0.86497629142186627     
   2.6799999999999868       0.87479162780530040     
   2.6899999999999866       0.88409228398934492     
   2.6999999999999864       0.89287712550072962     
   2.7099999999999862       0.90114951504999796     
   2.7199999999999860       0.90891682309838329     
   2.7299999999999858       0.91618991120932491     
   2.7399999999999856       0.92298260625928330     
   2.7499999999999853       0.92931118132296631     
   2.7599999999999851       0.93519385641211972     
   2.7699999999999849       0.94065032945079041     
   2.7799999999999847       0.94570134509975101     
   2.7899999999999845       0.95036830644609838     
   2.7999999999999843       0.95467293225585281     
   2.8099999999999841       0.95863696051175440     
   2.8199999999999839       0.96228189735311043     
   2.8299999999999836       0.96562880929794115     
   2.8399999999999834       0.96869815573632545     
   2.8499999999999832       0.97150965809996093     
   2.8599999999999830       0.97408220179056826     
   2.8699999999999828       0.97643376684040029     
   2.8799999999999826       0.97858138333436584     
   2.8899999999999824       0.98054110780163894     
   2.8999999999999821       0.98232801704714012     
   2.9099999999999819       0.98395621620800211     
   2.9199999999999817       0.98543885816147692     
   2.9299999999999815       0.98678817175885791     
   2.9399999999999813       0.98801549670023681     
   2.9499999999999811       0.98913132318713248     
   2.9599999999999809       0.99014533478758793     
   2.9699999999999807       0.99106645321757370     
   2.9799999999999804       0.99190288398190229     
   2.9899999999999802       0.99266216202744373     
   2.9999999999999800       0.99335119674245753     
   3.0099999999999798       0.99397631579016288     
   3.0199999999999796       0.99454330739469832     
   3.0299999999999794       0.99505746080586077     
   3.0399999999999792       0.99552360475800761     
   3.0499999999999790       0.99594614381083435     
   3.0599999999999787       0.99632909251768986     
   3.0699999999999785       0.99667610741279888     
   3.0799999999999783       0.99699051684424234     
   3.0899999999999781       0.99727534870639956     
   3.0999999999999779       0.99753335614538319     
   3.1099999999999777       0.99776704132501548     
   3.1199999999999775       0.99797867735024548     
   3.1299999999999772       0.99817032845052511     
   3.1399999999999770       0.99834386852829915     
   3.1499999999999768       0.99850099817812943     
   3.1599999999999766       0.99864326028055450     
   3.1699999999999764       0.99877205427206628     
   3.1799999999999762       0.99888864918889064     
   3.1899999999999760       0.99899419557791180     
   3.1999999999999758       0.99908973636329168     
   3.2099999999999755       0.99917621675230339     
   3.2199999999999753       0.99925449325872784     
   3.2299999999999751       0.99932534191705058     
   3.2399999999999749       0.99938946575560605     
   3.2499999999999747       0.99944750159191686     
   3.2599999999999745       0.99950002620875367     
   3.2699999999999743       0.99954756196492778     
   3.2799999999999740       0.99959058189058270     
   3.2899999999999738       0.99962951431271840     
   3.2999999999999736       0.99966474705293595     
   3.3099999999999734       0.99969663123588492     
   3.3199999999999732       0.99972548474361700     
   3.3299999999999730       0.99975159534805014     
   3.3399999999999728       0.99977522355093729     
   3.3499999999999726       0.99979660515816482     
   3.3599999999999723       0.99981595361283659     
   3.3699999999999721       0.99983346210941793     
   3.3799999999999719       0.99984930550920981     
   3.3899999999999717       0.99986364207562428     
   3.3999999999999715       0.99987661504600356     
   3.4099999999999713       0.99988835405526355     
   3.4199999999999711       0.99989897642518877     
   3.4299999999999708       0.99990858833196927     
   3.4399999999999706       0.99991728586339301     
   3.4499999999999704       0.99992515597605924     
   3.4599999999999702       0.99993227736201129     
   3.4699999999999700       0.99993872123331917     
   3.4799999999999698       0.99994455203234101     
   3.4899999999999696       0.99994982807467458     
   3.4999999999999694       0.99995460213115717     
   3.5099999999999691       0.99995892195466718     
   3.5199999999999689       0.99996283075694559     
   3.5299999999999687       0.99996636764017577     
   3.5399999999999685       0.99996956798758818     
   3.5499999999999683       0.99997246381698435     
   3.5599999999999681       0.99997508410068514     
   3.5699999999999679       0.99997745505509139     
   3.5799999999999677       0.99997960040273204     
   3.5899999999999674       0.99998154160941743     
   3.5999999999999672       0.99998329809885200     
   3.6099999999999670       0.99998488744685143     
   3.6199999999999668       0.99998632555709932     
   3.6299999999999666       0.99998762682019204     
   3.6399999999999664       0.99998880425756631     
   3.6499999999999662       0.99998986965173808     
   3.6599999999999659       0.99999083366416264     
   3.6699999999999657       0.99999170594187914     
   3.6799999999999655       0.99999249521401845     
   3.6899999999999653       0.99999320937913083     
   3.6999999999999651       0.99999385558420473     
   3.7099999999999649       0.99999444029617557     
   3.7199999999999647       0.99999496936662291     
   3.7299999999999645       0.99999544809032603     
   3.7399999999999642       0.99999588125823546     
   3.7499999999999640       0.99999627320541540     
   3.7599999999999638       0.99999662785441812     
   3.7699999999999636       0.99999694875454048     
   3.7799999999999634       0.99999723911733318     
   3.7899999999999632       0.99999750184874359     
   3.7999999999999630       0.99999773957819282     
   3.8099999999999627       0.99999795468488861     
   3.8199999999999625       0.99999814932163489     
   3.8299999999999623       0.99999832543637679     
   3.8399999999999621       0.99999848479169196     
   3.8499999999999619       0.99999862898243108     
   3.8599999999999617       0.99999875945167960     
   3.8699999999999615       0.99999887750519545     
   3.8799999999999613       0.99999898432448264     
   3.8899999999999610       0.99999908097860934     
   3.8999999999999608       0.99999916843491210     
   3.9099999999999606       0.99999924756867420     
   3.9199999999999604       0.99999931917188445     
   3.9299999999999602       0.99999938396116583     
   3.9399999999999600       0.99999944258494666     
   3.9499999999999598       0.99999949562994905     
   3.9599999999999596       0.99999954362706145     
   3.9699999999999593       0.99999958705665282     
   3.9799999999999591       0.99999962635337836     
   3.9899999999999589       0.99999966191053191     
   3.9999999999999587       0.99999969408397849     
   4.0099999999999589       0.99999972319572095     
   4.0199999999999587       0.99999974953711768     
   4.0299999999999585       0.99999977337180157     
   4.0399999999999583       0.99999979493831725     
   4.0499999999999581       0.99999981445250885     
   4.0599999999999579       0.99999983210968146     
   4.0699999999999577       0.99999984808655284     
   4.0799999999999574       0.99999986254302498     
   4.0899999999999572       0.99999987562378256     
   4.0999999999999570       0.99999988745974167     
   4.1099999999999568       0.99999989816936063     
   4.1199999999999566       0.99999990785982551     
   4.1299999999999564       0.99999991662812115     
   4.1399999999999562       0.99999992456200293     
   4.1499999999999559       0.99999993174087676     
   4.1599999999999557       0.99999993823659017     
   4.1699999999999555       0.99999994411415527     
   4.1799999999999553       0.99999994943239556     
   4.1899999999999551       0.99999995424453914     
   4.1999999999999549       0.99999995859874646     
   4.2099999999999547       0.99999996253859680     
   4.2199999999999545       0.99999996610352027     
   4.2299999999999542       0.99999996932919633     
   4.2399999999999540       0.99999997224790904     
   4.2499999999999538       0.99999997488886949     
   4.2599999999999536       0.99999997727850987     
   4.2699999999999534       0.99999997944074515     
   4.2799999999999532       0.99999998139721680     
   4.2899999999999530       0.99999998316750605     
   4.2999999999999527       0.99999998476932950     
   4.3099999999999525       0.99999998621871944     
   4.3199999999999523       0.99999998753018116     
   4.3299999999999521       0.99999998871684115     
   4.3399999999999519       0.99999998979057614     
   4.3499999999999517       0.99999999076213086     
   4.3599999999999515       0.99999999164123032     
   4.3699999999999513       0.99999999243667281     
   4.3799999999999510       0.99999999315641830     
   4.3899999999999508       0.99999999380767113     
   4.3999999999999506       0.99999999439694909     
   4.4099999999999504       0.99999999493014979     
   4.4199999999999502       0.99999999541260998     
   4.4299999999999500       0.99999999584915766     
   4.4399999999999498       0.99999999624416303     
   4.4499999999999496       0.99999999660157768     
   4.4599999999999493       0.99999999692498021     
   4.4699999999999491       0.99999999721760702     
   4.4799999999999489       0.99999999748238688     
   4.4899999999999487       0.99999999772196946     
   4.4999999999999485       0.99999999793875272     
   4.5099999999999483       0.99999999813490659     
   4.5199999999999481       0.99999999831239350     
   4.5299999999999478       0.99999999847299070     
   4.5399999999999476       0.99999999861830480     
   4.5499999999999474       0.99999999874979029     
   4.5599999999999472       0.99999999886876345     
   4.5699999999999470       0.99999999897641512     
   4.5799999999999468       0.99999999907382209     
   4.5899999999999466       0.99999999916195959     
   4.5999999999999464       0.99999999924170935     
   4.6099999999999461       0.99999999931387018     
   4.6199999999999459       0.99999999937916406     
   4.6299999999999457       0.99999999943824414     
   4.6399999999999455       0.99999999949170260     
   4.6499999999999453       0.99999999954007379     
   4.6599999999999451       0.99999999958384134     
   4.6699999999999449       0.99999999962344377     
   4.6799999999999446       0.99999999965927822     
   4.6899999999999444       0.99999999969170250     
   4.6999999999999442       0.99999999972104037     
   4.7099999999999440       0.99999999974758713     
   4.7199999999999438       0.99999999977160681     
   4.7299999999999436       0.99999999979334175     
   4.7399999999999434       0.99999999981300813     
   4.7499999999999432       0.99999999983080246     
   4.7599999999999429       0.99999999984690369     
   4.7699999999999427       0.99999999986147270     
   4.7799999999999425       0.99999999987465549     
   4.7899999999999423       0.99999999988658372     
   4.7999999999999421       0.99999999989737631     
   4.8099999999999419       0.99999999990714239     
   4.8199999999999417       0.99999999991597921     
   4.8299999999999415       0.99999999992397459     
   4.8399999999999412       0.99999999993120969     
   4.8499999999999410       0.99999999993775512     
   4.8599999999999408       0.99999999994367916     
   4.8699999999999406       0.99999999994903865     
   4.8799999999999404       0.99999999995388855     
   4.8899999999999402       0.99999999995827604     
   4.8999999999999400       0.99999999996224676     
   4.9099999999999397       0.99999999996583966     
   4.9199999999999395       0.99999999996909061     
   4.9299999999999393       0.99999999997203171     
   4.9399999999999391       0.99999999997469347     
   4.9499999999999389       0.99999999997710143     
   4.9599999999999387       0.99999999997928091     
   4.9699999999999385       0.99999999998125233     
   4.9799999999999383       0.99999999998303635     
   4.9899999999999380       0.99999999998465083     
   4.9999999999999378       0.99999999998611122     
   5.0099999999999376       0.99999999998743283     
   5.0199999999999374       0.99999999998862910     
   5.0299999999999372       0.99999999998971101     
   5.0399999999999370       0.99999999999069011     
   5.0499999999999368       0.99999999999157607     
   5.0599999999999365       0.99999999999237765     
   5.0699999999999363       0.99999999999310341     
   5.0799999999999361       0.99999999999375955     
   5.0899999999999359       0.99999999999435352     
   5.0999999999999357       0.99999999999489109     
   5.1099999999999355       0.99999999999537670     
   5.1199999999999353       0.99999999999581679     
   5.1299999999999351       0.99999999999621469     
   5.1399999999999348       0.99999999999657474     
   5.1499999999999346       0.99999999999690081     
   5.1599999999999344       0.99999999999719569     
   5.1699999999999342       0.99999999999746259     
   5.1799999999999340       0.99999999999770417     
   5.1899999999999338       0.99999999999792266     
   5.1999999999999336       0.99999999999812028     
   5.2099999999999334       0.99999999999829925     
   5.2199999999999331       0.99999999999846123     
   5.2299999999999329       0.99999999999860734     
   5.2399999999999327       0.99999999999874023     
   5.2499999999999325       0.99999999999886002     
   5.2599999999999323       0.99999999999896871     
   5.2699999999999321       0.99999999999906664     
   5.2799999999999319       0.99999999999915545     
   5.2899999999999316       0.99999999999923617     
   5.2999999999999314       0.99999999999930866     
   5.3099999999999312       0.99999999999937428     
   5.3199999999999310       0.99999999999943368     
   5.3299999999999308       0.99999999999948763     
   5.3399999999999306       0.99999999999953670     
   5.3499999999999304       0.99999999999958045     
   5.3599999999999302       0.99999999999962041     
   5.3699999999999299       0.99999999999965683     
   5.3799999999999297       0.99999999999968947     
   5.3899999999999295       0.99999999999971889     
   5.3999999999999293       0.99999999999974565     
   5.4099999999999291       0.99999999999976963     
   5.4199999999999289       0.99999999999979183     
   5.4299999999999287       0.99999999999981137     
   5.4399999999999284       0.99999999999982947     
   5.4499999999999282       0.99999999999984546     
   5.4599999999999280       0.99999999999986022     
   5.4699999999999278       0.99999999999987355     
   5.4799999999999276       0.99999999999988554     
   5.4899999999999274       0.99999999999989653     
   5.4999999999999272       0.99999999999990663     
   5.5099999999999270       0.99999999999991551     
   5.5199999999999267       0.99999999999992362     
   5.5299999999999265       0.99999999999993072     
   5.5399999999999263       0.99999999999993749     
   5.5499999999999261       0.99999999999994316     
   5.5599999999999259       0.99999999999994882     
   5.5699999999999257       0.99999999999995381     
   5.5799999999999255       0.99999999999995814     
   5.5899999999999253       0.99999999999996192     
   5.5999999999999250       0.99999999999996547     
   5.6099999999999248       0.99999999999996891     
   5.6199999999999246       0.99999999999997158     
   5.6299999999999244       0.99999999999997435     
   5.6399999999999242       0.99999999999997691     
   5.6499999999999240       0.99999999999997913     
   5.6599999999999238       0.99999999999998124     
   5.6699999999999235       0.99999999999998279     
   5.6799999999999233       0.99999999999998435     
   5.6899999999999231       0.99999999999998612     
   5.6999999999999229       0.99999999999998757     
   5.7099999999999227       0.99999999999998845     
   5.7199999999999225       0.99999999999998934     
   5.7299999999999223       0.99999999999999079     
   5.7399999999999221       0.99999999999999145     
   5.7499999999999218       0.99999999999999212     
   5.7599999999999216       0.99999999999999323     
   5.7699999999999214       0.99999999999999378     
   5.7799999999999212       0.99999999999999434     
   5.7899999999999210       0.99999999999999500     
   5.7999999999999208       0.99999999999999523     
   5.8099999999999206       0.99999999999999567     
   5.8199999999999203       0.99999999999999645     
   5.8299999999999201       0.99999999999999645     
   5.8399999999999199       0.99999999999999689     
   5.8499999999999197       0.99999999999999700     
   5.8599999999999195       0.99999999999999734     
   5.8699999999999193       0.99999999999999789     
   5.8799999999999191       0.99999999999999822     
   5.8899999999999189       0.99999999999999789     
   5.8999999999999186       0.99999999999999822     
   5.9099999999999184       0.99999999999999822     
   5.9199999999999182       0.99999999999999856     
   5.9299999999999180       0.99999999999999856     
   5.9399999999999178       0.99999999999999900     
   5.9499999999999176       0.99999999999999878     
   5.9599999999999174       0.99999999999999911     
   5.9699999999999172       0.99999999999999911     
   5.9799999999999169       0.99999999999999922     
   5.9899999999999167       0.99999999999999922     
   5.9999999999999165       0.99999999999999922     
   6.0099999999999163       0.99999999999999922     
   6.0199999999999161       0.99999999999999956     
   6.0299999999999159       0.99999999999999956     
   6.0399999999999157       0.99999999999999956     
   6.0499999999999154       0.99999999999999956     
   6.0599999999999152       0.99999999999999956     
   6.0699999999999150        1.0000000000000000     
   6.0799999999999148        1.0000000000000000     
   6.0899999999999146        1.0000000000000000     
   6.0999999999999144        1.0000000000000000     
   6.1099999999999142       0.99999999999999967     
   6.1199999999999140       0.99999999999999967     
   6.1299999999999137       0.99999999999999967     
   6.1399999999999135       0.99999999999999967     
   6.1499999999999133       0.99999999999999967     
   6.1599999999999131       0.99999999999999967     
   6.1699999999999129       0.99999999999999967     
   6.1799999999999127        1.0000000000000000     
   6.1899999999999125        1.0000000000000000     
   6.1999999999999122        1.0000000000000000     
   6.2099999999999120        1.0000000000000000     
   6.2199999999999118        1.0000000000000000     
   6.2299999999999116        1.0000000000000000     
   6.2399999999999114        1.0000000000000000     
   6.2499999999999112        1.0000000000000000     
   6.2599999999999110        1.0000000000000000     
   6.2699999999999108        1.0000000000000000     
   6.2799999999999105        1.0000000000000000     
   6.2899999999999103        1.0000000000000000     
   6.2999999999999101        1.0000000000000000     
   6.3099999999999099        1.0000000000000000     
   6.3199999999999097        1.0000000000000000     
   6.3299999999999095        1.0000000000000000     
   6.3399999999999093        1.0000000000000000     
   6.3499999999999091        1.0000000000000000     
   6.3599999999999088        1.0000000000000000     
   6.3699999999999086        1.0000000000000000     
   6.3799999999999084        1.0000000000000000     
   6.3899999999999082        1.0000000000000000     
   6.3999999999999080        1.0000000000000000     
   6.4099999999999078        1.0000000000000000     
   6.4199999999999076        1.0000000000000000     
   6.4299999999999073        1.0000000000000000     
   6.4399999999999071        1.0000000000000000     
   6.4499999999999069        1.0000000000000000     
   6.4599999999999067        1.0000000000000000     
   6.4699999999999065        1.0000000000000000     
   6.4799999999999063        1.0000000000000000     
   6.4899999999999061        1.0000000000000000     
   6.4999999999999059        1.0000000000000000     
   6.5099999999999056        1.0000000000000000     
   6.5199999999999054        1.0000000000000000     
   6.5299999999999052        1.0000000000000000     
   6.5399999999999050        1.0000000000000000     
   6.5499999999999048        1.0000000000000000     
   6.5599999999999046        1.0000000000000000     
   6.5699999999999044        1.0000000000000000     
   6.5799999999999041        1.0000000000000000     
   6.5899999999999039        1.0000000000000000     
   6.5999999999999037        1.0000000000000000     
   6.6099999999999035        1.0000000000000000     
   6.6199999999999033        1.0000000000000000     
   6.6299999999999031        1.0000000000000000     
   6.6399999999999029        1.0000000000000000     
   6.6499999999999027        1.0000000000000000     
   6.6599999999999024        1.0000000000000000     
   6.6699999999999022        1.0000000000000000     
   6.6799999999999020        1.0000000000000000     
   6.6899999999999018        1.0000000000000000     
   6.6999999999999016        1.0000000000000000     
   6.7099999999999014        1.0000000000000000     
   6.7199999999999012        1.0000000000000000     
   6.7299999999999010        1.0000000000000000     
   6.7399999999999007        1.0000000000000000     
   6.7499999999999005        1.0000000000000000     
   6.7599999999999003        1.0000000000000000     
   6.7699999999999001        1.0000000000000000     
   6.7799999999998999        1.0000000000000000     
   6.7899999999998997        1.0000000000000000     
   6.7999999999998995        1.0000000000000000     
   6.8099999999998992        1.0000000000000000     
   6.8199999999998990        1.0000000000000000     
   6.8299999999998988        1.0000000000000000     
   6.8399999999998986        1.0000000000000000     
   6.8499999999998984        1.0000000000000000     
   6.8599999999998982        1.0000000000000000     
   6.8699999999998980        1.0000000000000000     
   6.8799999999998978        1.0000000000000000     
   6.8899999999998975        1.0000000000000000     
   6.8999999999998973        1.0000000000000000     
   6.9099999999998971        1.0000000000000000     
   6.9199999999998969        1.0000000000000000     
   6.9299999999998967        1.0000000000000000     
   6.9399999999998965        1.0000000000000000     
   6.9499999999998963        1.0000000000000000     
   6.9599999999998960        1.0000000000000000     
   6.9699999999998958        1.0000000000000000     
   6.9799999999998956        1.0000000000000000     
   6.9899999999998954        1.0000000000000000     
   6.9999999999998952        1.0000000000000000     
   7.0099999999998950        1.0000000000000000     
   7.0199999999998948        1.0000000000000000     
   7.0299999999998946        1.0000000000000000     
   7.0399999999998943        1.0000000000000000     
   7.0499999999998941        1.0000000000000000     
   7.0599999999998939        1.0000000000000000     
   7.0699999999998937        1.0000000000000000     
   7.0799999999998935        1.0000000000000000     
   7.0899999999998933        1.0000000000000000     
   7.0999999999998931        1.0000000000000000     
   7.1099999999998929        1.0000000000000000     
   7.1199999999998926        1.0000000000000000     
   7.1299999999998924        1.0000000000000000     
   7.1399999999998922        1.0000000000000000     
   7.1499999999998920        1.0000000000000000     
   7.1599999999998918        1.0000000000000000     
   7.1699999999998916        1.0000000000000000     
   7.1799999999998914        1.0000000000000000     
   7.1899999999998911        1.0000000000000000     
   7.1999999999998909        1.0000000000000000     
   7.2099999999998907        1.0000000000000000     
   7.2199999999998905        1.0000000000000000     
   7.2299999999998903        1.0000000000000000     
   7.2399999999998901        1.0000000000000000     
   7.2499999999998899        1.0000000000000000     
   7.2599999999998897        1.0000000000000000     
   7.2699999999998894        1.0000000000000000     
   7.2799999999998892        1.0000000000000000     
   7.2899999999998890        1.0000000000000000     
   7.2999999999998888        1.0000000000000000     
   7.3099999999998886        1.0000000000000000     
   7.3199999999998884        1.0000000000000000     
   7.3299999999998882        1.0000000000000000     
   7.3399999999998879        1.0000000000000000     
   7.3499999999998877        1.0000000000000000     
   7.3599999999998875        1.0000000000000000     
   7.3699999999998873        1.0000000000000000     
   7.3799999999998871        1.0000000000000000     
   7.3899999999998869        1.0000000000000000     
   7.3999999999998867        1.0000000000000000     
   7.4099999999998865        1.0000000000000000     
   7.4199999999998862        1.0000000000000000     
   7.4299999999998860        1.0000000000000000     
   7.4399999999998858        1.0000000000000000     
   7.4499999999998856        1.0000000000000000     
   7.4599999999998854        1.0000000000000000     
   7.4699999999998852        1.0000000000000000     
   7.4799999999998850        1.0000000000000000     
   7.4899999999998847        1.0000000000000000     
   7.4999999999998845        1.0000000000000000     
   7.5099999999998843        1.0000000000000000     
   7.5199999999998841        1.0000000000000000     
   7.5299999999998839        1.0000000000000000     
   7.5399999999998837        1.0000000000000000     
   7.5499999999998835        1.0000000000000000     
   7.5599999999998833        1.0000000000000000     
   7.5699999999998830        1.0000000000000000     
   7.5799999999998828        1.0000000000000000     
   7.5899999999998826        1.0000000000000000     
   7.5999999999998824        1.0000000000000000     
   7.6099999999998822        1.0000000000000000     
   7.6199999999998820        1.0000000000000000     
   7.6299999999998818        1.0000000000000000     
   7.6399999999998816        1.0000000000000000     
   7.6499999999998813        1.0000000000000000     
   7.6599999999998811        1.0000000000000000     
   7.6699999999998809        1.0000000000000000     
   7.6799999999998807        1.0000000000000000     
   7.6899999999998805        1.0000000000000000     
   7.6999999999998803        1.0000000000000000     
   7.7099999999998801        1.0000000000000000     
   7.7199999999998798        1.0000000000000000     
   7.7299999999998796        1.0000000000000000     
   7.7399999999998794        1.0000000000000000     
   7.7499999999998792        1.0000000000000000     
   7.7599999999998790        1.0000000000000000     
   7.7699999999998788        1.0000000000000000     
   7.7799999999998786        1.0000000000000000     
   7.7899999999998784        1.0000000000000000     
   7.7999999999998781        1.0000000000000000     
   7.8099999999998779        1.0000000000000000     
   7.8199999999998777        1.0000000000000000     
   7.8299999999998775        1.0000000000000000     
   7.8399999999998773        1.0000000000000000     
   7.8499999999998771        1.0000000000000000     
   7.8599999999998769        1.0000000000000000     
   7.8699999999998766        1.0000000000000000     
   7.8799999999998764        1.0000000000000000     
   7.8899999999998762        1.0000000000000000     
   7.8999999999998760        1.0000000000000000     
   7.9099999999998758        1.0000000000000000     
   7.9199999999998756        1.0000000000000000     
   7.9299999999998754        1.0000000000000000     
   7.9399999999998752        1.0000000000000000     
   7.9499999999998749        1.0000000000000000     
   7.9599999999998747        1.0000000000000000     
   7.9699999999998745        1.0000000000000000     
   7.9799999999998743        1.0000000000000000     
   7.9899999999998741        1.0000000000000000     
   7.9999999999998739        1.0000000000000000     
   8.0099999999998737        1.0000000000000000     
   8.0199999999998735        1.0000000000000000     
   8.0299999999998732        1.0000000000000000     
   8.0399999999998730        1.0000000000000000     
   8.0499999999998728        1.0000000000000000     
   8.0599999999998726        1.0000000000000000     
   8.0699999999998724        1.0000000000000000     
   8.0799999999998722        1.0000000000000000     
   8.0899999999998720        1.0000000000000000     
   8.0999999999998717        1.0000000000000000     
   8.1099999999998715        1.0000000000000000     
   8.1199999999998713        1.0000000000000000     
   8.1299999999998711        1.0000000000000000     
   8.1399999999998709        1.0000000000000000     
   8.1499999999998707        1.0000000000000000     
   8.1599999999998705        1.0000000000000000     
   8.1699999999998703        1.0000000000000000     
   8.1799999999998700        1.0000000000000000     
   8.1899999999998698        1.0000000000000000     
   8.1999999999998696        1.0000000000000000     
   8.2099999999998694        1.0000000000000000     
   8.2199999999998692        1.0000000000000000     
   8.2299999999998690        1.0000000000000000     
   8.2399999999998688        1.0000000000000000     
   8.2499999999998685        1.0000000000000000     
   8.2599999999998683        1.0000000000000000     
   8.2699999999998681        1.0000000000000000     
   8.2799999999998679        1.0000000000000000     
   8.2899999999998677        1.0000000000000000     
   8.2999999999998675        1.0000000000000000     
   8.3099999999998673        1.0000000000000000     
   8.3199999999998671        1.0000000000000000     
   8.3299999999998668        1.0000000000000000     
   8.3399999999998666        1.0000000000000000     
   8.3499999999998664        1.0000000000000000     
   8.3599999999998662        1.0000000000000000     
   8.3699999999998660        1.0000000000000000     
   8.3799999999998658        1.0000000000000000     
   8.3899999999998656        1.0000000000000000     
   8.3999999999998654        1.0000000000000000     
   8.4099999999998651        1.0000000000000000     
   8.4199999999998649        1.0000000000000000     
   8.4299999999998647        1.0000000000000000     
   8.4399999999998645        1.0000000000000000     
   8.4499999999998643        1.0000000000000000     
   8.4599999999998641        1.0000000000000000     
   8.4699999999998639        1.0000000000000000     
   8.4799999999998636        1.0000000000000000     
   8.4899999999998634        1.0000000000000000     
   8.4999999999998632        1.0000000000000000     
   8.5099999999998630        1.0000000000000000     
   8.5199999999998628        1.0000000000000000     
   8.5299999999998626        1.0000000000000000     
   8.5399999999998624        1.0000000000000000     
   8.5499999999998622        1.0000000000000000     
   8.5599999999998619        1.0000000000000000     
   8.5699999999998617        1.0000000000000000     
   8.5799999999998615        1.0000000000000000     
   8.5899999999998613        1.0000000000000000     
   8.5999999999998611        1.0000000000000000     
   8.6099999999998609        1.0000000000000000     
   8.6199999999998607        1.0000000000000000     
   8.6299999999998604        1.0000000000000000     
   8.6399999999998602        1.0000000000000000     
   8.6499999999998600        1.0000000000000000     
   8.6599999999998598        1.0000000000000000     
   8.6699999999998596        1.0000000000000000     
   8.6799999999998594        1.0000000000000000     
   8.6899999999998592        1.0000000000000000     
   8.6999999999998590        1.0000000000000000     
   8.7099999999998587        1.0000000000000000     
   8.7199999999998585        1.0000000000000000     
   8.7299999999998583        1.0000000000000000     
   8.7399999999998581        1.0000000000000000     
   8.7499999999998579        1.0000000000000000     
   8.7599999999998577        1.0000000000000000     
   8.7699999999998575        1.0000000000000000     
   8.7799999999998573        1.0000000000000000     
   8.7899999999998570        1.0000000000000000     
   8.7999999999998568        1.0000000000000000     
   8.8099999999998566        1.0000000000000000     
   8.8199999999998564        1.0000000000000000     
   8.8299999999998562        1.0000000000000000     
   8.8399999999998560        1.0000000000000000     
   8.8499999999998558        1.0000000000000000     
   8.8599999999998555        1.0000000000000000     
   8.8699999999998553        1.0000000000000000     
   8.8799999999998551        1.0000000000000000     
   8.8899999999998549        1.0000000000000000     
   8.8999999999998547        1.0000000000000000     
   8.9099999999998545        1.0000000000000000     
   8.9199999999998543        1.0000000000000000     
   8.9299999999998541        1.0000000000000000     
   8.9399999999998538        1.0000000000000000     
   8.9499999999998536        1.0000000000000000     
   8.9599999999998534        1.0000000000000000     
   8.9699999999998532        1.0000000000000000     
   8.9799999999998530        1.0000000000000000     
   8.9899999999998528        1.0000000000000000     
   8.9999999999998526        1.0000000000000000     
   9.0099999999998523        1.0000000000000000     
   9.0199999999998521        1.0000000000000000     
   9.0299999999998519        1.0000000000000000     
   9.0399999999998517        1.0000000000000000     
   9.0499999999998515        1.0000000000000000     
   9.0599999999998513        1.0000000000000000     
   9.0699999999998511        1.0000000000000000     
   9.0799999999998509        1.0000000000000000     
   9.0899999999998506        1.0000000000000000     
   9.0999999999998504        1.0000000000000000     
   9.1099999999998502        1.0000000000000000     
   9.1199999999998500        1.0000000000000000     
   9.1299999999998498        1.0000000000000000     
   9.1399999999998496        1.0000000000000000     
   9.1499999999998494        1.0000000000000000     
   9.1599999999998492        1.0000000000000000     
   9.1699999999998489        1.0000000000000000     
   9.1799999999998487        1.0000000000000000     
   9.1899999999998485        1.0000000000000000     
   9.1999999999998483        1.0000000000000000     
   9.2099999999998481        1.0000000000000000     
   9.2199999999998479        1.0000000000000000     
   9.2299999999998477        1.0000000000000000     
   9.2399999999998474        1.0000000000000000     
   9.2499999999998472        1.0000000000000000     
   9.2599999999998470        1.0000000000000000     
   9.2699999999998468        1.0000000000000000     
   9.2799999999998466        1.0000000000000000     
   9.2899999999998464        1.0000000000000000     
   9.2999999999998462        1.0000000000000000     
   9.3099999999998460        1.0000000000000000     
   9.3199999999998457        1.0000000000000000     
   9.3299999999998455        1.0000000000000000     
   9.3399999999998453        1.0000000000000000     
   9.3499999999998451        1.0000000000000000     
   9.3599999999998449        1.0000000000000000     
   9.3699999999998447        1.0000000000000000     
   9.3799999999998445        1.0000000000000000     
   9.3899999999998442        1.0000000000000000     
   9.3999999999998440        1.0000000000000000     
   9.4099999999998438        1.0000000000000000     
   9.4199999999998436        1.0000000000000000     
   9.4299999999998434        1.0000000000000000     
   9.4399999999998432        1.0000000000000000     
   9.4499999999998430        1.0000000000000000     
   9.4599999999998428        1.0000000000000000     
   9.4699999999998425        1.0000000000000000     
   9.4799999999998423        1.0000000000000000     
   9.4899999999998421        1.0000000000000000     
   9.4999999999998419        1.0000000000000000     
   9.5099999999998417        1.0000000000000000     
   9.5199999999998415        1.0000000000000000     
   9.5299999999998413        1.0000000000000000     
   9.5399999999998411        1.0000000000000000     
   9.5499999999998408        1.0000000000000000     
   9.5599999999998406        1.0000000000000000     
   9.5699999999998404        1.0000000000000000     
   9.5799999999998402        1.0000000000000000     
   9.5899999999998400        1.0000000000000000     
   9.5999999999998398        1.0000000000000000     
   9.6099999999998396        1.0000000000000000     
   9.6199999999998393        1.0000000000000000     
   9.6299999999998391        1.0000000000000000     
   9.6399999999998389        1.0000000000000000     
   9.6499999999998387        1.0000000000000000     
   9.6599999999998385        1.0000000000000000     
   9.6699999999998383        1.0000000000000000     
   9.6799999999998381        1.0000000000000000     
   9.6899999999998379        1.0000000000000000     
   9.6999999999998376        1.0000000000000000     
   9.7099999999998374        1.0000000000000000     
   9.7199999999998372        1.0000000000000000     
   9.7299999999998370        1.0000000000000000     
   9.7399999999998368        1.0000000000000000     
   9.7499999999998366        1.0000000000000000     
   9.7599999999998364        1.0000000000000000     
   9.7699999999998361        1.0000000000000000     
   9.7799999999998359        1.0000000000000000     
   9.7899999999998357        1.0000000000000000     
   9.7999999999998355        1.0000000000000000     
   9.8099999999998353        1.0000000000000000     
   9.8199999999998351        1.0000000000000000     
   9.8299999999998349        1.0000000000000000     
   9.8399999999998347        1.0000000000000000     
   9.8499999999998344        1.0000000000000000     
   9.8599999999998342        1.0000000000000000     
   9.8699999999998340        1.0000000000000000     
   9.8799999999998338        1.0000000000000000     
   9.8899999999998336        1.0000000000000000     
   9.8999999999998334        1.0000000000000000     
   9.9099999999998332        1.0000000000000000     
   9.9199999999998330        1.0000000000000000     
   9.9299999999998327        1.0000000000000000     
   9.9399999999998325        1.0000000000000000     
   9.9499999999998323        1.0000000000000000     
   9.9599999999998321        1.0000000000000000     
   9.9699999999998319        1.0000000000000000     
   9.9799999999998317        1.0000000000000000     
   9.9899999999998315        1.0000000000000000     
   9.9999999999998312        1.0000000000000000     
