   0.0000000000000000        1.8503717077085941E-017
   1.0000000000000000E-002   2.4395177761845541E-003
   2.0000000000000000E-002   4.8861176508014264E-003
   2.9999999999999999E-002   7.3468662720536466E-003
   4.0000000000000001E-002   9.8287990583867113E-003
   5.0000000000000003E-002   1.2338903765469833E-002
   6.0000000000000005E-002   1.4884103085815623E-002
   7.0000000000000007E-002   1.7471235982943038E-002
   8.0000000000000002E-002   2.0107037483514126E-002
   8.9999999999999997E-002   2.2798116678555802E-002
   9.9999999999999992E-002   2.5550932719126829E-002
  0.10999999999999999        2.8371768633037919E-002
  0.11999999999999998        3.1266702837856035E-002
  0.12999999999999998        3.4241578281698437E-002
  0.13999999999999999        3.7301969207365782E-002
  0.14999999999999999        4.0453145607063597E-002
  0.16000000000000000        4.3700035513919801E-002
  0.17000000000000001        4.7047185361954881E-002
  0.18000000000000002        5.0498718736933255E-002
  0.19000000000000003        5.4058293934965050E-002
  0.20000000000000004        5.7729060841713593E-002
  0.21000000000000005        6.1513617739934877E-002
  0.22000000000000006        6.5413968743730053E-002
  0.23000000000000007        6.9431482640765096E-002
  0.24000000000000007        7.3566853994954093E-002
  0.25000000000000006        7.7820067417644911E-002
  0.26000000000000006        8.2190365951152047E-002
  0.27000000000000007        8.6676224520692735E-002
  0.28000000000000008        9.1275329396042937E-002
  0.29000000000000009        9.5984564559863594E-002
  0.30000000000000010       0.10080000580397104     
  0.31000000000000011       0.10571692326736197     
  0.32000000000000012       0.11072979299144675     
  0.33000000000000013       0.11583231790109610     
  0.34000000000000014       0.12101745842870491     
  0.35000000000000014       0.12627747278790175     
  0.36000000000000015       0.13160396668046145     
  0.37000000000000016       0.13698795199206995     
  0.38000000000000017       0.14241991380815719     
  0.39000000000000018       0.14788988486854324     
  0.40000000000000019       0.15338752638738487     
  0.41000000000000020       0.15890221400034651     
  0.42000000000000021       0.16442312747040416     
  0.43000000000000022       0.16993934269204547     
  0.44000000000000022       0.17543992448392345     
  0.45000000000000023       0.18091401865342568     
  0.46000000000000024       0.18635094185241086     
  0.47000000000000025       0.19174026781904230     
  0.48000000000000026       0.19707190871214719     
  0.49000000000000027       0.20233619038655506     
  0.50000000000000022       0.20752392062418734     
  0.51000000000000023       0.21262644951958101     
  0.52000000000000024       0.21763572141311152     
  0.53000000000000025       0.22254431796373106     
  0.54000000000000026       0.22734549214927027     
  0.55000000000000027       0.23203319317065960     
  0.56000000000000028       0.23660208241200717     
  0.57000000000000028       0.24104754076743920     
  0.58000000000000029       0.24536566778500304     
  0.59000000000000030       0.24955327319573820     
  0.60000000000000031       0.25360786149108577     
  0.61000000000000032       0.25752761028381205     
  0.62000000000000033       0.26131134323694344     
  0.63000000000000034       0.26495849837287311     
  0.64000000000000035       0.26846909258231683     
  0.65000000000000036       0.27184368314211799     
  0.66000000000000036       0.27508332702424260     
  0.67000000000000037       0.27818953873810964     
  0.68000000000000038       0.28116424739720031     
  0.69000000000000039       0.28400975364121206     
  0.70000000000000040       0.28672868697935089     
  0.71000000000000041       0.28932396405100991     
  0.72000000000000042       0.29179874822920410     
  0.73000000000000043       0.29415641092161016     
  0.74000000000000044       0.29640049485554448     
  0.75000000000000044       0.29853467956801194     
  0.76000000000000045       0.30056274926118404     
  0.77000000000000046       0.30248856312806433     
  0.78000000000000047       0.30431602820320125     
  0.79000000000000048       0.30604907474942983     
  0.80000000000000049       0.30769163415379880     
  0.81000000000000050       0.30924761927401895     
  0.82000000000000051       0.31072090715067308     
  0.83000000000000052       0.31211532397974462     
  0.84000000000000052       0.31343463222429163     
  0.85000000000000053       0.31468251973285444     
  0.86000000000000054       0.31586259072491246     
  0.87000000000000055       0.31697835849989631     
  0.88000000000000056       0.31803323972538383     
  0.89000000000000057       0.31903055016169451     
  0.90000000000000058       0.31997350168367888     
  0.91000000000000059       0.32086520046564992     
  0.92000000000000060       0.32170864620177042     
  0.93000000000000060       0.32250673224142351     
  0.94000000000000061       0.32326224652689178     
  0.95000000000000062       0.32397787322879096     
  0.96000000000000063       0.32465619498294068     
  0.97000000000000064       0.32529969564052791     
  0.98000000000000065       0.32591076345140274     
  0.99000000000000066       0.32649169460802197     
   1.0000000000000007       0.32704469708482758     
   1.0100000000000007       0.32757189471468595     
   1.0200000000000007       0.32807533145032863     
   1.0300000000000007       0.32855697576454468     
   1.0400000000000007       0.32901872514812475     
   1.0500000000000007       0.32946241066926646     
   1.0600000000000007       0.32988980156230913     
   1.0700000000000007       0.33030260981727938     
   1.0800000000000007       0.33070249474482455     
   1.0900000000000007       0.33109106749367839     
   1.1000000000000008       0.33146989549988581     
   1.1100000000000008       0.33184050684861105     
   1.1200000000000008       0.33220439453048517     
   1.1300000000000008       0.33256302057515436     
   1.1400000000000008       0.33291782004495762     
   1.1500000000000008       0.33327020487153775     
   1.1600000000000008       0.33362156751768590     
   1.1700000000000008       0.33397328444585339     
   1.1800000000000008       0.33432671937356995     
   1.1900000000000008       0.33468322629451186     
   1.2000000000000008       0.33504415224218986     
   1.2100000000000009       0.33541083977122965     
   1.2200000000000009       0.33578462912902807     
   1.2300000000000009       0.33616686008824465     
   1.2400000000000009       0.33655887340820656     
   1.2500000000000009       0.33696201189091024     
   1.2600000000000009       0.33737762099503782     
   1.2700000000000009       0.33780704896930414     
   1.2800000000000009       0.33825164646471623     
   1.2900000000000009       0.33871276558401547     
   1.3000000000000009       0.33919175832592069     
   1.3100000000000009       0.33968997438190135     
   1.3200000000000010       0.34020875824434621     
   1.3300000000000010       0.34074944558728298     
   1.3400000000000010       0.34131335888455033     
   1.3500000000000010       0.34190180223566791     
   1.3600000000000010       0.34251605537686758     
   1.3700000000000010       0.34315736686401382     
   1.3800000000000010       0.34382694642564787     
   1.3900000000000010       0.34452595649827472     
   1.4000000000000010       0.34525550297236102     
   1.4100000000000010       0.34601662519632986     
   1.4200000000000010       0.34681028530705243     
   1.4300000000000010       0.34763735697873061     
   1.4400000000000011       0.34849861370732410     
   1.4500000000000011       0.34939471677430106     
   1.4600000000000011       0.35032620306084800     
   1.4700000000000011       0.35129347291095753     
   1.4800000000000011       0.35229677826802525     
   1.4900000000000011       0.35333621133363136     
   1.5000000000000011       0.35441169401779571     
   1.5100000000000011       0.35552296846586895     
   1.5200000000000011       0.35666958895697864     
   1.5300000000000011       0.35785091547132736     
   1.5400000000000011       0.35906610921741766     
   1.5500000000000012       0.36031413039452215     
   1.5600000000000012       0.36159373843975867     
   1.5700000000000012       0.36290349497269986     
   1.5800000000000012       0.36424176960375593     
   1.5900000000000012       0.36560674871633131     
   1.6000000000000012       0.36699644726824993     
   1.6100000000000012       0.36840872358697796     
   1.6200000000000012       0.36984129705805796     
   1.6300000000000012       0.37129176852961954     
   1.6400000000000012       0.37275764318084809     
   1.6500000000000012       0.37423635553201556     
   1.6600000000000013       0.37572529621117806     
   1.6700000000000013       0.37722184004078091     
   1.6800000000000013       0.37872337496863023     
   1.6900000000000013       0.38022733134382314     
   1.7000000000000013       0.38173121103047475     
   1.7100000000000013       0.38323261586079993     
   1.7200000000000013       0.38472927495387421     
   1.7300000000000013       0.38621907046602599     
   1.7400000000000013       0.38770006139139274     
   1.7500000000000013       0.38917050509423556     
   1.7600000000000013       0.39062887632528831     
   1.7700000000000014       0.39207388354960959     
   1.7800000000000014       0.39350448248996556     
   1.7900000000000014       0.39491988686469953     
   1.8000000000000014       0.39631957636961834     
   1.8100000000000014       0.39770330201734372     
   1.8200000000000014       0.39907108900303001     
   1.8300000000000014       0.40042323731107338     
   1.8400000000000014       0.40176032031269981     
   1.8500000000000014       0.40308318162892665     
   1.8600000000000014       0.40439293054760234     
   1.8700000000000014       0.40569093628766906     
   1.8800000000000014       0.40697882139943364     
   1.8900000000000015       0.40825845457759585     
   1.9000000000000015       0.40953194314536701     
   1.9100000000000015       0.41080162544450866     
   1.9200000000000015       0.41207006333882229     
   1.9300000000000015       0.41334003500871064     
   1.9400000000000015       0.41461452818301514     
   1.9500000000000015       0.41589673392228094     
   1.9600000000000015       0.41719004103572521     
   1.9700000000000015       0.41849803118303869     
   1.9800000000000015       0.41982447468218442     
   1.9900000000000015       0.42117332701585969     
   2.0000000000000013       0.42254872600241139     
   2.0100000000000011       0.42395498957179661     
   2.0200000000000009       0.42539661406364576     
   2.0300000000000007       0.42687827294250519     
   2.0400000000000005       0.42840481580481371     
   2.0500000000000003       0.42998126753293642     
   2.0600000000000001       0.43161282743353846     
   2.0699999999999998       0.43330486818057284     
   2.0799999999999996       0.43506293436716742     
   2.0899999999999994       0.43689274045563659     
   2.0999999999999992       0.43880016790080445     
   2.1099999999999990       0.44079126120891804     
   2.1199999999999988       0.44287222268281007     
   2.1299999999999986       0.44504940559400952     
   2.1399999999999983       0.44732930551448691     
   2.1499999999999981       0.44971854953523466     
   2.1599999999999979       0.45222388309640982     
   2.1699999999999977       0.45485215415505875     
   2.1799999999999975       0.45761029442215778     
   2.1899999999999973       0.46050529741173890     
   2.1999999999999971       0.46354419306200279     
   2.2099999999999969       0.46673401871246445     
   2.2199999999999966       0.47008178625315367     
   2.2299999999999964       0.47359444530248945     
   2.2399999999999962       0.47727884232030865     
   2.2499999999999960       0.48114167562215759     
   2.2599999999999958       0.48518944633057876     
   2.2699999999999956       0.48942840537868443     
   2.2799999999999954       0.49386449677037692     
   2.2899999999999952       0.49850329739927313     
   2.2999999999999949       0.50334995383338577     
   2.3099999999999947       0.50840911658300447     
   2.3199999999999945       0.51368487248265027     
   2.3299999999999943       0.51918067593145389     
   2.3399999999999941       0.52489927984650919     
   2.3499999999999939       0.53084266728679297     
   2.3599999999999937       0.53701198479714385     
   2.3699999999999934       0.54340747859826222     
   2.3799999999999932       0.55002843480569219     
   2.3899999999999930       0.55687312489434693     
   2.3999999999999928       0.56393875763202639     
   2.4099999999999926       0.57122143868284403     
   2.4199999999999924       0.57871613902782226     
   2.4299999999999922       0.58641667326437019     
   2.4399999999999920       0.59431568872943863     
   2.4499999999999917       0.60240466624445299     
   2.4599999999999915       0.61067393310652174     
   2.4699999999999913       0.61911268875375380     
   2.4799999999999911       0.62770904331758726     
   2.4899999999999909       0.63645006904726997     
   2.4999999999999907       0.64532186435694172     
   2.5099999999999905       0.65430963001016329     
   2.5199999999999902       0.66339775672624768     
   2.5299999999999900       0.67256992327300946     
   2.5399999999999898       0.68180920390685762     
   2.5499999999999896       0.69109818383816923     
   2.5599999999999894       0.70041908124165841     
   2.5699999999999892       0.70975387420143121     
   2.5799999999999890       0.71908443088134522     
   2.5899999999999888       0.72839264114534485     
   2.5999999999999885       0.73766054782112667     
   2.6099999999999883       0.74687047580475074     
   2.6199999999999881       0.75600515724383588     
   2.6299999999999879       0.76504785111234286     
   2.6399999999999877       0.77398245559936418     
   2.6499999999999875       0.78279361187567231     
   2.6599999999999873       0.79146679797207586     
   2.6699999999999871       0.79998841169889257     
   2.6799999999999868       0.80834584175138391     
   2.6899999999999866       0.81652752637622183     
   2.6999999999999864       0.82452299921289418     
   2.7099999999999862       0.83232292216494008     
   2.7199999999999860       0.83991910539244286     
   2.7299999999999858       0.84730451474297352     
   2.7399999999999856       0.85447326714717819     
   2.7499999999999853       0.86142061469231967     
   2.7599999999999851       0.86814291824802592     
   2.7699999999999849       0.87463761165013876     
   2.7799999999999847       0.88090315754891690     
   2.7899999999999845       0.88693899609622806     
   2.7999999999999843       0.89274548768315454     
   2.8099999999999841       0.89832385094617750     
   2.8199999999999839       0.90367609723917408     
   2.8299999999999836       0.90880496272301514     
   2.8399999999999834       0.91371383915828774     
   2.8499999999999832       0.91840670440347516     
   2.8599999999999830       0.92288805352506398     
   2.8699999999999828       0.92716283132133104     
   2.8799999999999826       0.93123636695206102     
   2.8899999999999824       0.93511431125539246     
   2.8999999999999821       0.93880257722364924     
   2.9099999999999819       0.94230728400479835     
   2.9199999999999817       0.94563470469726763     
   2.9299999999999815       0.94879121811476097     
   2.9399999999999813       0.95178326461554297     
   2.9499999999999811       0.95461730601807704     
   2.9599999999999809       0.95729978956214790     
   2.9699999999999807       0.95983711582166142     
   2.9799999999999804       0.96223561043178663     
   2.9899999999999802       0.96450149945857078     
   2.9999999999999800       0.96664088821277827     
   3.0099999999999798       0.96865974329089433     
   3.0199999999999796       0.97056387761391161     
   3.0299999999999794       0.97235893822805985     
   3.0399999999999792       0.97405039663003434     
   3.0499999999999790       0.97564354138177223     
   3.0599999999999787       0.97714347278567271     
   3.0699999999999785       0.97855509939961849     
   3.0799999999999783       0.97988313618163403     
   3.0899999999999781       0.98113210406596896     
   3.0999999999999779       0.98230633078525942     
   3.1099999999999777       0.98340995276695464     
   3.1199999999999775       0.98444691794582928     
   3.1299999999999772       0.98542098934809907     
   3.1399999999999770       0.98633574931598422     
   3.1499999999999768       0.98719460425449734     
   3.1599999999999766       0.98800078979454398     
   3.1699999999999764       0.98875737627809046     
   3.1799999999999762       0.98946727448204508     
   3.1899999999999760       0.99013324150765547     
   3.1999999999999758       0.99075788677156507     
   3.2099999999999755       0.99134367804322965     
   3.2199999999999753       0.99189294748121482     
   3.2299999999999751       0.99240789762792581     
   3.2399999999999749       0.99289060732868684     
   3.2499999999999747       0.99334303754676967     
   3.2599999999999745       0.99376703705102953     
   3.2699999999999743       0.99416434795728115     
   3.2799999999999740       0.99453661110851532     
   3.2899999999999738       0.99488537128248788     
   3.2999999999999736       0.99521208221825985     
   3.3099999999999734       0.99551811145584435     
   3.3199999999999732       0.99580474498539528     
   3.3299999999999730       0.99607319170427722     
   3.3399999999999728       0.99632458768198451     
   3.3499999999999726       0.99656000023426883     
   3.3599999999999723       0.99678043180895859     
   3.3699999999999721       0.99698682368690050     
   3.3799999999999719       0.99718005950222766     
   3.3899999999999717       0.99736096858675038     
   3.3999999999999715       0.99753032914377116     
   3.4099999999999713       0.99768887125693462     
   3.4199999999999711       0.99783727974003655     
   3.4299999999999708       0.99797619683385441     
   3.4399999999999706       0.99810622475615907     
   3.4499999999999704       0.99822792811113314     
   3.4599999999999702       0.99834183616437022     
   3.4699999999999700       0.99844844498959873     
   3.4799999999999698       0.99854821949316142     
   3.4899999999999696       0.99864159532218322     
   3.4999999999999694       0.99872898066217086     
   3.5099999999999691       0.99881075792967755     
   3.5199999999999689       0.99888728536544813     
   3.5299999999999687       0.99895889853327968     
   3.5399999999999685       0.99902591172965394     
   3.5499999999999683       0.99908861930897863     
   3.5599999999999681       0.99914729692907789     
   3.5699999999999679       0.99920220272137961     
   3.5799999999999677       0.99925357839003670     
   3.5899999999999674       0.99930165024402007     
   3.5999999999999672       0.99934663016603531     
   3.6099999999999670       0.99938871652191930     
   3.6199999999999668       0.99942809501398588     
   3.6299999999999666       0.99946493948162196     
   3.6399999999999664       0.99949941265224174     
   3.6499999999999662       0.99953166684556916     
   3.6599999999999659       0.99956184463402920     
   3.6699999999999657       0.99959007946189249     
   3.6799999999999655       0.99961649622567228     
   3.6899999999999653       0.99964121181811560     
   3.6999999999999651       0.99966433563802315     
   3.7099999999999649       0.99968597006797288     
   3.7199999999999647       0.99970621092193257     
   3.7299999999999645       0.99972514786461197     
   3.7399999999999642       0.99974286480430308     
   3.7499999999999640       0.99975944026084418     
   3.7599999999999638       0.99977494771027053     
   3.7699999999999636       0.99978945590758705     
   3.7799999999999634       0.99980302918904351     
   3.7899999999999632       0.99981572775518535     
   3.7999999999999630       0.99982760793588910     
   3.8099999999999627       0.99983872243851868     
   3.8199999999999625       0.99984912058025899     
   3.8299999999999623       0.99985884850562723     
   3.8399999999999621       0.99986794939009560     
   3.8499999999999619       0.99987646363070726     
   3.8599999999999617       0.99988442902450902     
   3.8699999999999615       0.99989188093556258     
   3.8799999999999613       0.99989885245128141     
   3.8899999999999610       0.99990537452874018     
   3.8999999999999608       0.99991147613163001     
   3.9099999999999606       0.99991718435842192     
   3.9199999999999604       0.99992252456232078     
   3.9299999999999602       0.99992752046352429     
   3.9399999999999600       0.99993219425427649     
   3.9499999999999598       0.99993656669718634     
   3.9599999999999596       0.99994065721722214     
   3.9699999999999593       0.99994448398781122     
   3.9799999999999591       0.99994806401139558     
   3.9899999999999589       0.99995141319482439     
   3.9999999999999587       0.99995454641988735     
   4.0099999999999589       0.99995747760932840     
   4.0199999999999587       0.99996021978860172     
   4.0299999999999585       0.99996278514366477     
   4.0399999999999583       0.99996518507504828     
   4.0499999999999581       0.99996743024845358     
   4.0599999999999579       0.99996953064208860     
   4.0699999999999577       0.99997149559096254     
   4.0799999999999574       0.99997333382832443     
   4.0899999999999572       0.99997505352443905     
   4.0999999999999570       0.99997666232286198     
   4.1099999999999568       0.99997816737438561     
   4.1199999999999566       0.99997957536879267     
   4.1299999999999564       0.99998089256456435     
   4.1399999999999562       0.99998212481668547     
   4.1499999999999559       0.99998327760264416     
   4.1599999999999557       0.99998435604676661     
   4.1699999999999555       0.99998536494298296     
   4.1799999999999553       0.99998630877612227     
   4.1899999999999551       0.99998719174183837     
   4.1999999999999549       0.99998801776525348     
   4.2099999999999547       0.99998879051839573     
   4.2199999999999545       0.99998951343651754     
   4.2299999999999542       0.99999018973336062     
   4.2399999999999540       0.99999082241543558     
   4.2499999999999538       0.99999141429538341     
   4.2599999999999536       0.99999196800447621     
   4.2699999999999534       0.99999248600430912     
   4.2799999999999532       0.99999297059774162     
   4.2899999999999530       0.99999342393913160     
   4.2999999999999527       0.99999384804391223     
   4.3099999999999525       0.99999424479754728     
   4.3199999999999523       0.99999461596391315     
   4.3299999999999521       0.99999496319313963     
   4.3399999999999519       0.99999528802894277     
   4.3499999999999517       0.99999559191548715     
   4.3599999999999515       0.99999587620380537     
   4.3699999999999513       0.99999614215780586     
   4.3799999999999510       0.99999639095988702     
   4.3899999999999508       0.99999662371619491     
   4.3999999999999506       0.99999684146154333     
   4.4099999999999504       0.99999704516400911     
   4.4199999999999502       0.99999723572923838     
   4.4299999999999500       0.99999741400447328     
   4.4399999999999498       0.99999758078231560     
   4.4499999999999496       0.99999773680425241     
   4.4599999999999493       0.99999788276395252     
   4.4699999999999491       0.99999801931034871     
   4.4799999999999489       0.99999814705052270     
   4.4899999999999487       0.99999826655240731     
   4.4999999999999485       0.99999837834730687     
   4.5099999999999483       0.99999848293226157     
   4.5199999999999481       0.99999858077225678     
   4.5299999999999478       0.99999867230228945     
   4.5399999999999476       0.99999875792930559     
   4.5499999999999474       0.99999883803400358     
   4.5599999999999472       0.99999891297253107     
   4.5699999999999470       0.99999898307806789     
   4.5799999999999468       0.99999904866230471     
   4.5899999999999466       0.99999911001683139     
   4.5999999999999464       0.99999916741443406     
   4.6099999999999461       0.99999922111030415     
   4.6199999999999459       0.99999927134317534     
   4.6299999999999457       0.99999931833638689     
   4.6399999999999455       0.99999936229887254     
   4.6499999999999453       0.99999940342609184     
   4.6599999999999451       0.99999944190089918     
   4.6699999999999449       0.99999947789435550     
   4.6799999999999446       0.99999951156648947     
   4.6899999999999444       0.99999954306701022     
   4.6999999999999442       0.99999957253597138     
   4.7099999999999440       0.99999960010439326     
   4.7199999999999438       0.99999962589484737     
   4.7299999999999436       0.99999965002199998     
   4.7399999999999434       0.99999967259312117     
   4.7499999999999432       0.99999969370856501     
   4.7599999999999429       0.99999971346221184     
   4.7699999999999427       0.99999973194188785     
   4.7799999999999425       0.99999974922975499     
   4.7899999999999423       0.99999976540267632     
   4.7999999999999421       0.99999978053255889     
   4.8099999999999419       0.99999979468667022     
   4.8199999999999417       0.99999980792794074     
   4.8299999999999415       0.99999982031524226     
   4.8399999999999412       0.99999983190364994     
   4.8499999999999410       0.99999984274468723     
   4.8599999999999408       0.99999985288655369     
   4.8699999999999406       0.99999986237434080     
   4.8799999999999404       0.99999987125023193     
   4.8899999999999402       0.99999987955369030     
   4.8999999999999400       0.99999988732163436     
   4.9099999999999397       0.99999989458860006     
   4.9199999999999395       0.99999990138689820     
   4.9299999999999393       0.99999990774675329     
   4.9399999999999391       0.99999991369644248     
   4.9499999999999389       0.99999991926241771     
   4.9599999999999387       0.99999992446942743     
   4.9699999999999385       0.99999992934062110     
   4.9799999999999383       0.99999993389765651     
   4.9899999999999380       0.99999993816079569     
   4.9999999999999378       0.99999994214899168     
   5.0099999999999376       0.99999994587997731     
   5.0199999999999374       0.99999994937034031     
   5.0299999999999372       0.99999995263559960     
   5.0399999999999370       0.99999995569027289     
   5.0499999999999368       0.99999995854793988     
   5.0599999999999365       0.99999996122130808     
   5.0699999999999363       0.99999996372226274     
   5.0799999999999361       0.99999996606192310     
   5.0899999999999359       0.99999996825069193     
   5.0999999999999357       0.99999997029830034     
   5.1099999999999355       0.99999997221385228     
   5.1199999999999353       0.99999997400586504     
   5.1299999999999351       0.99999997568230470     
   5.1399999999999348       0.99999997725062606     
   5.1499999999999346       0.99999997871780189     
   5.1599999999999344       0.99999998009035485     
   5.1699999999999342       0.99999998137438784     
   5.1799999999999340       0.99999998257560974     
   5.1899999999999338       0.99999998369936138     
   5.1999999999999336       0.99999998475063867     
   5.2099999999999334       0.99999998573411553     
   5.2199999999999331       0.99999998665416534     
   5.2299999999999329       0.99999998751487851     
   5.2399999999999327       0.99999998832008152     
   5.2499999999999325       0.99999998907335497     
   5.2599999999999323       0.99999998977804694     
   5.2699999999999321       0.99999999043729171     
   5.2799999999999319       0.99999999105402004     
   5.2899999999999316       0.99999999163097264     
   5.2999999999999314       0.99999999217071689     
   5.3099999999999312       0.99999999267565087     
   5.3199999999999310       0.99999999314801979     
   5.3299999999999308       0.99999999358992497     
   5.3399999999999306       0.99999999400333006     
   5.3499999999999304       0.99999999439007325     
   5.3599999999999302       0.99999999475187451     
   5.3699999999999299       0.99999999509034188     
   5.3799999999999297       0.99999999540698059     
   5.3899999999999295       0.99999999570319809     
   5.3999999999999293       0.99999999598031197     
   5.4099999999999291       0.99999999623955393     
   5.4199999999999289       0.99999999648207638     
   5.4299999999999287       0.99999999670895756     
   5.4399999999999284       0.99999999692120722     
   5.4499999999999282       0.99999999711976717     
   5.4599999999999280       0.99999999730552214     
   5.4699999999999278       0.99999999747929735     
   5.4799999999999276       0.99999999764186498     
   5.4899999999999274       0.99999999779394821     
   5.4999999999999272       0.99999999793622318     
   5.5099999999999270       0.99999999806932272     
   5.5199999999999267       0.99999999819383756     
   5.5299999999999265       0.99999999831032227     
   5.5399999999999263       0.99999999841929466     
   5.5499999999999261       0.99999999852123933     
   5.5599999999999259       0.99999999861660882     
   5.5699999999999257       0.99999999870582812     
   5.5799999999999255       0.99999999878929335     
   5.5899999999999253       0.99999999886737523     
   5.5999999999999250       0.99999999894042191     
   5.6099999999999248       0.99999999900875702     
   5.6199999999999246       0.99999999907268533     
   5.6299999999999244       0.99999999913249049     
   5.6399999999999242       0.99999999918843896     
   5.6499999999999240       0.99999999924077876     
   5.6599999999999238       0.99999999928974326     
   5.6699999999999235       0.99999999933555050     
   5.6799999999999233       0.99999999937840223     
   5.6899999999999231       0.99999999941849060     
   5.6999999999999229       0.99999999945599427     
   5.7099999999999227       0.99999999949107898     
   5.7199999999999225       0.99999999952390084     
   5.7299999999999223       0.99999999955460606     
   5.7399999999999221       0.99999999958333063     
   5.7499999999999218       0.99999999961020292     
   5.7599999999999216       0.99999999963534225     
   5.7699999999999214       0.99999999965885999     
   5.7799999999999212       0.99999999968086073     
   5.7899999999999210       0.99999999970144282     
   5.7999999999999208       0.99999999972069775     
   5.8099999999999206       0.99999999973871123     
   5.8199999999999203       0.99999999975556275     
   5.8299999999999201       0.99999999977132648     
   5.8399999999999199       0.99999999978607423     
   5.8499999999999197       0.99999999979987164     
   5.8599999999999195       0.99999999981277832     
   5.8699999999999193       0.99999999982485266     
   5.8799999999999191       0.99999999983614840     
   5.8899999999999189       0.99999999984671584     
   5.8999999999999186       0.99999999985660126     
   5.9099999999999184       0.99999999986584953     
   5.9199999999999182       0.99999999987450161     
   5.9299999999999180       0.99999999988259558     
   5.9399999999999178       0.99999999989016708     
   5.9499999999999176       0.99999999989725064     
   5.9599999999999174       0.99999999990387722     
   5.9699999999999172       0.99999999991007604     
   5.9799999999999169       0.99999999991587585     
   5.9899999999999167       0.99999999992130117     
   5.9999999999999165       0.99999999992637678     
   6.0099999999999163       0.99999999993112498     
   6.0199999999999161       0.99999999993556676     
   6.0299999999999159       0.99999999993972211     
   6.0399999999999157       0.99999999994361000     
   6.0499999999999154       0.99999999994724675     
   6.0599999999999152       0.99999999995064892     
   6.0699999999999150       0.99999999995383171     
   6.0799999999999148       0.99999999995680922     
   6.0899999999999146       0.99999999995959488     
   6.0999999999999144       0.99999999996220057     
   6.1099999999999142       0.99999999996463862     
   6.1199999999999140       0.99999999996691924     
   6.1299999999999137       0.99999999996905264     
   6.1399999999999135       0.99999999997104816     
   6.1499999999999133       0.99999999997291578     
   6.1599999999999131       0.99999999997466238     
   6.1699999999999129       0.99999999997629629     
   6.1799999999999127       0.99999999997782485     
   6.1899999999999125       0.99999999997925515     
   6.1999999999999122       0.99999999998059319     
   6.2099999999999120       0.99999999998184474     
   6.2199999999999118       0.99999999998301548     
   6.2299999999999116       0.99999999998411082     
   6.2399999999999114       0.99999999998513578     
   6.2499999999999112       0.99999999998609423     
   6.2599999999999110       0.99999999998699129     
   6.2699999999999108       0.99999999998783018     
   6.2799999999999105       0.99999999998861522     
   6.2899999999999103       0.99999999998934896     
   6.2999999999999101       0.99999999999003630     
   6.3099999999999099       0.99999999999067890     
   6.3199999999999097       0.99999999999127986     
   6.3299999999999095       0.99999999999184208     
   6.3399999999999093       0.99999999999236833     
   6.3499999999999091       0.99999999999286038     
   6.3599999999999088       0.99999999999332123     
   6.3699999999999086       0.99999999999375178     
   6.3799999999999084       0.99999999999415501     
   6.3899999999999082       0.99999999999453182     
   6.3999999999999080       0.99999999999488465     
   6.4099999999999078       0.99999999999521483     
   6.4199999999999076       0.99999999999552314     
   6.4299999999999073       0.99999999999581191     
   6.4399999999999071       0.99999999999608224     
   6.4499999999999069       0.99999999999633404     
   6.4599999999999067       0.99999999999657074     
   6.4699999999999065       0.99999999999679190     
   6.4799999999999063       0.99999999999699896     
   6.4899999999999061       0.99999999999719247     
   6.4999999999999059       0.99999999999737377     
   6.5099999999999056       0.99999999999754319     
   6.5199999999999054       0.99999999999770151     
   6.5299999999999052       0.99999999999784961     
   6.5399999999999050       0.99999999999798816     
   6.5499999999999048       0.99999999999811762     
   6.5599999999999046       0.99999999999823919     
   6.5699999999999044       0.99999999999835321     
   6.5799999999999041       0.99999999999845901     
   6.5899999999999039       0.99999999999855860     
   6.5999999999999037       0.99999999999865175     
   6.6099999999999035       0.99999999999873868     
   6.6199999999999033       0.99999999999881961     
   6.6299999999999031       0.99999999999889611     
   6.6399999999999029       0.99999999999896738     
   6.6499999999999027       0.99999999999903366     
   6.6599999999999024       0.99999999999909617     
   6.6699999999999022       0.99999999999915445     
   6.6799999999999020       0.99999999999920874     
   6.6899999999999018       0.99999999999925970     
   6.6999999999999016       0.99999999999930766     
   6.7099999999999014       0.99999999999935241     
   6.7199999999999012       0.99999999999939426     
   6.7299999999999010       0.99999999999943323     
   6.7399999999999007       0.99999999999947009     
   6.7499999999999005       0.99999999999950384     
   6.7599999999999003       0.99999999999953582     
   6.7699999999999001       0.99999999999956568     
   6.7799999999998999       0.99999999999959377     
   6.7899999999998997       0.99999999999961986     
   6.7999999999998995       0.99999999999964428     
   6.8099999999998992       0.99999999999966738     
   6.8199999999998990       0.99999999999968880     
   6.8299999999998988       0.99999999999970868     
   6.8399999999998986       0.99999999999972733     
   6.8499999999998984       0.99999999999974520     
   6.8599999999998982       0.99999999999976186     
   6.8699999999998980       0.99999999999977707     
   6.8799999999998978       0.99999999999979139     
   6.8899999999998975       0.99999999999980516     
   6.8999999999998973       0.99999999999981737     
   6.9099999999998971       0.99999999999982903     
   6.9199999999998969       0.99999999999984024     
   6.9299999999998967       0.99999999999985034     
   6.9399999999998965       0.99999999999985978     
   6.9499999999998963       0.99999999999986910     
   6.9599999999998960       0.99999999999987754     
   6.9699999999998958       0.99999999999988509     
   6.9799999999998956       0.99999999999989264     
   6.9899999999998954       0.99999999999989975     
   6.9999999999998952       0.99999999999990630     
   7.0099999999998950       0.99999999999991218     
   7.0199999999998948       0.99999999999991795     
   7.0299999999998946       0.99999999999992362     
   7.0399999999998943       0.99999999999992817     
   7.0499999999998941       0.99999999999993294     
   7.0599999999998939       0.99999999999993749     
   7.0699999999998937       0.99999999999994138     
   7.0799999999998935       0.99999999999994527     
   7.0899999999998933       0.99999999999994882     
   7.0999999999998931       0.99999999999995204     
   7.1099999999998929       0.99999999999995526     
   7.1199999999998926       0.99999999999995814     
   7.1299999999998924       0.99999999999996092     
   7.1399999999998922       0.99999999999996303     
   7.1499999999998920       0.99999999999996547     
   7.1599999999998918       0.99999999999996803     
   7.1699999999998916       0.99999999999996980     
   7.1799999999998914       0.99999999999997158     
   7.1899999999998911       0.99999999999997335     
   7.1999999999998909       0.99999999999997546     
   7.2099999999998907       0.99999999999997691     
   7.2199999999998905       0.99999999999997868     
   7.2299999999998903       0.99999999999997968     
   7.2399999999998901       0.99999999999998124     
   7.2499999999998899       0.99999999999998224     
   7.2599999999998897       0.99999999999998368     
   7.2699999999998894       0.99999999999998435     
   7.2799999999998892       0.99999999999998579     
   7.2899999999998890       0.99999999999998634     
   7.2999999999998888       0.99999999999998757     
   7.3099999999998886       0.99999999999998834     
   7.3199999999998884       0.99999999999998890     
   7.3299999999998882       0.99999999999998934     
   7.3399999999998879       0.99999999999999023     
   7.3499999999998877       0.99999999999999079     
   7.3599999999998875       0.99999999999999145     
   7.3699999999998873       0.99999999999999201     
   7.3799999999998871       0.99999999999999289     
   7.3899999999998869       0.99999999999999323     
   7.3999999999998867       0.99999999999999367     
   7.4099999999998865       0.99999999999999389     
   7.4199999999998862       0.99999999999999434     
   7.4299999999998860       0.99999999999999467     
   7.4399999999998858       0.99999999999999500     
   7.4499999999998856       0.99999999999999523     
   7.4599999999998854       0.99999999999999556     
   7.4699999999998852       0.99999999999999600     
   7.4799999999998850       0.99999999999999645     
   7.4899999999998847       0.99999999999999645     
   7.4999999999998845       0.99999999999999678     
   7.5099999999998843       0.99999999999999689     
   7.5199999999998841       0.99999999999999722     
   7.5299999999998839       0.99999999999999734     
   7.5399999999998837       0.99999999999999734     
   7.5499999999998835       0.99999999999999745     
   7.5599999999998833       0.99999999999999789     
   7.5699999999998830       0.99999999999999822     
   7.5799999999998828       0.99999999999999789     
   7.5899999999998826       0.99999999999999822     
   7.5999999999998824       0.99999999999999822     
   7.6099999999998822       0.99999999999999856     
   7.6199999999998820       0.99999999999999822     
   7.6299999999998818       0.99999999999999856     
   7.6399999999998816       0.99999999999999856     
   7.6499999999998813       0.99999999999999856     
   7.6599999999998811       0.99999999999999900     
   7.6699999999998809       0.99999999999999878     
   7.6799999999998807       0.99999999999999878     
   7.6899999999998805       0.99999999999999911     
   7.6999999999998803       0.99999999999999911     
   7.7099999999998801       0.99999999999999911     
   7.7199999999998798       0.99999999999999922     
   7.7299999999998796       0.99999999999999922     
   7.7399999999998794       0.99999999999999922     
   7.7499999999998792       0.99999999999999922     
   7.7599999999998790       0.99999999999999922     
   7.7699999999998788       0.99999999999999956     
   7.7799999999998786       0.99999999999999956     
   7.7899999999998784       0.99999999999999956     
   7.7999999999998781       0.99999999999999956     
   7.8099999999998779       0.99999999999999956     
   7.8199999999998777       0.99999999999999956     
   7.8299999999998775       0.99999999999999956     
   7.8399999999998773       0.99999999999999956     
   7.8499999999998771        1.0000000000000000     
   7.8599999999998769        1.0000000000000000     
   7.8699999999998766        1.0000000000000000     
   7.8799999999998764        1.0000000000000000     
   7.8899999999998762        1.0000000000000000     
   7.8999999999998760        1.0000000000000000     
   7.9099999999998758       0.99999999999999967     
   7.9199999999998756       0.99999999999999967     
   7.9299999999998754       0.99999999999999967     
   7.9399999999998752       0.99999999999999967     
   7.9499999999998749       0.99999999999999967     
   7.9599999999998747       0.99999999999999967     
   7.9699999999998745       0.99999999999999967     
   7.9799999999998743       0.99999999999999967     
   7.9899999999998741       0.99999999999999967     
   7.9999999999998739       0.99999999999999967     
   8.0099999999998737       0.99999999999999967     
   8.0199999999998735        1.0000000000000000     
   8.0299999999998732        1.0000000000000000     
   8.0399999999998730        1.0000000000000000     
   8.0499999999998728        1.0000000000000000     
   8.0599999999998726        1.0000000000000000     
   8.0699999999998724        1.0000000000000000     
   8.0799999999998722        1.0000000000000000     
   8.0899999999998720        1.0000000000000000     
   8.0999999999998717        1.0000000000000000     
   8.1099999999998715        1.0000000000000000     
   8.1199999999998713        1.0000000000000000     
   8.1299999999998711        1.0000000000000000     
   8.1399999999998709        1.0000000000000000     
   8.1499999999998707        1.0000000000000000     
   8.1599999999998705        1.0000000000000000     
   8.1699999999998703        1.0000000000000000     
   8.1799999999998700        1.0000000000000000     
   8.1899999999998698        1.0000000000000000     
   8.1999999999998696        1.0000000000000000     
   8.2099999999998694        1.0000000000000000     
   8.2199999999998692        1.0000000000000000     
   8.2299999999998690        1.0000000000000000     
   8.2399999999998688        1.0000000000000000     
   8.2499999999998685        1.0000000000000000     
   8.2599999999998683        1.0000000000000000     
   8.2699999999998681        1.0000000000000000     
   8.2799999999998679        1.0000000000000000     
   8.2899999999998677        1.0000000000000000     
   8.2999999999998675        1.0000000000000000     
   8.3099999999998673        1.0000000000000000     
   8.3199999999998671        1.0000000000000000     
   8.3299999999998668        1.0000000000000000     
   8.3399999999998666        1.0000000000000000     
   8.3499999999998664        1.0000000000000000     
   8.3599999999998662        1.0000000000000000     
   8.3699999999998660        1.0000000000000000     
   8.3799999999998658        1.0000000000000000     
   8.3899999999998656        1.0000000000000000     
   8.3999999999998654        1.0000000000000000     
   8.4099999999998651        1.0000000000000000     
   8.4199999999998649        1.0000000000000000     
   8.4299999999998647        1.0000000000000000     
   8.4399999999998645        1.0000000000000000     
   8.4499999999998643        1.0000000000000000     
   8.4599999999998641        1.0000000000000000     
   8.4699999999998639        1.0000000000000000     
   8.4799999999998636        1.0000000000000000     
   8.4899999999998634        1.0000000000000000     
   8.4999999999998632        1.0000000000000000     
   8.5099999999998630        1.0000000000000000     
   8.5199999999998628        1.0000000000000000     
   8.5299999999998626        1.0000000000000000     
   8.5399999999998624        1.0000000000000000     
   8.5499999999998622        1.0000000000000000     
   8.5599999999998619        1.0000000000000000     
   8.5699999999998617        1.0000000000000000     
   8.5799999999998615        1.0000000000000000     
   8.5899999999998613        1.0000000000000000     
   8.5999999999998611        1.0000000000000000     
   8.6099999999998609        1.0000000000000000     
   8.6199999999998607        1.0000000000000000     
   8.6299999999998604        1.0000000000000000     
   8.6399999999998602        1.0000000000000000     
   8.6499999999998600        1.0000000000000000     
   8.6599999999998598        1.0000000000000000     
   8.6699999999998596        1.0000000000000000     
   8.6799999999998594        1.0000000000000000     
   8.6899999999998592        1.0000000000000000     
   8.6999999999998590        1.0000000000000000     
   8.7099999999998587        1.0000000000000000     
   8.7199999999998585        1.0000000000000000     
   8.7299999999998583        1.0000000000000000     
   8.7399999999998581        1.0000000000000000     
   8.7499999999998579        1.0000000000000000     
   8.7599999999998577        1.0000000000000000     
   8.7699999999998575        1.0000000000000000     
   8.7799999999998573        1.0000000000000000     
   8.7899999999998570        1.0000000000000000     
   8.7999999999998568        1.0000000000000000     
   8.8099999999998566        1.0000000000000000     
   8.8199999999998564        1.0000000000000000     
   8.8299999999998562        1.0000000000000000     
   8.8399999999998560        1.0000000000000000     
   8.8499999999998558        1.0000000000000000     
   8.8599999999998555        1.0000000000000000     
   8.8699999999998553        1.0000000000000000     
   8.8799999999998551        1.0000000000000000     
   8.8899999999998549        1.0000000000000000     
   8.8999999999998547        1.0000000000000000     
   8.9099999999998545        1.0000000000000000     
   8.9199999999998543        1.0000000000000000     
   8.9299999999998541        1.0000000000000000     
   8.9399999999998538        1.0000000000000000     
   8.9499999999998536        1.0000000000000000     
   8.9599999999998534        1.0000000000000000     
   8.9699999999998532        1.0000000000000000     
   8.9799999999998530        1.0000000000000000     
   8.9899999999998528        1.0000000000000000     
   8.9999999999998526        1.0000000000000000     
   9.0099999999998523        1.0000000000000000     
   9.0199999999998521        1.0000000000000000     
   9.0299999999998519        1.0000000000000000     
   9.0399999999998517        1.0000000000000000     
   9.0499999999998515        1.0000000000000000     
   9.0599999999998513        1.0000000000000000     
   9.0699999999998511        1.0000000000000000     
   9.0799999999998509        1.0000000000000000     
   9.0899999999998506        1.0000000000000000     
   9.0999999999998504        1.0000000000000000     
   9.1099999999998502        1.0000000000000000     
   9.1199999999998500        1.0000000000000000     
   9.1299999999998498        1.0000000000000000     
   9.1399999999998496        1.0000000000000000     
   9.1499999999998494        1.0000000000000000     
   9.1599999999998492        1.0000000000000000     
   9.1699999999998489        1.0000000000000000     
   9.1799999999998487        1.0000000000000000     
   9.1899999999998485        1.0000000000000000     
   9.1999999999998483        1.0000000000000000     
   9.2099999999998481        1.0000000000000000     
   9.2199999999998479        1.0000000000000000     
   9.2299999999998477        1.0000000000000000     
   9.2399999999998474        1.0000000000000000     
   9.2499999999998472        1.0000000000000000     
   9.2599999999998470        1.0000000000000000     
   9.2699999999998468        1.0000000000000000     
   9.2799999999998466        1.0000000000000000     
   9.2899999999998464        1.0000000000000000     
   9.2999999999998462        1.0000000000000000     
   9.3099999999998460        1.0000000000000000     
   9.3199999999998457        1.0000000000000000     
   9.3299999999998455        1.0000000000000000     
   9.3399999999998453        1.0000000000000000     
   9.3499999999998451        1.0000000000000000     
   9.3599999999998449        1.0000000000000000     
   9.3699999999998447        1.0000000000000000     
   9.3799999999998445        1.0000000000000000     
   9.3899999999998442        1.0000000000000000     
   9.3999999999998440        1.0000000000000000     
   9.4099999999998438        1.0000000000000000     
   9.4199999999998436        1.0000000000000000     
   9.4299999999998434        1.0000000000000000     
   9.4399999999998432        1.0000000000000000     
   9.4499999999998430        1.0000000000000000     
   9.4599999999998428        1.0000000000000000     
   9.4699999999998425        1.0000000000000000     
   9.4799999999998423        1.0000000000000000     
   9.4899999999998421        1.0000000000000000     
   9.4999999999998419        1.0000000000000000     
   9.5099999999998417        1.0000000000000000     
   9.5199999999998415        1.0000000000000000     
   9.5299999999998413        1.0000000000000000     
   9.5399999999998411        1.0000000000000000     
   9.5499999999998408        1.0000000000000000     
   9.5599999999998406        1.0000000000000000     
   9.5699999999998404        1.0000000000000000     
   9.5799999999998402        1.0000000000000000     
   9.5899999999998400        1.0000000000000000     
   9.5999999999998398        1.0000000000000000     
   9.6099999999998396        1.0000000000000000     
   9.6199999999998393        1.0000000000000000     
   9.6299999999998391        1.0000000000000000     
   9.6399999999998389        1.0000000000000000     
   9.6499999999998387        1.0000000000000000     
   9.6599999999998385        1.0000000000000000     
   9.6699999999998383        1.0000000000000000     
   9.6799999999998381        1.0000000000000000     
   9.6899999999998379        1.0000000000000000     
   9.6999999999998376        1.0000000000000000     
   9.7099999999998374        1.0000000000000000     
   9.7199999999998372        1.0000000000000000     
   9.7299999999998370        1.0000000000000000     
   9.7399999999998368        1.0000000000000000     
   9.7499999999998366        1.0000000000000000     
   9.7599999999998364        1.0000000000000000     
   9.7699999999998361        1.0000000000000000     
   9.7799999999998359        1.0000000000000000     
   9.7899999999998357        1.0000000000000000     
   9.7999999999998355        1.0000000000000000     
   9.8099999999998353        1.0000000000000000     
   9.8199999999998351        1.0000000000000000     
   9.8299999999998349        1.0000000000000000     
   9.8399999999998347        1.0000000000000000     
   9.8499999999998344        1.0000000000000000     
   9.8599999999998342        1.0000000000000000     
   9.8699999999998340        1.0000000000000000     
   9.8799999999998338        1.0000000000000000     
   9.8899999999998336        1.0000000000000000     
   9.8999999999998334        1.0000000000000000     
   9.9099999999998332        1.0000000000000000     
   9.9199999999998330        1.0000000000000000     
   9.9299999999998327        1.0000000000000000     
   9.9399999999998325        1.0000000000000000     
   9.9499999999998323        1.0000000000000000     
   9.9599999999998321        1.0000000000000000     
   9.9699999999998319        1.0000000000000000     
   9.9799999999998317        1.0000000000000000     
   9.9899999999998315        1.0000000000000000     
   9.9999999999998312        1.0000000000000000     
