   0.0000000000000000       -4.6259292692714853E-018
   1.0000000000000000E-002   4.0079107237000616E-003
   2.0000000000000000E-002   8.0162964103967001E-003
   2.9999999999999999E-002   1.2025624806179100E-002
   4.0000000000000001E-002   1.6036349269293620E-002
   5.0000000000000003E-002   2.0048901690917543E-002
   6.0000000000000005E-002   2.4063685552906711E-002
   7.0000000000000007E-002   2.8081069167073810E-002
   8.0000000000000002E-002   3.2101379139598395E-002
   8.9999999999999997E-002   3.6124894102973738E-002
   9.9999999999999992E-002   4.0151838756442342E-002
  0.10999999999999999        4.4182378254167133E-002
  0.11999999999999998        4.8216612978423050E-002
  0.12999999999999998        5.2254573732861853E-002
  0.13999999999999999        5.6296217388422588E-002
  0.14999999999999999        6.0341423011705787E-002
  0.16000000000000000        6.4389988502633555E-002
  0.17000000000000001        6.8441627764964930E-002
  0.18000000000000002        7.2495968429759208E-002
  0.19000000000000003        7.6552550148176690E-002
  0.20000000000000004        8.0610823466119919E-002
  0.21000000000000005        8.4670149289146249E-002
  0.22000000000000006        8.8729798941891716E-002
  0.23000000000000007        9.2788954821925396E-002
  0.24000000000000007        9.6846711643593819E-002
  0.25000000000000006       0.10090207826300586     
  0.26000000000000006       0.10495398007093908     
  0.27000000000000007       0.10900126193613420     
  0.28000000000000008       0.11304269167725350     
  0.29000000000000009       0.11707696403774759     
  0.30000000000000010       0.12110270513405759     
  0.31000000000000011       0.12511847734402123     
  0.32000000000000012       0.12912278459909313     
  0.33000000000000013       0.13311407804107456     
  0.34000000000000014       0.13709076200151146     
  0.35000000000000014       0.14105120025978723     
  0.36000000000000015       0.14499372253424400     
  0.37000000000000016       0.14891663115941697     
  0.38000000000000017       0.15281820790168543     
  0.39000000000000018       0.15669672086532838     
  0.40000000000000019       0.16055043144111816     
  0.41000000000000020       0.16437760125019854     
  0.42000000000000021       0.16817649903702755     
  0.43000000000000022       0.17194540746664086     
  0.44000000000000022       0.17568262978333701     
  0.45000000000000023       0.17938649629010761     
  0.46000000000000024       0.18305537061067004     
  0.47000000000000025       0.18668765569878146     
  0.48000000000000026       0.19028179956258173     
  0.49000000000000027       0.19383630067496857     
  0.50000000000000022       0.19734971304443047     
  0.51000000000000023       0.20082065092428622     
  0.52000000000000024       0.20424779314187091     
  0.53000000000000025       0.20762988703282614     
  0.54000000000000026       0.21096575196924758     
  0.55000000000000027       0.21425428247398556     
  0.56000000000000028       0.21749445091684702     
  0.57000000000000028       0.22068530979177611     
  0.58000000000000029       0.22382599357726593     
  0.59000000000000030       0.22691572018525477     
  0.60000000000000031       0.22995379200656554     
  0.61000000000000032       0.23293959656352783     
  0.62000000000000033       0.23587260678278263     
  0.63000000000000034       0.23875238090338394     
  0.64000000000000035       0.24157856203717828     
  0.65000000000000036       0.24435087740006209     
  0.66000000000000036       0.24706913723408086     
  0.67000000000000037       0.24973323344144949     
  0.68000000000000038       0.25234313795244256     
  0.69000000000000039       0.25489890084973937     
  0.70000000000000040       0.25740064827220976     
  0.71000000000000041       0.25984858012131801     
  0.72000000000000042       0.26224296759330312     
  0.73000000000000043       0.26458415056009016     
  0.74000000000000044       0.26687253482150475     
  0.75000000000000044       0.26910858925082376     
  0.76000000000000045       0.27129284285501004     
  0.77000000000000046       0.27342588177017452     
  0.78000000000000047       0.27550834621189008     
  0.79000000000000048       0.27754092739896691     
  0.80000000000000049       0.27952436446822199     
  0.81000000000000050       0.28145944139661999     
  0.82000000000000051       0.28334698394597790     
  0.83000000000000052       0.28518785664419888     
  0.84000000000000052       0.28698295981576366     
  0.85000000000000053       0.28873322667296303     
  0.86000000000000054       0.29043962047811550     
  0.87000000000000055       0.29210313178579633     
  0.88000000000000056       0.29372477577290629     
  0.89000000000000057       0.29530558966324921     
  0.90000000000000058       0.29684663025217117     
  0.91000000000000059       0.29834897153573608     
  0.92000000000000060       0.29981370244789995     
  0.93000000000000060       0.30124192470817474     
  0.94000000000000061       0.30263475078137236     
  0.95000000000000062       0.30399330195017277     
  0.96000000000000063       0.30531870650047571     
  0.97000000000000064       0.30661209801877559     
  0.98000000000000065       0.30787461380014064     
  0.99000000000000066       0.30910739336477838     
   1.0000000000000007       0.31031157708063012     
   1.0100000000000007       0.31148830488896062     
   1.0200000000000007       0.31263871512948088     
   1.0300000000000007       0.31376394346117298     
   1.0400000000000007       0.31486512187466936     
   1.0500000000000007       0.31594337779176257     
   1.0600000000000007       0.31699983324740172     
   1.0700000000000007       0.31803560414934717     
   1.0800000000000007       0.31905179961051389     
   1.0900000000000007       0.32004952134893072     
   1.1000000000000008       0.32102986315017262     
   1.1100000000000008       0.32199391038708930     
   1.1200000000000008       0.32294273959164504     
   1.1300000000000008       0.32387741807371212     
   1.1400000000000008       0.32479900358170377     
   1.1500000000000008       0.32570854400001586     
   1.1600000000000008       0.32660707707833742     
   1.1700000000000008       0.32749563018801636     
   1.1800000000000008       0.32837522010080661     
   1.1900000000000008       0.32924685278549043     
   1.2000000000000008       0.33011152321804860     
   1.2100000000000009       0.33097021520126019     
   1.2200000000000009       0.33182390118983457     
   1.2300000000000009       0.33267354211742206     
   1.2400000000000009       0.33352008722211507     
   1.2500000000000009       0.33436447386733276     
   1.2600000000000009       0.33520762735528670     
   1.2700000000000009       0.33605046073055012     
   1.2800000000000009       0.33689387457159331     
   1.2900000000000009       0.33773875676852100     
   1.3000000000000009       0.33858598228562292     
   1.3100000000000009       0.33943641290776383     
   1.3200000000000010       0.34029089697005849     
   1.3300000000000010       0.34115026907072754     
   1.3400000000000010       0.34201534976748721     
   1.3500000000000010       0.34288694525831404     
   1.3600000000000010       0.34376584704791080     
   1.3700000000000010       0.34465283160171767     
   1.3800000000000010       0.34554865998982032     
   1.3900000000000010       0.34645407752363627     
   1.4000000000000010       0.34736981338878420     
   1.4100000000000010       0.34829658027806559     
   1.4200000000000010       0.34923507402900128     
   1.4300000000000010       0.35018597327087342     
   1.4400000000000011       0.35114993908670011     
   1.4500000000000011       0.35212761469603387     
   1.4600000000000011       0.35311962516489093     
   1.4700000000000011       0.35412657714950768     
   1.4800000000000011       0.35514905868094321     
   1.4900000000000011       0.35618763899783007     
   1.5000000000000011       0.35724286843477460     
   1.5100000000000011       0.35831527837404709     
   1.5200000000000011       0.35940538126824900     
   1.5300000000000011       0.36051367074160628     
   1.5400000000000011       0.36164062177739820     
   1.5500000000000012       0.36278669099879735     
   1.5600000000000012       0.36395231705003900     
   1.5700000000000012       0.36513792108438664     
   1.5800000000000012       0.36634390736477879     
   1.5900000000000012       0.36757066398235722     
   1.6000000000000012       0.36881856369727012     
   1.6100000000000012       0.37008796490522794     
   1.6200000000000012       0.37137921273226665     
   1.6300000000000012       0.37269264025905818     
   1.6400000000000012       0.37402856987488442     
   1.6500000000000012       0.37538731476011017     
   1.6600000000000013       0.37676918049462360     
   1.6700000000000013       0.37817446678830585     
   1.6800000000000013       0.37960346932814648     
   1.6900000000000013       0.38105648173514889     
   1.7000000000000013       0.38253379762271078     
   1.7100000000000013       0.38403571274671910     
   1.7200000000000013       0.38556252723618512     
   1.7300000000000013       0.38711454789190336     
   1.7400000000000013       0.38869209053934095     
   1.7500000000000013       0.39029548242079343     
   1.7600000000000013       0.39192506461077059     
   1.7700000000000014       0.39358119443764750     
   1.7800000000000014       0.39526424789381492     
   1.7900000000000014       0.39697462201591721     
   1.8000000000000014       0.39871273721629058     
   1.8100000000000014       0.40047903954638103     
   1.8200000000000014       0.40227400287278847     
   1.8300000000000014       0.40409813094659192     
   1.8400000000000014       0.40595195934680595     
   1.8500000000000014       0.40783605727916244     
   1.8600000000000014       0.40975102921192352     
   1.8700000000000014       0.41169751633107832     
   1.8800000000000014       0.41367619779806125     
   1.8900000000000015       0.41568779179404364     
   1.9000000000000015       0.41773305633585561     
   1.9100000000000015       0.41981278984971482     
   1.9200000000000015       0.42192783149012564     
   1.9300000000000015       0.42407906119255911     
   1.9400000000000015       0.42626739944983655     
   1.9500000000000015       0.42849380680347809     
   1.9600000000000015       0.43075928304264477     
   1.9700000000000015       0.43306486610468647     
   1.9800000000000015       0.43541163067269295     
   1.9900000000000015       0.43780068646683717     
   2.0000000000000013       0.44023317622768232     
   2.0100000000000011       0.44271027339098196     
   2.0200000000000009       0.44523317945488478     
   2.0300000000000007       0.44780312104178033     
   2.0400000000000005       0.45042134665837419     
   2.0500000000000003       0.45308912315890887     
   2.0600000000000001       0.45580773191776786     
   2.0699999999999998       0.45857846471903740     
   2.0799999999999996       0.46140261937192745     
   2.0899999999999994       0.46428149506230371     
   2.0999999999999992       0.46721638745193922     
   2.1099999999999990       0.47020858353848333     
   2.1199999999999988       0.47325935629054200     
   2.1299999999999986       0.47636995907370011     
   2.1399999999999983       0.47954161988477156     
   2.1499999999999981       0.48277553541303991     
   2.1599999999999979       0.48607286494875690     
   2.1699999999999977       0.48943472416068112     
   2.1799999999999975       0.49286217876595856     
   2.1899999999999973       0.49635623811717067     
   2.1999999999999971       0.49991784873287143     
   2.2099999999999969       0.50354788779940929     
   2.2199999999999966       0.50724715667325115     
   2.2299999999999964       0.51101637441437009     
   2.2399999999999962       0.51485617138253081     
   2.2499999999999960       0.51876708292944873     
   2.2599999999999958       0.52274954322081546     
   2.2699999999999956       0.52680387922303895     
   2.2799999999999954       0.53093030489021287     
   2.2899999999999952       0.53512891558729714     
   2.2999999999999949       0.53939968278572359     
   2.3099999999999947       0.54374244906762048     
   2.3199999999999945       0.54815692347456491     
   2.3299999999999943       0.55264267723619775     
   2.3399999999999941       0.55719913991316028     
   2.3499999999999939       0.56182559598763271     
   2.3599999999999937       0.56652118193325374     
   2.3699999999999934       0.57128488379438791     
   2.3799999999999932       0.57611553530258053     
   2.3899999999999930       0.58101181655560363     
   2.3999999999999928       0.58597225328176616     
   2.4099999999999926       0.59099521670915689     
   2.4199999999999924       0.59607892405622176     
   2.4299999999999922       0.60122143965657404     
   2.4399999999999920       0.60642067672723954     
   2.4499999999999917       0.61167439978564897     
   2.4599999999999915       0.61698022771668581     
   2.4699999999999913       0.62233563748696019     
   2.4799999999999911       0.62773796849930485     
   2.4899999999999909       0.63318442757626348     
   2.4999999999999907       0.63867209455714691     
   2.5099999999999905       0.64419792848907231     
   2.5199999999999902       0.64975877438834462     
   2.5299999999999900       0.65535137054459869     
   2.5399999999999898       0.66097235633634854     
   2.5499999999999896       0.66661828052301597     
   2.5599999999999894       0.67228560997515485     
   2.5699999999999892       0.67797073880150649     
   2.5799999999999890       0.68366999782870874     
   2.5899999999999888       0.68937966438698572     
   2.5999999999999885       0.69509597235298337     
   2.6099999999999883       0.70081512239909272     
   2.6199999999999881       0.70653329239715879     
   2.6299999999999879       0.71224664792339165     
   2.6399999999999877       0.71795135281062183     
   2.6499999999999875       0.72364357969373583     
   2.6599999999999873       0.72931952049426207     
   2.6699999999999871       0.73497539679055268     
   2.6799999999999868       0.74060747002095140     
   2.6899999999999866       0.74621205146859626     
   2.6999999999999864       0.75178551197821852     
   2.7099999999999862       0.75732429135732371     
   2.7199999999999860       0.76282490741655462     
   2.7299999999999858       0.76828396460676063     
   2.7399999999999856       0.77369816221334886     
   2.7499999999999853       0.77906430207180533     
   2.7599999999999851       0.78437929577185406     
   2.7699999999999849       0.78964017132151498     
   2.7799999999999847       0.79484407924629252     
   2.7899999999999845       0.79998829810284489     
   2.7999999999999843       0.80507023939070310     
   2.8099999999999841       0.81008745184988917     
   2.8199999999999839       0.81503762513658318     
   2.8299999999999836       0.81991859287326940     
   2.8399999999999834       0.82472833507398569     
   2.8499999999999832       0.82946497994942592     
   2.8599999999999830       0.83412680510059234     
   2.8699999999999828       0.83871223811345963     
   2.8799999999999826       0.84321985657069287     
   2.8899999999999824       0.84764838749976301     
   2.8999999999999821       0.85199670627983348     
   2.9099999999999819       0.85626383503256420     
   2.9199999999999817       0.86044894052437870     
   2.9299999999999815       0.86455133160986719     
   2.9399999999999813       0.86857045624775864     
   2.9499999999999811       0.87250589812233059     
   2.9599999999999809       0.87635737290421467     
   2.9699999999999807       0.88012472418531551     
   2.9799999999999804       0.88380791912299517     
   2.9899999999999802       0.88740704382879987     
   2.9999999999999800       0.89092229853681904     
   3.0099999999999798       0.89435399258633286     
   3.0199999999999796       0.89770253925267351     
   3.0299999999999794       0.90096845045929552     
   3.0399999999999792       0.90415233140288909     
   3.0499999999999790       0.90725487512203451     
   3.0599999999999787       0.91027685703839978     
   3.0699999999999785       0.91321912949784723     
   3.0799999999999783       0.91608261633708743     
   3.0899999999999781       0.91886830749969384     
   3.0999999999999779       0.92157725372341570     
   3.1099999999999777       0.92421056131881352     
   3.1199999999999775       0.92676938705732514     
   3.1299999999999772       0.92925493318493224     
   3.1399999999999770       0.93166844257572057     
   3.1499999999999768       0.93401119403775590     
   3.1599999999999766       0.93628449778190292     
   3.1699999999999764       0.93848969106247437     
   3.1799999999999762       0.94062813399694256     
   3.1899999999999760       0.94270120557034964     
   3.1999999999999758       0.94471029982861365     
   3.2099999999999755       0.94665682226348036     
   3.2199999999999753       0.94854218639063415     
   3.2299999999999751       0.95036781052127084     
   3.2399999999999749       0.95213511472635304     
   3.2499999999999747       0.95384551799179651     
   3.2599999999999745       0.95550043556195619     
   3.2699999999999743       0.95710127646797849     
   3.2799999999999740       0.95864944123693840     
   3.2899999999999738       0.96014631977704135     
   3.2999999999999736       0.96159328943369415     
   3.3099999999999734       0.96299171321080512     
   3.3199999999999732       0.96434293815132843     
   3.3299999999999730       0.96564829387080098     
   3.3399999999999728       0.96690909123738444     
   3.3499999999999726       0.96812662119180148     
   3.3599999999999723       0.96930215370045314     
   3.3699999999999721       0.97043693683495080     
   3.3799999999999719       0.97153219597130980     
   3.3899999999999717       0.97258913310210093     
   3.3999999999999715       0.97360892625490425     
   3.4099999999999713       0.97459272901056915     
   3.4199999999999711       0.97554167011487170     
   3.4299999999999708       0.97645685317735198     
   3.4399999999999706       0.97733935645128367     
   3.4499999999999704       0.97819023268892458     
   3.4599999999999702       0.97901050906640352     
   3.4699999999999700       0.97980118717282350     
   3.4799999999999698       0.98056324305837272     
   3.4899999999999696       0.98129762733649362     
   3.4999999999999694       0.98200526533534938     
   3.5099999999999691       0.98268705729411632     
   3.5199999999999689       0.98334387859981387     
   3.5299999999999687       0.98397658006065303     
   3.5399999999999685       0.98458598821208587     
   3.5499999999999683       0.98517290565198812     
   3.5599999999999681       0.98573811140160472     
   3.5699999999999679       0.98628236128910141     
   3.5799999999999677       0.98680638835280188     
   3.5899999999999674       0.98731090326134341     
   3.5999999999999672       0.98779659474821002     
   3.6099999999999670       0.98826413005827163     
   3.6199999999999668       0.98871415540414009     
   3.6299999999999666       0.98914729643031374     
   3.6399999999999664       0.98956415868323999     
   3.6499999999999662       0.98996532808559501     
   3.6599999999999659       0.99035137141319940     
   3.6699999999999657       0.99072283677313955     
   3.6799999999999655       0.99108025408178735     
   3.6899999999999653       0.99142413554153108     
   3.6999999999999651       0.99175497611514951     
   3.7099999999999649       0.99207325399684931     
   3.7199999999999647       0.99237943107911819     
   3.7299999999999645       0.99267395341459574     
   3.7399999999999642       0.99295725167228943     
   3.7499999999999640       0.99322974158752075     
   3.7599999999999638       0.99349182440506778     
   3.7699999999999636       0.99374388731503460     
   3.7799999999999634       0.99398630388105458     
   3.7899999999999632       0.99421943446048189     
   3.7999999999999630       0.99444362661627517     
   3.8099999999999627       0.99465921552034986     
   3.8199999999999625       0.99486652434819189     
   3.8299999999999623       0.99506586466459357     
   3.8399999999999621       0.99525753680038964     
   3.8499999999999619       0.99544183022012922     
   3.8599999999999617       0.99561902388061874     
   3.8699999999999615       0.99578938658034011     
   3.8799999999999613       0.99595317729973765     
   3.8899999999999610       0.99611064553241080     
   3.8999999999999608       0.99626203160726756     
   3.9099999999999606       0.99640756700171018     
   3.9199999999999604       0.99654747464593507     
   3.9299999999999602       0.99668196921846641     
   3.9399999999999600       0.99681125743301591     
   3.9499999999999598       0.99693553831681736     
   3.9599999999999596       0.99705500348056686     
   3.9699999999999593       0.99716983738010667     
   3.9799999999999591       0.99728021757002006     
   3.9899999999999589       0.99738631494928220     
   3.9999999999999587       0.99748829399914307     
   4.0099999999999589       0.99758631301340328     
   4.0199999999999587       0.99768052432125953     
   4.0299999999999585       0.99777107450288638     
   4.0399999999999583       0.99785810459793856     
   4.0499999999999581       0.99794175030714527     
   4.0599999999999579       0.99802214218717189     
   4.0699999999999577       0.99809940583893297     
   4.0799999999999574       0.99817366208952241     
   4.0899999999999572       0.99824502716794805     
   4.0999999999999570       0.99831361287483167     
   4.1099999999999568       0.99837952674626029     
   4.1199999999999566       0.99844287221194195     
   4.1299999999999564       0.99850374874785475     
   4.1399999999999562       0.99856225202353199     
   4.1499999999999559       0.99861847404416615     
   4.1599999999999557       0.99867250328767565     
   4.1699999999999555       0.99872442483689827     
   4.1799999999999553       0.99877432050706971     
   4.1899999999999551       0.99882226896872484     
   4.1999999999999549       0.99886834586617745     
   4.2099999999999547       0.99891262393172331     
   4.2199999999999545       0.99895517309570270     
   4.2299999999999542       0.99899606059255708     
   4.2399999999999540       0.99903535106302022     
   4.2499999999999538       0.99907310665256732     
   4.2599999999999536       0.99910938710625252     
   4.2699999999999534       0.99914424986005734     
   4.2799999999999532       0.99917775012886534     
   4.2899999999999530       0.99920994099118443     
   4.2999999999999527       0.99924087347072688     
   4.3099999999999525       0.99927059661495976     
   4.3199999999999523       0.99929915757072474     
   4.3299999999999521       0.99932660165704112     
   4.3399999999999519       0.99935297243517773     
   4.3499999999999517       0.99937831177610981     
   4.3599999999999515       0.99940265992543031     
   4.3699999999999513       0.99942605556583253     
   4.3799999999999510       0.99944853587722848     
   4.3899999999999508       0.99947013659460371     
   4.3999999999999506       0.99949089206368669     
   4.4099999999999504       0.99951083529450457     
   4.4199999999999502       0.99952999801291587     
   4.4299999999999500       0.99954841071018485     
   4.4399999999999498       0.99956610269066903     
   4.4499999999999496       0.99958310211769241     
   4.4599999999999493       0.99959943605767643     
   4.4699999999999491       0.99961513052258066     
   4.4799999999999489       0.99963021051072609     
   4.4899999999999487       0.99964470004605543     
   4.4999999999999485       0.99965862221589596     
   4.5099999999999483       0.99967199920727012     
   4.5199999999999481       0.99968485234181614     
   4.5299999999999478       0.99969720210937085     
   4.5399999999999476       0.99970906820025851     
   4.5499999999999474       0.99972046953634086     
   4.5599999999999472       0.99973142430087469     
   4.5699999999999470       0.99974194996721355     
   4.5799999999999468       0.99975206332641020     
   4.5899999999999466       0.99976178051375131     
   4.5999999999999464       0.99977111703426935     
   4.6099999999999461       0.99978008778727068     
   4.6199999999999459       0.99978870708991219     
   4.6299999999999457       0.99979698869987210     
   4.6399999999999455       0.99980494583714030     
   4.6499999999999453       0.99981259120496591     
   4.6599999999999451       0.99981993700999483     
   4.6699999999999449       0.99982699498162864     
   4.6799999999999446       0.99983377639062665     
   4.6899999999999444       0.99984029206699665     
   4.6999999999999442       0.99984655241718279     
   4.7099999999999440       0.99985256744059414     
   4.7199999999999438       0.99985834674548080     
   4.7299999999999436       0.99986389956420851     
   4.7399999999999434       0.99986923476792666     
   4.7499999999999432       0.99987436088066894     
   4.7599999999999429       0.99987928609291432     
   4.7699999999999427       0.99988401827460904     
   4.7799999999999425       0.99988856498768941     
   4.7899999999999423       0.99989293349811348     
   4.7999999999999421       0.99989713078742648     
   4.8099999999999419       0.99990116356387493     
   4.8199999999999417       0.99990503827309063     
   4.8299999999999415       0.99990876110835059     
   4.8399999999999412       0.99991233802044743     
   4.8499999999999410       0.99991577472716786     
   4.8599999999999408       0.99991907672240365     
   4.8699999999999406       0.99992224928490725     
   4.8799999999999404       0.99992529748670667     
   4.8899999999999402       0.99992822620119226     
   4.8999999999999400       0.99993104011088529     
   4.9099999999999397       0.99993374371490573     
   4.9199999999999395       0.99993634133614817     
   4.9299999999999393       0.99993883712817766     
   4.9399999999999391       0.99994123508185562     
   4.9499999999999389       0.99994353903170541     
   4.9599999999999387       0.99994575266203434     
   4.9699999999999385       0.99994787951281217     
   4.9799999999999383       0.99994992298531893     
   4.9899999999999380       0.99995188634757659     
   4.9999999999999378       0.99995377273956532     
   5.0099999999999376       0.99995558517823591     
   5.0199999999999374       0.99995732656232594     
   5.0299999999999372       0.99995899967699220     
   5.0399999999999370       0.99996060719825419     
   5.0499999999999368       0.99996215169726899     
   5.0599999999999365       0.99996363564443913     
   5.0699999999999363       0.99996506141335795     
   5.0799999999999361       0.99996643128460105     
   5.0899999999999359       0.99996774744936945     
   5.0999999999999357       0.99996901201298993     
   5.1099999999999355       0.99997022699827920     
   5.1199999999999353       0.99997139434877746     
   5.1299999999999351       0.99997251593185077     
   5.1399999999999348       0.99997359354167792     
   5.1499999999999346       0.99997462890211730     
   5.1599999999999344       0.99997562366946047     
   5.1699999999999342       0.99997657943507978     
   5.1799999999999340       0.99997749772797351     
   5.1899999999999338       0.99997838001720918     
   5.1999999999999336       0.99997922771426939     
   5.2099999999999334       0.99998004217531200     
   5.2199999999999331       0.99998082470333516     
   5.2299999999999329       0.99998157655026176     
   5.2399999999999327       0.99998229891894130     
   5.2499999999999325       0.99998299296506987     
   5.2599999999999323       0.99998365979904313     
   5.2699999999999321       0.99998430048772846     
   5.2799999999999319       0.99998491605617001     
   5.2899999999999316       0.99998550748922976     
   5.2999999999999314       0.99998607573316267     
   5.3099999999999312       0.99998662169712704     
   5.3199999999999310       0.99998714625464069     
   5.3299999999999308       0.99998765024497904     
   5.3399999999999306       0.99998813447451262     
   5.3499999999999304       0.99998859971800347     
   5.3599999999999302       0.99998904671983624     
   5.3699999999999299       0.99998947619521605     
   5.3799999999999297       0.99998988883130835     
   5.3899999999999295       0.99999028528833778     
   5.3999999999999293       0.99999066620064658     
   5.4099999999999291       0.99999103217770691     
   5.4199999999999289       0.99999138380509744     
   5.4299999999999287       0.99999172164543759     
   5.4399999999999284       0.99999204623929161     
   5.4499999999999282       0.99999235810602805     
   5.4599999999999280       0.99999265774465507     
   5.4699999999999278       0.99999294563461572     
   5.4799999999999276       0.99999322223655629     
   5.4899999999999274       0.99999348799306220     
   5.4999999999999272       0.99999374332936830     
   5.5099999999999270       0.99999398865403644     
   5.5199999999999267       0.99999422435960916     
   5.5299999999999265       0.99999445082323957     
   5.5399999999999263       0.99999466840729345     
   5.5499999999999261       0.99999487745992999     
   5.5599999999999259       0.99999507831565693     
   5.5699999999999257       0.99999527129586785     
   5.5799999999999255       0.99999545670935486     
   5.5899999999999253       0.99999563485280074     
   5.5999999999999250       0.99999580601126103     
   5.6099999999999248       0.99999597045861000     
   5.6199999999999246       0.99999612845798602     
   5.6299999999999244       0.99999628026221077     
   5.6399999999999242       0.99999642611419215     
   5.6499999999999240       0.99999656624731381     
   5.6599999999999238       0.99999670088580961     
   5.6699999999999235       0.99999683024512176     
   5.6799999999999233       0.99999695453224480     
   5.6899999999999231       0.99999707394605764     
   5.6999999999999229       0.99999718867763965     
   5.7099999999999227       0.99999729891058120     
   5.7199999999999225       0.99999740482127253     
   5.7299999999999223       0.99999750657918707     
   5.7399999999999221       0.99999760434715623     
   5.7499999999999218       0.99999769828162277     
   5.7599999999999216       0.99999778853289889     
   5.7699999999999214       0.99999787524540251     
   5.7799999999999212       0.99999795855788765     
   5.7899999999999210       0.99999803860366965     
   5.7999999999999208       0.99999811551083528     
   5.8099999999999206       0.99999818940244911     
   5.8199999999999203       0.99999826039675244     
   5.8299999999999201       0.99999832860734716     
   5.8399999999999199       0.99999839414338376     
   5.8499999999999197       0.99999845710973123     
   5.8599999999999195       0.99999851760714853     
   5.8699999999999193       0.99999857573244089     
   5.8799999999999191       0.99999863157862023     
   5.8899999999999189       0.99999868523505120     
   5.8999999999999186       0.99999873678759454     
   5.9099999999999184       0.99999878631874350     
   5.9199999999999182       0.99999883390775712     
   5.9299999999999180       0.99999887963078715     
   5.9399999999999178       0.99999892356099995     
   5.9499999999999176       0.99999896576869085     
   5.9599999999999174       0.99999900632140137     
   5.9699999999999172       0.99999904528402361     
   5.9799999999999169       0.99999908271890481     
   5.9899999999999167       0.99999911868594882     
   5.9999999999999165       0.99999915324270949     
   6.0099999999999163       0.99999918644448504     
   6.0199999999999161       0.99999921834440364     
   6.0299999999999159       0.99999924899351278     
   6.0399999999999157       0.99999927844085723     
   6.0499999999999154       0.99999930673355708     
   6.0599999999999152       0.99999933391688778     
   6.0699999999999150       0.99999936003434675     
   6.0799999999999148       0.99999938512772901     
   6.0899999999999146       0.99999940923718744     
   6.0999999999999144       0.99999943240130307     
   6.1099999999999142       0.99999945465714213     
   6.1199999999999140       0.99999947604031980     
   6.1299999999999137       0.99999949658505194     
   6.1399999999999135       0.99999951632421580     
   6.1499999999999133       0.99999953528939711     
   6.1599999999999131       0.99999955351094483     
   6.1699999999999129       0.99999957101801673     
   6.1799999999999127       0.99999958783862708     
   6.1899999999999125       0.99999960399969290     
   6.1999999999999122       0.99999961952707495     
   6.2099999999999120       0.99999963444562112     
   6.2199999999999118       0.99999964877920389     
   6.2299999999999116       0.99999966255075901     
   6.2399999999999114       0.99999967578232452     
   6.2499999999999112       0.99999968849507359     
   6.2599999999999110       0.99999970070934907     
   6.2699999999999108       0.99999971244469721     
   6.2799999999999105       0.99999972371989598     
   6.2899999999999103       0.99999973455298763     
   6.2999999999999101       0.99999974496130883     
   6.3099999999999099       0.99999975496151416     
   6.3199999999999097       0.99999976456960582     
   6.3299999999999095       0.99999977380095972     
   6.3399999999999093       0.99999978267034739     
   6.3499999999999091       0.99999979119196170     
   6.3599999999999088       0.99999979937943861     
   6.3699999999999086       0.99999980724588033     
   6.3799999999999084       0.99999981480387479     
   6.3899999999999082       0.99999982206551608     
   6.3999999999999080       0.99999982904242446     
   6.4099999999999078       0.99999983574576490     
   6.4199999999999076       0.99999984218626325     
   6.4299999999999073       0.99999984837422662     
   6.4399999999999071       0.99999985431955662     
   6.4499999999999069       0.99999986003176711     
   6.4599999999999067       0.99999986551999820     
   6.4699999999999065       0.99999987079303365     
   6.4799999999999063       0.99999987585930994     
   6.4899999999999061       0.99999988072693480     
   6.4999999999999059       0.99999988540369722     
   6.5099999999999056       0.99999988989708199     
   6.5199999999999054       0.99999989421427815     
   6.5299999999999052       0.99999989836219483     
   6.5399999999999050       0.99999990234746938     
   6.5499999999999048       0.99999990617647871     
   6.5599999999999046       0.99999990985535125     
   6.5699999999999044       0.99999991338997285     
   6.5799999999999041       0.99999991678600020     
   6.5899999999999039       0.99999992004886706     
   6.5999999999999037       0.99999992318379549     
   6.6099999999999035       0.99999992619580158     
   6.6199999999999033       0.99999992908970514     
   6.6299999999999031       0.99999993187013725     
   6.6399999999999029       0.99999993454154745     
   6.6499999999999027       0.99999993710820922     
   6.6599999999999024       0.99999993957423128     
   6.6699999999999022       0.99999994194355935     
   6.6799999999999020       0.99999994421998439     
   6.6899999999999018       0.99999994640715062     
   6.6999999999999016       0.99999994850855556     
   6.7099999999999014       0.99999995052756374     
   6.7199999999999012       0.99999995246740569     
   6.7299999999999010       0.99999995433118516     
   6.7399999999999007       0.99999995612188497     
   6.7499999999999005       0.99999995784237017     
   6.7599999999999003       0.99999995949539444     
   6.7699999999999001       0.99999996108360278     
   6.7799999999998999       0.99999996260953627     
   6.7899999999998997       0.99999996407563740     
   6.7999999999998995       0.99999996548425119     
   6.8099999999998992       0.99999996683763326     
   6.8199999999998990       0.99999996813794834     
   6.8299999999998988       0.99999996938727709     
   6.8399999999998986       0.99999997058761902     
   6.8499999999998984       0.99999997174089461     
   6.8599999999998982       0.99999997284895026     
   6.8699999999998980       0.99999997391355810     
   6.8799999999998978       0.99999997493642201     
   6.8899999999998975       0.99999997591917877     
   6.8999999999998973       0.99999997686340103     
   6.9099999999998971       0.99999997777060068     
   6.9199999999998969       0.99999997864222789     
   6.9299999999998967       0.99999997947967800     
   6.9399999999998965       0.99999998028429149     
   6.9499999999998963       0.99999998105735488     
   6.9599999999998960       0.99999998180010696     
   6.9699999999998958       0.99999998251373468     
   6.9799999999998956       0.99999998319938121     
   6.9899999999998954       0.99999998385814248     
   6.9999999999998952       0.99999998449107386     
   7.0099999999998950       0.99999998509918786     
   7.0199999999998948       0.99999998568345660     
   7.0299999999998946       0.99999998624481634     
   7.0399999999998943       0.99999998678416535     
   7.0499999999998941       0.99999998730236506     
   7.0599999999998939       0.99999998780024668     
   7.0699999999998937       0.99999998827860559     
   7.0799999999998935       0.99999998873820839     
   7.0899999999998933       0.99999998917978916     
   7.0999999999998931       0.99999998960405601     
   7.1099999999998929       0.99999999001168671     
   7.1199999999998926       0.99999999040333420     
   7.1299999999998924       0.99999999077962476     
   7.1399999999998922       0.99999999114116089     
   7.1499999999998920       0.99999999148852048     
   7.1599999999998918       0.99999999182226029     
   7.1699999999998916       0.99999999214291468     
   7.1799999999998914       0.99999999245099513     
   7.1899999999998911       0.99999999274699558     
   7.1999999999998909       0.99999999303138998     
   7.2099999999998907       0.99999999330463296     
   7.2199999999998905       0.99999999356716252     
   7.2299999999998903       0.99999999381939764     
   7.2399999999998901       0.99999999406174223     
   7.2499999999998899       0.99999999429458475     
   7.2599999999998897       0.99999999451829691     
   7.2699999999998894       0.99999999473323797     
   7.2799999999998892       0.99999999493975089     
   7.2899999999998890       0.99999999513816562     
   7.2999999999998888       0.99999999532880102     
   7.3099999999998886       0.99999999551196150     
   7.3199999999998884       0.99999999568793996     
   7.3299999999998882       0.99999999585701793     
   7.3399999999998879       0.99999999601946676     
   7.3499999999998877       0.99999999617554625     
   7.3599999999998875       0.99999999632550496     
   7.3699999999998873       0.99999999646958393     
   7.3799999999998871       0.99999999660801331     
   7.3899999999998869       0.99999999674101459     
   7.3999999999998867       0.99999999686880203     
   7.4099999999998865       0.99999999699157760     
   7.4199999999998862       0.99999999710953957     
   7.4299999999998860       0.99999999722287625     
   7.4399999999998858       0.99999999733176859     
   7.4499999999998856       0.99999999743639190     
   7.4599999999998854       0.99999999753691171     
   7.4699999999998852       0.99999999763349123     
   7.4799999999998850       0.99999999772628367     
   7.4899999999998847       0.99999999781543725     
   7.4999999999998845       0.99999999790109462     
   7.5099999999998843       0.99999999798339445     
   7.5199999999998841       0.99999999806246642     
   7.5299999999998839       0.99999999813843843     
   7.5399999999998837       0.99999999821143104     
   7.5499999999998835       0.99999999828156172     
   7.5599999999998833       0.99999999834894282     
   7.5699999999998830       0.99999999841368181     
   7.5799999999998828       0.99999999847588183     
   7.5899999999998826       0.99999999853564336     
   7.5999999999998824       0.99999999859306188     
   7.6099999999998822       0.99999999864822897     
   7.6199999999998820       0.99999999870123257     
   7.6299999999998818       0.99999999875215739     
   7.6399999999998816       0.99999999880108670     
   7.6499999999998813       0.99999999884809643     
   7.6599999999998811       0.99999999889326308     
   7.6699999999998809       0.99999999893665936     
   7.6799999999998807       0.99999999897835323     
   7.6899999999998805       0.99999999901841286     
   7.6999999999998803       0.99999999905690096     
   7.7099999999998801       0.99999999909388038     
   7.7199999999998798       0.99999999912941018     
   7.7299999999998796       0.99999999916354632     
   7.7399999999998794       0.99999999919634419     
   7.7499999999998792       0.99999999922785576     
   7.7599999999998790       0.99999999925813243     
   7.7699999999998788       0.99999999928722128     
   7.7799999999998786       0.99999999931516992     
   7.7899999999998784       0.99999999934202222     
   7.7999999999998781       0.99999999936782180     
   7.8099999999998779       0.99999999939261031     
   7.8199999999998777       0.99999999941642626     
   7.8299999999998775       0.99999999943930851     
   7.8399999999998773       0.99999999946129314     
   7.8499999999998771       0.99999999948241625     
   7.8599999999998769       0.99999999950271123     
   7.8699999999998766       0.99999999952221019     
   7.8799999999998764       0.99999999954094454     
   7.8899999999998762       0.99999999955894425     
   7.8999999999998760       0.99999999957623809     
   7.9099999999998758       0.99999999959285446     
   7.9199999999998756       0.99999999960881858     
   7.9299999999998754       0.99999999962415742     
   7.9399999999998752       0.99999999963889408     
   7.9499999999998749       0.99999999965305342     
   7.9599999999998747       0.99999999966665731     
   7.9699999999998745       0.99999999967972741     
   7.9799999999998743       0.99999999969228615     
   7.9899999999998741       0.99999999970435161     
   7.9999999999998739       0.99999999971594400     
   8.0099999999998737       0.99999999972708220     
   8.0199999999998735       0.99999999973778309     
   8.0299999999998732       0.99999999974806508     
   8.0399999999998730       0.99999999975794374     
   8.0499999999998728       0.99999999976743448     
   8.0599999999998726       0.99999999977655341     
   8.0699999999998724       0.99999999978531529     
   8.0799999999998722       0.99999999979373333     
   8.0899999999998720       0.99999999980182108     
   8.0999999999998717       0.99999999980959153     
   8.1099999999998715       0.99999999981705756     
   8.1199999999998713       0.99999999982423071     
   8.1299999999998711       0.99999999983112320     
   8.1399999999998709       0.99999999983774479     
   8.1499999999998707       0.99999999984410648     
   8.1599999999998705       0.99999999985021903     
   8.1699999999998703       0.99999999985609245     
   8.1799999999998700       0.99999999986173504     
   8.1899999999998698       0.99999999986715604     
   8.1999999999998696       0.99999999987236521     
   8.2099999999998694       0.99999999987736998     
   8.2199999999998692       0.99999999988217858     
   8.2299999999998690       0.99999999988679844     
   8.2399999999998688       0.99999999989123678     
   8.2499999999998685       0.99999999989550137     
   8.2599999999998683       0.99999999989959865     
   8.2699999999998681       0.99999999990353594     
   8.2799999999998679       0.99999999990731847     
   8.2899999999998677       0.99999999991095245     
   8.2999999999998675       0.99999999991444410     
   8.3099999999998673       0.99999999991779853     
   8.3199999999998671       0.99999999992102218     
   8.3299999999998668       0.99999999992411814     
   8.3399999999998666       0.99999999992709376     
   8.3499999999998664       0.99999999992995259     
   8.3599999999998662       0.99999999993269917     
   8.3699999999998660       0.99999999993533828     
   8.3799999999998658       0.99999999993787370     
   8.3899999999998656       0.99999999994030964     
   8.3999999999998654       0.99999999994265043     
   8.4099999999998651       0.99999999994489908     
   8.4199999999998649       0.99999999994705957     
   8.4299999999998647       0.99999999994913524     
   8.4399999999998645       0.99999999995112943     
   8.4499999999998643       0.99999999995304611     
   8.4599999999998641       0.99999999995488686     
   8.4699999999998639       0.99999999995665589     
   8.4799999999998636       0.99999999995835565     
   8.4899999999998634       0.99999999995998856     
   8.4999999999998632       0.99999999996155697     
   8.5099999999998630       0.99999999996306455     
   8.5199999999998628       0.99999999996451272     
   8.5299999999998626       0.99999999996590416     
   8.5399999999998624       0.99999999996724087     
   8.5499999999998622       0.99999999996852573     
   8.5599999999998619       0.99999999996975986     
   8.5699999999998617       0.99999999997094580     
   8.5799999999998615       0.99999999997208489     
   8.5899999999998613       0.99999999997317890     
   8.5999999999998611       0.99999999997423117     
   8.6099999999998609       0.99999999997524147     
   8.6199999999998607       0.99999999997621192     
   8.6299999999998604       0.99999999997714495     
   8.6399999999998602       0.99999999997804112     
   8.6499999999998600       0.99999999997890221     
   8.6599999999998598       0.99999999997972910     
   8.6699999999998596       0.99999999998052436     
   8.6799999999998594       0.99999999998128786     
   8.6899999999998592       0.99999999998202183     
   8.6999999999998590       0.99999999998272660     
   8.7099999999998587       0.99999999998340383     
   8.7199999999998585       0.99999999998405442     
   8.7299999999998583       0.99999999998467948     
   8.7399999999998581       0.99999999998528055     
   8.7499999999998579       0.99999999998585742     
   8.7599999999998577       0.99999999998641209     
   8.7699999999998575       0.99999999998694500     
   8.7799999999998573       0.99999999998745714     
   8.7899999999998570       0.99999999998794875     
   8.7999999999998568       0.99999999998842126     
   8.8099999999998566       0.99999999998887545     
   8.8199999999998564       0.99999999998931133     
   8.8299999999998562       0.99999999998973055     
   8.8399999999998560       0.99999999999013311     
   8.8499999999998558       0.99999999999051992     
   8.8599999999998555       0.99999999999089162     
   8.8699999999998553       0.99999999999124889     
   8.8799999999998551       0.99999999999159173     
   8.8899999999998549       0.99999999999192157     
   8.8999999999998547       0.99999999999223832     
   8.9099999999998545       0.99999999999254285     
   8.9199999999998543       0.99999999999283518     
   8.9299999999998541       0.99999999999311606     
   8.9399999999998538       0.99999999999338585     
   8.9499999999998536       0.99999999999364519     
   8.9599999999998534       0.99999999999389433     
   8.9699999999998532       0.99999999999413403     
   8.9799999999998530       0.99999999999436362     
   8.9899999999998528       0.99999999999458478     
   8.9999999999998526       0.99999999999479761     
   9.0099999999998523       0.99999999999500133     
   9.0199999999998521       0.99999999999519751     
   9.0299999999998519       0.99999999999538591     
   9.0399999999998517       0.99999999999556677     
   9.0499999999998515       0.99999999999574063     
   9.0599999999998513       0.99999999999590727     
   9.0699999999998511       0.99999999999606759     
   9.0799999999998509       0.99999999999622224     
   9.0899999999998506       0.99999999999637035     
   9.0999999999998504       0.99999999999651257     
   9.1099999999998502       0.99999999999664935     
   9.1199999999998500       0.99999999999678046     
   9.1299999999998498       0.99999999999690681     
   9.1399999999998496       0.99999999999702816     
   9.1499999999998494       0.99999999999714484     
   9.1599999999998492       0.99999999999725653     
   9.1699999999998489       0.99999999999736389     
   9.1799999999998487       0.99999999999746769     
   9.1899999999998485       0.99999999999756672     
   9.1999999999998483       0.99999999999766243     
   9.2099999999998481       0.99999999999775413     
   9.2199999999998479       0.99999999999784184     
   9.2299999999998477       0.99999999999792655     
   9.2399999999998474       0.99999999999800793     
   9.2499999999998472       0.99999999999808564     
   9.2599999999998470       0.99999999999816069     
   9.2699999999998468       0.99999999999823330     
   9.2799999999998466       0.99999999999830258     
   9.2899999999998464       0.99999999999836919     
   9.2999999999998462       0.99999999999843281     
   9.3099999999998460       0.99999999999849420     
   9.3199999999998457       0.99999999999855360     
   9.3299999999998455       0.99999999999860967     
   9.3399999999998453       0.99999999999866462     
   9.3499999999998451       0.99999999999871692     
   9.3599999999998449       0.99999999999876721     
   9.3699999999998447       0.99999999999881550     
   9.3799999999998445       0.99999999999886213     
   9.3899999999998442       0.99999999999890654     
   9.3999999999998440       0.99999999999894973     
   9.4099999999998438       0.99999999999899070     
   9.4199999999998436       0.99999999999903011     
   9.4299999999998434       0.99999999999906874     
   9.4399999999998432       0.99999999999910438     
   9.4499999999998430       0.99999999999914013     
   9.4599999999998428       0.99999999999917366     
   9.4699999999998425       0.99999999999920597     
   9.4799999999998423       0.99999999999923739     
   9.4899999999998421       0.99999999999926736     
   9.4999999999998419       0.99999999999929579     
   9.5099999999998417       0.99999999999932332     
   9.5199999999998415       0.99999999999934952     
   9.5299999999998413       0.99999999999937517     
   9.5399999999998411       0.99999999999939959     
   9.5499999999998408       0.99999999999942324     
   9.5599999999998406       0.99999999999944578     
   9.5699999999998404       0.99999999999946798     
   9.5799999999998402       0.99999999999948896     
   9.5899999999998400       0.99999999999950850     
   9.5999999999998398       0.99999999999952838     
   9.6099999999998396       0.99999999999954625     
   9.6199999999998393       0.99999999999956435     
   9.6299999999998391       0.99999999999958156     
   9.6399999999998389       0.99999999999959732     
   9.6499999999998387       0.99999999999961353     
   9.6599999999998385       0.99999999999962874     
   9.6699999999998383       0.99999999999964295     
   9.6799999999998381       0.99999999999965716     
   9.6899999999998379       0.99999999999967049     
   9.6999999999998376       0.99999999999968348     
   9.7099999999998374       0.99999999999969580     
   9.7199999999998372       0.99999999999970779     
   9.7299999999998370       0.99999999999971900     
   9.7399999999998368       0.99999999999973044     
   9.7499999999998366       0.99999999999974065     
   9.7599999999998364       0.99999999999975087     
   9.7699999999998361       0.99999999999976141     
   9.7799999999998359       0.99999999999977007     
   9.7899999999998357       0.99999999999977929     
   9.7999999999998355       0.99999999999978784     
   9.8099999999998353       0.99999999999979616     
   9.8199999999998351       0.99999999999980416     
   9.8299999999998349       0.99999999999981204     
   9.8399999999998347       0.99999999999981914     
   9.8499999999998344       0.99999999999982636     
   9.8599999999998342       0.99999999999983302     
   9.8699999999998340       0.99999999999983935     
   9.8799999999998338       0.99999999999984623     
   9.8899999999998336       0.99999999999985212     
   9.8999999999998334       0.99999999999985745     
   9.9099999999998332       0.99999999999986355     
   9.9199999999998330       0.99999999999986855     
   9.9299999999998327       0.99999999999987388     
   9.9399999999998325       0.99999999999987876     
   9.9499999999998323       0.99999999999988365     
   9.9599999999998321       0.99999999999988798     
   9.9699999999998319       0.99999999999989242     
   9.9799999999998317       0.99999999999989664     
   9.9899999999998315       0.99999999999990052     
   9.9999999999998312       0.99999999999990485     
