   0.0000000000000000       0.10467898375244440     
   1.0000000000000000E-002  0.10063409330198242     
   2.0000000000000000E-002   8.9693274711831875E-002
   2.9999999999999999E-002   7.4750319892560396E-002
   4.0000000000000001E-002   5.8950655365022864E-002
   5.0000000000000003E-002   4.4578051161939823E-002
   6.0000000000000005E-002   3.2749816243408746E-002
   7.0000000000000007E-002   2.3676307707035191E-002
   8.0000000000000002E-002   1.7069017007186119E-002
   8.9999999999999997E-002   1.2459838193536580E-002
   9.9999999999999992E-002   9.3816622992832343E-003
  0.10999999999999999        7.4445114942452888E-003
  0.11999999999999998        6.3532431233432191E-003
  0.12999999999999998        5.8994714717015041E-003
  0.13999999999999999        5.9455751614161632E-003
  0.14999999999999999        6.4088664426717144E-003
  0.16000000000000000        7.2487899446954307E-003
  0.17000000000000001        8.4576545449830919E-003
  0.18000000000000002        1.0054509984936887E-002
  0.19000000000000003        1.2081554321874986E-002
  0.20000000000000004        1.4602491285851745E-002
  0.21000000000000005        1.7702361921512009E-002
  0.22000000000000006        2.1488475497587464E-002
  0.23000000000000007        2.6092132337339664E-002
  0.24000000000000007        3.1670857426677225E-002
  0.25000000000000006        3.8410846781899016E-002
  0.26000000000000006        4.6529269164505276E-002
  0.27000000000000007        5.6275966566594726E-002
  0.28000000000000008        6.7933964959337234E-002
  0.29000000000000009        8.1818057503312974E-002
  0.30000000000000010        9.8270584508452108E-002
  0.31000000000000011       0.11765345394102539     
  0.32000000000000012       0.14033548659556325     
  0.33000000000000013       0.16667440301876510     
  0.34000000000000014       0.19699325327037917     
  0.35000000000000014       0.23155183486678027     
  0.36000000000000015       0.27051456898275883     
  0.37000000000000016       0.31391721811736056     
  0.38000000000000017       0.36163544529641184     
  0.39000000000000018       0.41335823082828088     
  0.40000000000000019       0.46856835496964044     
  0.41000000000000020       0.52653047104937434     
  0.42000000000000021       0.58628494900661787     
  0.43000000000000022       0.64664344344669145     
  0.44000000000000022       0.70618213035665267     
  0.45000000000000023       0.76323492721210551     
  0.46000000000000024       0.81590586390496866     
  0.47000000000000025       0.86214133625939526     
  0.48000000000000026       0.89990152797313194     
  0.49000000000000027       0.92741453746842728     
  0.50000000000000022       0.94341598100285451     
  0.51000000000000023       0.94726758603303884     
  0.52000000000000024       0.93893825758250649     
  0.53000000000000025       0.91891454900485980     
  0.54000000000000026       0.88810564299167927     
  0.55000000000000027       0.84776377391506874     
  0.56000000000000028       0.79941382625847357     
  0.57000000000000028       0.74478129303808371     
  0.58000000000000029       0.68571135776988135     
  0.59000000000000030       0.62407741575226316     
  0.60000000000000031       0.56168373553849960     
  0.61000000000000032       0.50017219183152473     
  0.62000000000000033       0.44094485986486748     
  0.63000000000000034       0.38511213254401988     
  0.64000000000000035       0.33347108158637195     
  0.65000000000000036       0.28651306137298760     
  0.66000000000000036       0.24445488950363187     
  0.67000000000000037       0.20728536818568222     
  0.68000000000000038       0.17481855825849746     
  0.69000000000000039       0.14674654240223867     
  0.70000000000000040       0.12268660309683233     
  0.71000000000000041       0.10222004864071144     
  0.72000000000000042        8.4921852628162250E-002
  0.73000000000000043        7.0381617851280609E-002
  0.74000000000000044        5.8217136868607140E-002
  0.75000000000000044        4.8082119865911335E-002
  0.76000000000000045        3.9669651177085874E-002
  0.77000000000000046        3.2712760331344209E-002
  0.78000000000000047        2.6983256758012924E-002
  0.79000000000000048        2.2289747626169892E-002
  0.80000000000000049        1.8475574693246209E-002
  0.81000000000000050        1.5417287621905029E-002
  0.82000000000000051        1.3024227147422159E-002
  0.83000000000000052        1.1239824001151383E-002
  0.84000000000000052        1.0045326013362516E-002
  0.85000000000000053        9.4668292946534678E-003
  0.86000000000000054        9.5866560083714067E-003
  0.87000000000000055        1.0560147263131221E-002
  0.88000000000000056        1.2638485395362511E-002
  0.89000000000000057        1.6196498722543508E-002
  0.90000000000000058        2.1760147841136519E-002
  0.91000000000000059        3.0019320130917643E-002
  0.92000000000000060        4.1795248767107433E-002
  0.93000000000000060        5.7909087881972417E-002
  0.94000000000000061        7.8881920792074622E-002
  0.95000000000000062       0.10442550389278547     
  0.96000000000000063       0.13281828970115139     
  0.97000000000000064       0.16051387592470484     
  0.98000000000000065       0.18251817712252294     
  0.99000000000000066       0.19383566893529458     
   1.0000000000000007       0.19151472101001124     
   1.0100000000000007       0.17608907326072257     
   1.0200000000000007       0.15136245589003197     
   1.0300000000000007       0.12264115864643320     
   1.0400000000000007        9.4655327599594136E-002
   1.0500000000000007        7.0373823019555984E-002
   1.0600000000000007        5.0949350914321803E-002
   1.0700000000000007        3.6286493920702739E-002
   1.0800000000000007        2.5679606127369876E-002
   1.0900000000000007        1.8259391002478101E-002
   1.1000000000000008        1.3225188172448258E-002
   1.1100000000000008        9.9305869941341690E-003
   1.1200000000000008        7.8921125906585930E-003
   1.1300000000000008        6.7666873423953095E-003
   1.1400000000000008        6.3216190645400102E-003
   1.1500000000000008        6.4072147885214830E-003
   1.1600000000000008        6.9351494877933958E-003
   1.1700000000000008        7.8626954403204271E-003
   1.1800000000000008        9.1818678272603902E-003
   1.1900000000000008        1.0912353351041472E-002
   1.2000000000000008        1.3097213145040993E-002
   1.2100000000000009        1.5800546016905576E-002
   1.2200000000000009        1.9106467914846482E-002
   1.2300000000000009        2.3118877264493888E-002
   1.2400000000000009        2.7961528830083921E-002
   1.2500000000000009        3.3777935599085089E-002
   1.2600000000000009        4.0730567534235144E-002
   1.2700000000000009        4.8998731386821953E-002
   1.2800000000000009        5.8774417883257261E-002
   1.2900000000000009        7.0255324090013976E-002
   1.3000000000000009        8.3634246975512680E-002
   1.3100000000000009        9.9084161131248766E-002
   1.3200000000000010       0.11673860851007770     
   1.3300000000000010       0.13666760017808072     
   1.3400000000000010       0.15885008179072183     
   1.3500000000000010       0.18314509856137476     
   1.3600000000000010       0.20926497075068923     
   1.3700000000000010       0.23675482170723358     
   1.3800000000000010       0.26498339750990152     
   1.3900000000000010       0.29315001397049156     
   1.4000000000000010       0.32031150674778230     
   1.4100000000000010       0.34543122960801953     
   1.4200000000000010       0.36744950859949888     
   1.4300000000000010       0.38537154521416439     
   1.4400000000000011       0.39836459049132872     
   1.4500000000000011       0.40585165390789935     
   1.4600000000000011       0.40758532464173247     
   1.4700000000000011       0.40368469531197326     
   1.4800000000000011       0.39462303697870404     
   1.4900000000000011       0.38116399324818118     
   1.5000000000000011       0.36425680772621205     
   1.5100000000000011       0.34491163542945003     
   1.5200000000000011       0.32408021304310330     
   1.5300000000000011       0.30256397950246455     
   1.5400000000000011       0.28096314526137944     
   1.5500000000000012       0.25966958802349677     
   1.5600000000000012       0.23889680636208135     
   1.5700000000000012       0.21873343329875156     
   1.5800000000000012       0.19920401437333357     
   1.5900000000000012       0.18032210403734850     
   1.6000000000000012       0.16212551443306389     
   1.6100000000000012       0.14469010713361641     
   1.6200000000000012       0.12812473368691568     
   1.6300000000000012       0.11255403513151149     
   1.6400000000000012        9.8097040952540057E-002
   1.6500000000000012        8.4848235472950839E-002
   1.6600000000000013        7.2865091822636202E-002
   1.6700000000000013        6.2163238535377391E-002
   1.6800000000000013        5.2718286094778292E-002
   1.6900000000000013        4.4472227354795495E-002
   1.7000000000000013        3.7342125138005750E-002
   1.7100000000000013        3.1229184268570003E-002
   1.7200000000000013        2.6026928884465866E-002
   1.7300000000000013        2.1627820158347574E-002
   1.7400000000000013        1.7928125805578184E-002
   1.7500000000000013        1.4831158121688334E-002
   1.7600000000000013        1.2249153587716270E-002
   1.7700000000000014        1.0104117158045987E-002
   1.7800000000000014        8.3279408225307317E-003
   1.7900000000000014        6.8620622765263924E-003
   1.8000000000000014        5.6568777319864622E-003
   1.8100000000000014        4.6710759969960250E-003
   1.8200000000000014        3.8710255330390436E-003
   1.8300000000000014        3.2303250479924915E-003
   1.8400000000000014        2.7296220729007077E-003
   1.8500000000000014        2.3568127983995464E-003
   1.8600000000000014        2.1077584082372278E-003
   1.8700000000000014        1.9876830371375639E-003
   1.8800000000000014        2.0134412166716571E-003
   1.8900000000000015        2.2168209291160749E-003
   1.9000000000000015        2.6488977695646411E-003
   1.9100000000000015        3.3850031012525113E-003
   1.9200000000000015        4.5288034144346538E-003
   1.9300000000000015        6.2118616631007505E-003
   1.9400000000000015        8.5815424116156194E-003
   1.9500000000000015        1.1766019400865878E-002
   1.9600000000000015        1.5804522756625677E-002
   1.9700000000000015        2.0543309560088277E-002
   1.9800000000000015        2.5533410897054229E-002
   1.9900000000000015        3.0014554813713346E-002
   2.0000000000000013        3.3075414793739807E-002
   2.0100000000000011        3.3981445228109530E-002
   2.0200000000000009        3.2504021656556116E-002
   2.0300000000000007        2.9032074403542645E-002
   2.0400000000000005        2.4385920199543054E-002
   2.0500000000000003        1.9465833605021639E-002
   2.0600000000000001        1.4958891995607907E-002
   2.0699999999999998        1.1231197487185013E-002
   2.0799999999999996        8.3772302176686828E-003
   2.0899999999999994        6.3291160613214844E-003
   2.0999999999999992        4.9532693660603571E-003
   2.1099999999999990        4.1102368101813410E-003
   2.1199999999999988        3.6825354869736340E-003
   2.1299999999999986        3.5829692288369169E-003
   2.1399999999999983        3.7536638270502798E-003
   2.1499999999999981        4.1619059676238929E-003
   2.1599999999999979        4.7957299751739436E-003
   2.1699999999999977        5.6604013943768417E-003
   2.1799999999999975        6.7760858835593813E-003
   2.1899999999999973        8.1766458957306925E-003
   2.1999999999999971        9.9094055840467151E-003
   2.2099999999999969        1.2035721931438474E-002
   2.2199999999999966        1.4632228840479220E-002
   2.2299999999999964        1.7792651380837122E-002
   2.2399999999999962        2.1630108719590844E-002
   2.2499999999999960        2.6279833535758496E-002
   2.2599999999999958        3.1902233280959674E-002
   2.2699999999999956        3.8686206307814802E-002
   2.2799999999999954        4.6852605630013630E-002
   2.2899999999999952        5.6657715652043174E-002
   2.2999999999999949        6.8396569975381960E-002
   2.3099999999999947        8.2405881224776614E-002
   2.3199999999999945        9.9066255852958945E-002
   2.3299999999999943       0.11880319519329707     
   2.3399999999999941       0.14208610043210210     
   2.3499999999999939       0.16942407674186019     
   2.3599999999999937       0.20135677992227119     
   2.3699999999999934       0.23843793233440749     
   2.3799999999999932       0.28120857179660735     
   2.3899999999999930       0.33015672406125335     
   2.3999999999999928       0.38566011444669279     
   2.4099999999999926       0.44790881876254779     
   2.4199999999999924       0.51680548251035463     
   2.4299999999999922       0.59184223141348424     
   2.4399999999999920       0.67195665457662646     
   2.4499999999999917       0.75537669076746339     
   2.4599999999999915       0.83948044993034943     
   2.4699999999999913       0.92072713583941967     
   2.4799999999999911       0.99475566513363234     
   2.4899999999999909        1.0567652191889811     
   2.4999999999999907        1.1022183934351655     
   2.5099999999999905        1.1277118657988472     
   2.5199999999999902        1.1316695650041670     
   2.5299999999999900        1.1145470039347412     
   2.5399999999999898        1.0785072207629653     
   2.5499999999999896        1.0267957440829873     
   2.5599999999999894       0.96310571372934595     
   2.5699999999999892       0.89110949412320095     
   2.5799999999999890       0.81418475479546493     
   2.5899999999999888       0.73528293869715655     
   2.5999999999999885       0.65687940018032909     
   2.6099999999999883       0.58096527201007675     
   2.6199999999999881       0.50906161520510651     
   2.6299999999999879       0.44224845564509102     
   2.6399999999999877       0.38120624905142897     
   2.6499999999999875       0.32626800412028684     
   2.6599999999999873       0.27747912421483151     
   2.6699999999999871       0.23466071806547228     
   2.6799999999999868       0.19747163450256358     
   2.6899999999999866       0.16546501236641833     
   2.6999999999999864       0.13813641098818008     
   2.7099999999999862       0.11496211943188867     
   2.7199999999999860        9.5427620938082033E-002
   2.7299999999999858        7.9047184316815983E-002
   2.7399999999999856        6.5376116780875571E-002
   2.7499999999999853        5.4017412747037613E-002
   2.7599999999999851        4.4624488851634267E-002
   2.7699999999999849        3.6901526597453854E-002
   2.7799999999999847        3.0602747546232583E-002
   2.7899999999999845        2.5531790877851832E-002
   2.7999999999999843        2.1542298111176115E-002
   2.8099999999999841        1.8540869395771445E-002
   2.8199999999999839        1.6493774333289513E-002
   2.8299999999999836        1.5439211954893938E-002
   2.8399999999999834        1.5507557514347450E-002
   2.8499999999999832        1.6952930733416874E-002
   2.8599999999999830        2.0200533505185456E-002
   2.8699999999999828        2.5915318263010224E-002
   2.8799999999999826        3.5098007270264429E-002
   2.8899999999999824        4.9212654604728089E-002
   2.8999999999999821        7.0342207404377188E-002
   2.9099999999999819       0.10134767559152415     
   2.9199999999999817       0.14596016960957015     
   2.9299999999999815       0.20864719602418969     
   2.9399999999999813       0.29396015773096168     
   2.9499999999999811       0.40494266413047336     
   2.9599999999999809       0.54026599320593294     
   2.9699999999999807       0.69047673298768775     
   2.9799999999999804       0.83539348391734136     
   2.9899999999999802       0.94634800455762447     
   2.9999999999999800       0.99568546286388204     
   3.0099999999999798       0.96984036642155802     
   3.0199999999999796       0.87658679656198468     
   3.0299999999999794       0.74043232204696929     
   3.0399999999999792       0.59039155622908324     
   3.0499999999999790       0.44933826973650731     
   3.0599999999999787       0.32990823515991852     
   3.0699999999999785       0.23584163526382301     
   3.0799999999999783       0.16540654788556988     
   3.0899999999999781       0.11449961141604900     
   3.0999999999999779        7.8606472450864023E-002
   3.1099999999999777        5.3739410123991221E-002
   3.1199999999999775        3.6733790531423768E-002
   3.1299999999999772        2.5228419238595201E-002
   3.1399999999999770        1.7527998532336334E-002
   3.1499999999999768        1.2445837397431282E-002
   3.1599999999999766        9.1661475890474232E-003
   3.1699999999999764        7.1363402875684939E-003
   3.1799999999999762        5.9877246730405025E-003
   3.1899999999999760        5.4792160420211308E-003
   3.1999999999999758        5.4583499024753353E-003
   3.2099999999999755        5.8347964798710636E-003
   3.2199999999999753        6.5627013729071607E-003
   3.2299999999999751        7.6291835794928776E-003
   3.2399999999999749        9.0471081830164491E-003
   3.2499999999999747        1.0850826472596376E-002
   3.2599999999999745        1.3093978685423212E-002
   3.2699999999999743        1.5848724931782535E-002
   3.2799999999999740        1.9205940990023571E-002
   3.2899999999999738        2.3276012127225413E-002
   3.2999999999999736        2.8189897102637616E-002
   3.3099999999999734        3.4100128174250392E-002
   3.3199999999999732        4.1181370390387245E-002
   3.3299999999999730        4.9630092765685564E-002
   3.3399999999999728        5.9662812431793340E-002
   3.3499999999999726        7.1512265677828118E-002
   3.3599999999999723        8.5420735298196868E-002
   3.3699999999999721       0.10162960595371627     
   3.3799999999999719       0.12036399518708001     
   3.3899999999999717       0.14181097282154589     
   3.3999999999999715       0.16608942778693131     
   3.4099999999999713       0.19320919710761561     
   3.4199999999999711       0.22301708496543032     
   3.4299999999999708       0.25512887199292633     
   3.4399999999999706       0.28885104017002278     
   3.4499999999999704       0.32310571311834357     
   3.4599999999999702       0.35638775447205862     
   3.4699999999999700       0.38679926779626073     
   3.4799999999999698       0.41220971673906270     
   3.4899999999999696       0.43055930945499044     
   3.4999999999999694       0.44025246249999600     
   3.5099999999999691       0.44051023763254926     
   3.5199999999999689       0.43153236556221125     
   3.5299999999999687       0.41439894948205080     
   3.5399999999999685       0.39077128119218291     
   3.5499999999999683       0.36253283695190125     
   3.5599999999999681       0.33149714965464955     
   3.5699999999999679       0.29923611284825991     
   3.5799999999999677       0.26701584649258514     
   3.5899999999999674       0.23579951524927895     
   3.5999999999999672       0.20628012043607150     
   3.6099999999999670       0.17892124625129383     
   3.6199999999999668       0.15399663559193968     
   3.6299999999999666       0.13162644958341013     
   3.6399999999999664       0.11181040092165324     
   3.6499999999999662        9.4458011967446479E-002
   3.6599999999999659        7.9415740721395761E-002
   3.6699999999999657        6.6490427054759951E-002
   3.6799999999999655        5.5468589993569566E-002
   3.6899999999999653        4.6131420318842133E-002
   3.6999999999999651        3.8265676031216549E-002
   3.7099999999999649        3.1670973155789900E-002
   3.7199999999999647        2.6164121303370366E-002
   3.7299999999999645        2.1581189715680082E-002
   3.7399999999999642        1.7777939436021309E-002
   3.7499999999999640        1.4629159575436396E-002
   3.7599999999999638        1.2027332048541069E-002
   3.7699999999999636        9.8809397997959066E-003
   3.7799999999999634        8.1126395977966902E-003
   3.7899999999999632        6.6574453916506066E-003
   3.7999999999999630        5.4610118895246649E-003
   3.8099999999999627        4.4780674354792938E-003
   3.8199999999999625        3.6710178244849529E-003
   3.8299999999999623        3.0087246716606463E-003
   3.8399999999999621        2.4654510757834893E-003
   3.8499999999999619        2.0199612606915927E-003
   3.8599999999999617        1.6547580536150177E-003
   3.8699999999999615        1.3554413017451041E-003
   3.8799999999999613        1.1101708975296933E-003
   3.8899999999999610        9.0921912564572056E-004
   3.8999999999999608        7.4459888452725088E-004
   3.9099999999999606        6.0975560008996320E-004
   3.9199999999999604        4.9931256631195959E-004
   3.9299999999999602        4.0886082323148600E-004
   3.9399999999999600        3.3478600884272939E-004
   3.9499999999999598        2.7412579805015445E-004
   3.9599999999999596        2.2445278540251471E-004
   3.9699999999999593        1.8377817325652163E-004
   3.9799999999999591        1.5047273875726011E-004
   3.9899999999999589        1.2320194905400788E-004
   3.9999999999999587        1.0087277170495887E-004
   4.0099999999999589        8.2590021716788965E-005
   4.0199999999999587        6.7620582592573799E-005
   4.0299999999999585        5.5364120933641377E-005
   4.0399999999999583        4.5329025394526121E-005
   4.0499999999999581        3.7112744941101169E-005
   4.0599999999999579        3.0385667617735740E-005
   4.0699999999999577        2.4877898015288029E-005
   4.0799999999999574        2.0368443446073985E-005
   4.0899999999999572        1.6676369865588431E-005
   4.0999999999999570        1.3653522175607546E-005
   4.1099999999999568        1.1178602845682137E-005
   4.1199999999999566        9.1522958770968419E-006
   4.1299999999999564        7.4932864874639976E-006
   4.1399999999999562        6.1349983839396012E-006
   4.1499999999999559        5.0229219931361896E-006
   4.1599999999999557        4.1124267665974662E-006
   4.1699999999999555        3.3669774937434181E-006
   4.1799999999999553        2.7566556389619131E-006
   4.1899999999999551        2.2569615458577567E-006
   4.1999999999999549        1.8478489498930081E-006
   4.2099999999999547        1.5128960446082287E-006
   4.2199999999999545        1.2386605316561028E-006
   4.2299999999999542        1.0141366012618156E-006
   4.2399999999999540        8.3031359061130016E-007
   4.2499999999999538        6.7981347482233823E-007
   4.2599999999999536        5.5659673878940985E-007
   4.2699999999999534        4.5571811751097009E-007
   4.2799999999999532        3.7312909878048053E-007
   4.2899999999999530        3.0551497000510270E-007
   4.2999999999999527        2.5016212534872668E-007
   4.3099999999999525        2.0484922917833566E-007
   4.3199999999999523        1.6775779299403763E-007
   4.3299999999999521        1.3739881011646314E-007
   4.3399999999999519        1.1255420876798068E-007
   4.3499999999999517        9.2226726272851158E-008
   4.3599999999999515        7.5600596367330178E-008
   4.3699999999999513        6.2008636675819980E-008
   4.3799999999999510        5.0905426994049096E-008
   4.3899999999999508        4.1845216621310900E-008
   4.3999999999999506        3.4464353538679027E-008
   4.4099999999999504        2.8466758990735420E-008
   4.4199999999999502        2.3611171485287387E-008
   4.4299999999999500        1.9703806985408829E-008
   4.4399999999999498        1.6586705422327845E-008
   4.4499999999999496        1.4135687576614897E-008
   4.4599999999999493        1.2251762414347917E-008
   4.4699999999999491        1.0859693049002604E-008
   4.4799999999999489        9.9032898583020578E-009
   4.4899999999999487        9.3444159093987977E-009
   4.4999999999999485        9.1606315898289013E-009
   4.5099999999999483        9.3445122829276476E-009
   4.5199999999999481        9.9034286361836465E-009
   4.5299999999999478        1.0859596675473711E-008
   4.5399999999999476        1.2251696880348267E-008
   4.5499999999999474        1.4135776240261483E-008
   4.5599999999999472        1.6586886604562144E-008
   4.5699999999999470        1.9703729886585791E-008
   4.5799999999999468        2.3611344957639333E-008
   4.5899999999999466        2.8466531549207291E-008
   4.5999999999999464        3.4464307279385234E-008
   4.6099999999999461        4.1845081698370404E-008
   4.6199999999999459        5.0905315200755593E-008
   4.6299999999999457        6.2008733049348954E-008
   4.6399999999999455        7.5600538543212706E-008
   4.6499999999999453        9.2226768677203571E-008
   4.6599999999999451        1.1255422804268647E-007
   4.6699999999999449        1.3739871470666944E-007
   4.6799999999999446        1.6775766385350863E-007
   4.6899999999999444        2.0484942578033465E-007
   4.6999999999999442        2.5016222750466693E-007
   4.7099999999999440        3.0551494205677897E-007
   4.7199999999999438        3.7312916816942248E-007
   4.7299999999999436        4.5571822930426285E-007
   4.7399999999999434        5.5659691226176104E-007
   4.7499999999999432        6.7981381502089447E-007
   4.7599999999999429        8.3031371686061174E-007
   4.7699999999999427        1.0141374107994569E-006
   4.7799999999999425        1.2386616042934839E-006
   4.7899999999999423        1.5128974535892272E-006
   4.7999999999999421        1.8478511356446427E-006
   4.8099999999999419        2.2569649035115041E-006
   4.8199999999999417        2.7566583277833839E-006
   4.8299999999999415        3.3669852055531923E-006
   4.8399999999999412        4.1124398059359012E-006
   4.8499999999999410        5.0229390281211413E-006
   4.8599999999999408        6.1350234853889585E-006
   4.8699999999999406        7.4933249154449131E-006
   4.8799999999999404        9.1523523481298190E-006
   4.8899999999999402        1.1178687062654122E-005
   4.8999999999999400        1.3653648048109839E-005
   4.9099999999999397        1.6676557454734897E-005
   4.9199999999999395        2.0368725346355840E-005
   4.9299999999999393        2.4878315854287208E-005
   4.9399999999999391        3.0386292429489237E-005
   4.9499999999999389        3.7113676588823645E-005
   4.9599999999999387        4.5330410829537864E-005
   4.9699999999999385        5.5366188589154328E-005
   4.9799999999999383        6.7623669546569649E-005
   4.9899999999999380        8.2594622808789569E-005
   4.9999999999999378        1.0087964030514972E-004
   5.0099999999999376        1.2321219384828474E-004
   5.0199999999999374        1.5048801773461030E-004
   5.0299999999999372        1.8380096814325458E-004
   5.0399999999999370        2.2448678701084468E-004
   5.0499999999999368        2.7417651470453604E-004
   5.0599999999999365        3.3486165433663440E-004
   5.0699999999999363        4.0897365512708309E-004
   5.0799999999999361        4.9948083715810852E-004
   5.0899999999999359        6.1000654432601218E-004
   5.0999999999999357        7.4497309613976944E-004
   5.1099999999999355        9.0977709167888146E-004
   5.1199999999999353        1.1110027489989645E-003
   5.1299999999999351        1.3566813115543476E-003
   5.1399999999999348        1.6566061510149036E-003
   5.1499999999999346        2.0227150705040961E-003
   5.1599999999999344        2.4695534003838031E-003
   5.1699999999999342        3.0148339294864841E-003
   5.1799999999999340        3.6801123307117290E-003
   5.1899999999999338        4.4915995408670350E-003
   5.1999999999999336        5.4811353474897148E-003
   5.2099999999999334        6.6873498917998106E-003
   5.2199999999999331        8.1570414699293041E-003
   5.2299999999999329        9.9467990745631951E-003
   5.2399999999999327        1.2124895403132906E-002
   5.2499999999999325        1.4773468695594958E-002
   5.2599999999999323        1.7990997121359056E-002
   5.2699999999999321        2.1895043705905851E-002
   5.2799999999999319        2.6625207643086818E-002
   5.2899999999999316        3.2346152243894380E-002
   5.2999999999999314        3.9250481573694138E-002
   5.3099999999999312        4.7561096258017688E-002
   5.3199999999999310        5.7532462318639052E-002
   5.3299999999999308        6.9449965632841157E-002
   5.3399999999999306        8.3626196264390107E-002
   5.3499999999999304       0.10039262581991218     
   5.3599999999999302       0.12008475339839286     
   5.3699999999999299       0.14301850097245369     
   5.3799999999999297       0.16945561456463076     
   5.3899999999999295       0.19955634796101082     
   5.3999999999999293       0.23331913611952271     
   5.4099999999999291       0.27050969366463895     
   5.4199999999999289       0.31058623779241445     
   5.4299999999999287       0.35263311705463929     
   5.4399999999999284       0.39532096196443267     
   5.4499999999999282       0.43691535572166829     
   5.4599999999999280       0.47535479264048369     
   5.4699999999999278       0.50840929881543939     
   5.4799999999999276       0.53391261377922461     
   5.4899999999999274       0.55003665389081147     
   5.4999999999999272       0.55555537495118090     
   5.5099999999999270       0.55003665618707431     
   5.5199999999999267       0.53391261841085402     
   5.5299999999999265       0.50840930586988542     
   5.5399999999999263       0.47535480226650173     
   5.5499999999999261       0.43691536815219101     
   5.5599999999999259       0.39532097754380024     
   5.5699999999999257       0.35263313625690168     
   5.5799999999999255       0.31058626125546696     
   5.5899999999999253       0.27050972221511582     
   5.5999999999999250       0.23331917080925463     
   5.6099999999999248       0.19955639010875906     
   5.6199999999999246       0.16945566580437299     
   5.6299999999999244       0.14301856331808166     
   5.6399999999999242       0.12008482931934084     
   5.6499999999999240       0.10039271834027490     
   5.6599999999999238        8.3626309080051073E-002
   5.6699999999999235        6.9450103261134363E-002
   5.6799999999999233        5.7532630275619973E-002
   5.6899999999999231        4.7561301277911902E-002
   5.6999999999999229        3.9250731880027541E-002
   5.7099999999999227        3.2346457880636718E-002
   5.7199999999999225        2.6625580874710737E-002
   5.7299999999999223        2.1895499509182532E-002
   5.7399999999999221        1.7991553788723701E-002
   5.7499999999999218        1.4774148567542302E-002
   5.7599999999999216        1.2125725765537616E-002
   5.7699999999999214        9.9478132530407201E-003
   5.7799999999999212        8.1582801662356715E-003
   5.7899999999999210        6.6888628182002231E-003
   5.7999999999999208        5.4829832208877407E-003
   5.8099999999999206        4.4938565239119243E-003
   5.8199999999999203        3.6828690031524853E-003
   5.8299999999999201        3.0182009267734331E-003
   5.8399999999999199        2.4736658487091866E-003
   5.8499999999999197        2.0277380184679913E-003
   5.8599999999999195        1.6627411823952154E-003
   5.8699999999999193        1.3641746401011309E-003
   5.8799999999999191        1.1201551074995950E-003
   5.8899999999999189        9.2095578140143888E-004
   5.8999999999999186        7.5862674700583087E-004
   5.9099999999999184        6.2668310551233742E-004
   5.9199999999999182        5.1984956591993620E-004
   5.9299999999999180        4.3385197150564819E-004
   5.9399999999999178        3.6524794848157076E-004
   5.9499999999999176        3.1129019340586802E-004
   5.9599999999999174        2.6981719944789607E-004
   5.9699999999999172        2.3916715826667519E-004
   5.9799999999999169        2.1811168942452807E-004
   5.9899999999999167        2.0580681685367650E-004
   5.9999999999999165        2.0175927935359145E-004
   6.0099999999999163        2.0580681711581284E-004
   6.0199999999999161        2.1811168694194376E-004
   6.0299999999999159        2.3916715684805726E-004
   6.0399999999999157        2.6981719815263400E-004
   6.0499999999999154        3.1129019007519911E-004
   6.0599999999999152        3.6524794680081838E-004
   6.0699999999999150        4.3385197050335722E-004
   6.0799999999999148        5.1984956117065505E-004
   6.0899999999999146        6.2668310261341446E-004
   6.0999999999999144        7.5862674313548098E-004
   6.1099999999999142        9.2095577887260345E-004
   6.1199999999999140        1.1201550998976365E-003
   6.1299999999999137        1.3641746359994900E-003
   6.1399999999999135        1.6627411746853297E-003
   6.1499999999999133        2.0277380092932110E-003
   6.1599999999999131        2.4736658405366835E-003
   6.1699999999999129        3.0182009152240189E-003
   6.1799999999999127        3.6828689902923678E-003
   6.1899999999999125        4.4938565064413065E-003
   6.1999999999999122        5.4829831981897505E-003
   6.2099999999999120        6.6888627897969460E-003
   6.2199999999999118        8.1582801311866539E-003
   6.2299999999999116        9.9478132109447250E-003
   6.2399999999999114        1.2125725716379461E-002
   6.2499999999999112        1.4774148507297460E-002
   6.2599999999999110        1.7991553715541734E-002
   6.2699999999999108        2.1895499420457275E-002
   6.2799999999999105        2.6625580766942370E-002
   6.2899999999999103        3.2346457750400910E-002
   6.2999999999999101        3.9250731724349106E-002
   6.3099999999999099        4.7561301090099400E-002
   6.3199999999999097        5.7532630050369335E-002
   6.3299999999999095        6.9450102993217411E-002
   6.3399999999999093        8.3626308763205967E-002
   6.3499999999999091       0.10039271796485087     
   6.3599999999999088       0.12008482888092896     
   6.3699999999999086       0.14301856280995062     
   6.3799999999999084       0.16945566522088859     
   6.3899999999999082       0.19955638944938081     
   6.3999999999999080       0.23331917007672864     
   6.4099999999999078       0.27050972141628399     
   6.4199999999999076       0.31058626040482085     
   6.4299999999999073       0.35263313537828650     
   6.4399999999999071       0.39532097666748611     
   6.4499999999999069       0.43691536731974506     
   6.4599999999999067       0.47535480152059140     
   6.4699999999999065       0.50840930525807904     
   6.4799999999999063       0.53391261797637979     
   6.4899999999999061       0.55003665596165974     
   6.4999999999999059       0.55555537495039065     
   6.5099999999999056       0.55003665411819502     
   6.5199999999999054       0.53391261421420577     
   6.5299999999999052       0.50840929942693991     
   6.5399999999999050       0.47535479338537051     
   6.5499999999999048       0.43691535655477121     
   6.5599999999999046       0.39532096284052087     
   6.5699999999999044       0.35263311793446250     
   6.5799999999999041       0.31058623864272394     
   6.5899999999999039       0.27050969446475448     
   6.5999999999999037       0.23331913685293326     
   6.6099999999999035       0.19955634862031013     
   6.6199999999999033       0.16945561514711471     
   6.6299999999999031       0.14301850148172324     
   6.6399999999999029       0.12008475383749882     
   6.6499999999999027       0.10039262619432229     
   6.6599999999999024        8.3626196582044454E-002
   6.6699999999999022        6.9449965899975638E-002
   6.6799999999999020        5.7532462543400019E-002
   6.6899999999999018        4.7561096445397980E-002
   6.6999999999999016        3.9250481729749959E-002
   6.7099999999999014        3.2346152373866767E-002
   6.7199999999999012        2.6625207750207394E-002
   6.7299999999999010        2.1895043794785109E-002
   6.7399999999999007        1.7990997194278838E-002
   6.7499999999999005        1.4773468755176940E-002
   6.7599999999999003        1.2124895452969582E-002
   6.7699999999999001        9.9467991153523259E-003
   6.7799999999998999        8.1570415042845415E-003
   6.7899999999998997        6.6873499194358829E-003
   6.7999999999998995        5.4811353705731024E-003
   6.8099999999998992        4.4915995594247216E-003
   6.8199999999998990        3.6801123459271811E-003
   6.8299999999998988        3.0148339416796628E-003
   6.8399999999998986        2.4695534098823782E-003
   6.8499999999998984        2.0227150791622939E-003
   6.8599999999998982        1.6566061583315819E-003
   6.8699999999998980        1.3566813161571478E-003
   6.8799999999998978        1.1110027539332893E-003
   6.8899999999998975        9.0977709394558673E-004
   6.8999999999998973        7.4497309908109002E-004
   6.9099999999998971        6.1000654711698959E-004
   6.9199999999998969        4.9948084067381491E-004
   6.9299999999998967        4.0897365639150379E-004
   6.9399999999998965        3.3486165501895899E-004
   6.9499999999998963        2.7417651607689514E-004
   6.9599999999998960        2.2448678792061076E-004
   6.9699999999998958        1.8380096822806331E-004
   6.9799999999998956        1.5048801992421684E-004
   6.9899999999998954        1.2321219467324217E-004
   6.9999999999998952        1.0087964003144891E-004
   7.0099999999998950        8.2594622612187571E-005
   7.0199999999998948        6.7623668868100012E-005
   7.0299999999998946        5.5366188095721871E-005
   7.0399999999998943        4.5330410694614928E-005
   7.0499999999998941        3.7113675046847212E-005
   7.0599999999998939        3.0386291781859138E-005
   7.0699999999998937        2.4878314852002486E-005
   7.0799999999998935        2.0368723025681287E-005
   7.0899999999998933        1.6676556853364073E-005
   7.0999999999998931        1.3653646459874109E-005
   7.1099999999998929        1.1178685420449099E-005
   7.1199999999998926        9.1523492333373781E-006
   7.1299999999998924        7.4933217081338933E-006
   7.1399999999998922        6.1350200544913340E-006
   7.1499999999998920        5.0229347876858882E-006
   7.1599999999998918        4.1124349410001739E-006
   7.1699999999998916        3.3669793730272344E-006
   7.1799999999998914        2.7566522601060035E-006
   7.1899999999998911        2.2569561605049654E-006
   7.1999999999998909        1.8478394590278871E-006
   7.2099999999998907        1.5128841771718844E-006
   7.2199999999998905        1.2386442801879356E-006
   7.2299999999998903        1.0141167174753319E-006
   7.2399999999998901        8.3028894500875233E-007
   7.2499999999998899        6.7978266709635990E-007
   7.2599999999998897        5.5655925719655834E-007
   7.2699999999998894        4.5567205481910515E-007
   7.2799999999998892        3.7307244656526688E-007
   7.2899999999998890        3.0544555311598945E-007
   7.2999999999998888        2.5007897619548066E-007
   7.3099999999998886        2.0474684194125753E-007
   7.3199999999998884        1.6763233200667379E-007
   7.3299999999998882        1.3724577377128190E-007
   7.3399999999998879        1.1236838903948091E-007
   7.3499999999998877        9.1998016469059959E-008
   7.3599999999998875        7.5322466217929693E-008
   7.3699999999998873        6.1669189832406877E-008
   7.3799999999998871        5.0489490408236370E-008
   7.3899999999998869        4.1337304994478413E-008
   7.3999999999998867        3.3844532970113478E-008
   7.4099999999998865        2.7710180529751239E-008
   7.4199999999998862        2.2687038006996349E-008
   7.4299999999998860        1.8574278387432216E-008
   7.4399999999998858        1.5207095226795929E-008
   7.4499999999998856        1.2451274893830573E-008
   7.4599999999998854        1.0193821353398083E-008
   7.4699999999998852        8.3459167612844077E-009
   7.4799999999998850        6.8330528148437091E-009
   7.4899999999998847        5.5945373205299060E-009
   7.4999999999998845        4.5800401666218303E-009
   7.5099999999998843        3.7500867556912566E-009
   7.5199999999998841        3.0701368149882899E-009
   7.5299999999998839        2.5145318561845447E-009
   7.5399999999998837        2.0581068234194889E-009
   7.5499999999998835        1.6850718777217835E-009
   7.5599999999998833        1.3796371801200990E-009
   7.5699999999998830        1.1294669189180554E-009
   7.5799999999998828        9.2469244475860189E-010
   7.5899999999998826        7.5791227062391421E-010
   7.5999999999998824        6.2024461209261845E-010
   7.6099999999998822        5.0724857695402440E-010
   7.6199999999998820        4.1547013793315960E-010
   7.6299999999998818        3.4046840281933859E-010
   7.6399999999998816        2.7878934433757102E-010
   7.6499999999998813        2.2796580014859880E-010
   7.6599999999998811        1.8651747284885329E-010
   7.6699999999998809        1.5247063256691952E-010
   7.6799999999998807        1.2533184683494395E-010
   7.6899999999998805        1.0214052084580046E-010
   7.6999999999998803        8.3883519535199189E-011
   7.7099999999998801        6.9080545499575440E-011
   7.7199999999998798        5.6251301335368509E-011
   7.7299999999998796        4.6382651978286565E-011
   7.7399999999998794        3.7500867556912656E-011
   7.7499999999998792        3.0592813006955009E-011
   7.7599999999998790        2.5658488328413943E-011
   7.7699999999998788        2.1217596117726698E-011
   7.7799999999998786        1.7270136374893860E-011
   7.7899999999998784        1.4309541567769218E-011
   7.7999999999998781        1.1842379228498660E-011
   7.8099999999998779        9.3752168892281640E-012
   7.8199999999998777        7.4014870178117129E-012
   7.8299999999998775        6.4146220821034858E-012
   7.8399999999998773        4.4408922106870218E-012
   7.8499999999998771        4.4408922106870218E-012
   7.8599999999998769        3.4540272749787817E-012
   7.8699999999998766        2.4671623392705541E-012
   7.8799999999998764        2.4671623392705541E-012
   7.8899999999998762        9.8686493570822170E-013
   7.8999999999998760        9.8686493570822170E-013
   7.9099999999998758        1.4802974035623324E-012
   7.9199999999998756        1.9737298714164434E-012
   7.9299999999998754        4.9343246785411085E-013
   7.9399999999998752        4.9343246785411085E-013
   7.9499999999998749        9.8686493570822170E-013
   7.9599999999998747        9.8686493570822170E-013
   7.9699999999998745        4.9343246785411085E-013
   7.9799999999998743        9.8686493570822170E-013
   7.9899999999998741        4.9343246785411085E-013
   7.9999999999998739        0.0000000000000000     
   8.0099999999998737        0.0000000000000000     
   8.0199999999998735        0.0000000000000000     
   8.0299999999998732        0.0000000000000000     
   8.0399999999998730        0.0000000000000000     
   8.0499999999998728       -4.9343246785411085E-013
   8.0599999999998726        0.0000000000000000     
   8.0699999999998724        0.0000000000000000     
   8.0799999999998722       -4.9343246785411085E-013
   8.0899999999998720        0.0000000000000000     
   8.0999999999998717        0.0000000000000000     
   8.1099999999998715        0.0000000000000000     
   8.1199999999998713       -4.9343246785411085E-013
   8.1299999999998711        0.0000000000000000     
   8.1399999999998709        0.0000000000000000     
   8.1499999999998707        0.0000000000000000     
   8.1599999999998705        0.0000000000000000     
   8.1699999999998703        0.0000000000000000     
   8.1799999999998700        9.8686493570822170E-013
   8.1899999999998698        0.0000000000000000     
   8.1999999999998696        0.0000000000000000     
   8.2099999999998694        0.0000000000000000     
   8.2199999999998692        0.0000000000000000     
   8.2299999999998690        0.0000000000000000     
   8.2399999999998688        0.0000000000000000     
   8.2499999999998685        0.0000000000000000     
   8.2599999999998683        0.0000000000000000     
   8.2699999999998681        0.0000000000000000     
   8.2799999999998679        0.0000000000000000     
   8.2899999999998677        0.0000000000000000     
   8.2999999999998675        0.0000000000000000     
   8.3099999999998673        0.0000000000000000     
   8.3199999999998671        0.0000000000000000     
   8.3299999999998668        0.0000000000000000     
   8.3399999999998666        0.0000000000000000     
   8.3499999999998664        0.0000000000000000     
   8.3599999999998662        0.0000000000000000     
   8.3699999999998660        0.0000000000000000     
   8.3799999999998658        0.0000000000000000     
   8.3899999999998656        0.0000000000000000     
   8.3999999999998654        0.0000000000000000     
   8.4099999999998651        0.0000000000000000     
   8.4199999999998649        0.0000000000000000     
   8.4299999999998647        0.0000000000000000     
   8.4399999999998645        0.0000000000000000     
   8.4499999999998643        0.0000000000000000     
   8.4599999999998641        0.0000000000000000     
   8.4699999999998639        0.0000000000000000     
   8.4799999999998636        0.0000000000000000     
   8.4899999999998634        0.0000000000000000     
   8.4999999999998632        0.0000000000000000     
   8.5099999999998630        0.0000000000000000     
   8.5199999999998628        0.0000000000000000     
   8.5299999999998626        0.0000000000000000     
   8.5399999999998624        0.0000000000000000     
   8.5499999999998622        0.0000000000000000     
   8.5599999999998619        0.0000000000000000     
   8.5699999999998617        0.0000000000000000     
   8.5799999999998615        0.0000000000000000     
   8.5899999999998613        0.0000000000000000     
   8.5999999999998611        0.0000000000000000     
   8.6099999999998609        0.0000000000000000     
   8.6199999999998607        0.0000000000000000     
   8.6299999999998604        0.0000000000000000     
   8.6399999999998602        0.0000000000000000     
   8.6499999999998600        0.0000000000000000     
   8.6599999999998598        0.0000000000000000     
   8.6699999999998596        0.0000000000000000     
   8.6799999999998594        0.0000000000000000     
   8.6899999999998592        0.0000000000000000     
   8.6999999999998590        0.0000000000000000     
   8.7099999999998587        0.0000000000000000     
   8.7199999999998585        0.0000000000000000     
   8.7299999999998583        0.0000000000000000     
   8.7399999999998581        0.0000000000000000     
   8.7499999999998579        0.0000000000000000     
   8.7599999999998577        0.0000000000000000     
   8.7699999999998575        0.0000000000000000     
   8.7799999999998573        0.0000000000000000     
   8.7899999999998570        0.0000000000000000     
   8.7999999999998568        0.0000000000000000     
   8.8099999999998566        0.0000000000000000     
   8.8199999999998564        0.0000000000000000     
   8.8299999999998562        0.0000000000000000     
   8.8399999999998560        0.0000000000000000     
   8.8499999999998558        0.0000000000000000     
   8.8599999999998555        0.0000000000000000     
   8.8699999999998553        0.0000000000000000     
   8.8799999999998551        0.0000000000000000     
   8.8899999999998549        0.0000000000000000     
   8.8999999999998547        0.0000000000000000     
   8.9099999999998545        0.0000000000000000     
   8.9199999999998543        0.0000000000000000     
   8.9299999999998541        0.0000000000000000     
   8.9399999999998538        0.0000000000000000     
   8.9499999999998536        0.0000000000000000     
   8.9599999999998534        0.0000000000000000     
   8.9699999999998532        0.0000000000000000     
   8.9799999999998530        0.0000000000000000     
   8.9899999999998528        0.0000000000000000     
   8.9999999999998526        0.0000000000000000     
   9.0099999999998523        0.0000000000000000     
   9.0199999999998521        0.0000000000000000     
   9.0299999999998519        0.0000000000000000     
   9.0399999999998517        0.0000000000000000     
   9.0499999999998515        0.0000000000000000     
   9.0599999999998513        0.0000000000000000     
   9.0699999999998511        0.0000000000000000     
   9.0799999999998509        0.0000000000000000     
   9.0899999999998506        0.0000000000000000     
   9.0999999999998504        0.0000000000000000     
   9.1099999999998502        0.0000000000000000     
   9.1199999999998500        0.0000000000000000     
   9.1299999999998498        0.0000000000000000     
   9.1399999999998496        0.0000000000000000     
   9.1499999999998494        0.0000000000000000     
   9.1599999999998492        0.0000000000000000     
   9.1699999999998489        0.0000000000000000     
   9.1799999999998487        0.0000000000000000     
   9.1899999999998485        0.0000000000000000     
   9.1999999999998483        0.0000000000000000     
   9.2099999999998481        0.0000000000000000     
   9.2199999999998479        0.0000000000000000     
   9.2299999999998477        0.0000000000000000     
   9.2399999999998474        0.0000000000000000     
   9.2499999999998472        0.0000000000000000     
   9.2599999999998470        0.0000000000000000     
   9.2699999999998468        0.0000000000000000     
   9.2799999999998466        0.0000000000000000     
   9.2899999999998464        0.0000000000000000     
   9.2999999999998462        0.0000000000000000     
   9.3099999999998460        0.0000000000000000     
   9.3199999999998457        0.0000000000000000     
   9.3299999999998455        0.0000000000000000     
   9.3399999999998453        0.0000000000000000     
   9.3499999999998451        0.0000000000000000     
   9.3599999999998449        0.0000000000000000     
   9.3699999999998447        0.0000000000000000     
   9.3799999999998445        0.0000000000000000     
   9.3899999999998442        0.0000000000000000     
   9.3999999999998440        0.0000000000000000     
   9.4099999999998438        0.0000000000000000     
   9.4199999999998436        0.0000000000000000     
   9.4299999999998434        0.0000000000000000     
   9.4399999999998432        0.0000000000000000     
   9.4499999999998430        0.0000000000000000     
   9.4599999999998428        0.0000000000000000     
   9.4699999999998425        0.0000000000000000     
   9.4799999999998423        0.0000000000000000     
   9.4899999999998421        0.0000000000000000     
   9.4999999999998419        0.0000000000000000     
   9.5099999999998417        0.0000000000000000     
   9.5199999999998415        0.0000000000000000     
   9.5299999999998413        0.0000000000000000     
   9.5399999999998411        0.0000000000000000     
   9.5499999999998408        0.0000000000000000     
   9.5599999999998406        0.0000000000000000     
   9.5699999999998404        0.0000000000000000     
   9.5799999999998402        0.0000000000000000     
   9.5899999999998400        0.0000000000000000     
   9.5999999999998398        0.0000000000000000     
   9.6099999999998396        0.0000000000000000     
   9.6199999999998393        0.0000000000000000     
   9.6299999999998391        0.0000000000000000     
   9.6399999999998389        0.0000000000000000     
   9.6499999999998387        0.0000000000000000     
   9.6599999999998385        0.0000000000000000     
   9.6699999999998383        0.0000000000000000     
   9.6799999999998381        0.0000000000000000     
   9.6899999999998379        0.0000000000000000     
   9.6999999999998376        0.0000000000000000     
   9.7099999999998374        0.0000000000000000     
   9.7199999999998372        0.0000000000000000     
   9.7299999999998370        0.0000000000000000     
   9.7399999999998368        0.0000000000000000     
   9.7499999999998366        0.0000000000000000     
   9.7599999999998364        0.0000000000000000     
   9.7699999999998361        0.0000000000000000     
   9.7799999999998359        0.0000000000000000     
   9.7899999999998357        0.0000000000000000     
   9.7999999999998355        0.0000000000000000     
   9.8099999999998353        0.0000000000000000     
   9.8199999999998351        0.0000000000000000     
   9.8299999999998349        0.0000000000000000     
   9.8399999999998347        0.0000000000000000     
   9.8499999999998344        0.0000000000000000     
   9.8599999999998342        0.0000000000000000     
   9.8699999999998340        0.0000000000000000     
   9.8799999999998338        0.0000000000000000     
   9.8899999999998336        0.0000000000000000     
   9.8999999999998334        0.0000000000000000     
   9.9099999999998332        0.0000000000000000     
   9.9199999999998330        0.0000000000000000     
   9.9299999999998327        0.0000000000000000     
   9.9399999999998325        0.0000000000000000     
   9.9499999999998323        0.0000000000000000     
   9.9599999999998321        0.0000000000000000     
   9.9699999999998319        0.0000000000000000     
   9.9799999999998317        0.0000000000000000     
   9.9899999999998315        0.0000000000000000     
   9.9999999999998312        0.0000000000000000     
