   0.0000000000000000        8.8720706047077949E-002
   1.0000000000000000E-002   8.8417449620261684E-002
   2.0000000000000000E-002   8.7544265377102651E-002
   2.9999999999999999E-002   8.6205348882134769E-002
   4.0000000000000001E-002   8.4557272211646148E-002
   5.0000000000000003E-002   8.2787854134038094E-002
   6.0000000000000005E-002   8.1093871696578765E-002
   7.0000000000000007E-002   7.9661790318858477E-002
   8.0000000000000002E-002   7.8654104489309110E-002
   8.9999999999999997E-002   7.8202035369664913E-002
   9.9999999999999992E-002   7.8403857380896516E-002
  0.10999999999999999        7.9327313572835331E-002
  0.11999999999999998        8.1014398322382317E-002
  0.12999999999999998        8.3487027401995872E-002
  0.13999999999999999        8.6752543728030873E-002
  0.14999999999999999        9.0808444751244138E-002
  0.16000000000000000        9.5646069789950439E-002
  0.17000000000000001       0.10125322424582590     
  0.18000000000000002       0.10761585348705344     
  0.19000000000000003       0.11471893895237750     
  0.20000000000000004       0.12254680017494447     
  0.21000000000000005       0.13108297128805219     
  0.22000000000000006       0.14030979422613560     
  0.23000000000000007       0.15020784200210988     
  0.24000000000000007       0.16075525890493653     
  0.25000000000000006       0.17192708182857053     
  0.26000000000000006       0.18369458829144436     
  0.27000000000000007       0.19602470167530034     
  0.28000000000000008       0.20887947187485661     
  0.29000000000000009       0.22221563919576964     
  0.30000000000000010       0.23598428033422703     
  0.31000000000000011       0.25013052749772452     
  0.32000000000000012       0.26459334484028590     
  0.33000000000000013       0.27930534122931533     
  0.34000000000000014       0.29419259585922602     
  0.35000000000000014       0.30917447527108988     
  0.36000000000000015       0.32416342990779323     
  0.37000000000000016       0.33906477847124106     
  0.38000000000000017       0.35377652216353450     
  0.39000000000000018       0.36818927854675987     
  0.40000000000000019       0.38218648119529913     
  0.41000000000000020       0.39564504237914622     
  0.42000000000000021       0.40843669807642691     
  0.43000000000000022       0.42043021811079007     
  0.44000000000000022       0.43149454732791004     
  0.45000000000000023       0.44150275012907969     
  0.46000000000000024       0.45033640469929093     
  0.47000000000000025       0.45788991510312838     
  0.48000000000000026       0.46407416247014488     
  0.49000000000000027       0.46881904020819160     
  0.50000000000000022       0.47207467530852948     
  0.51000000000000023       0.47381142873333815     
  0.52000000000000024       0.47401898354538713     
  0.53000000000000025       0.47270490931320031     
  0.54000000000000026       0.46989304462046255     
  0.55000000000000027       0.46562192353768544     
  0.56000000000000028       0.45994334948463211     
  0.57000000000000028       0.45292113041200754     
  0.58000000000000029       0.44462994165259861     
  0.59000000000000030       0.43515426681048175     
  0.60000000000000031       0.42458736848969614     
  0.61000000000000032       0.41303024769839675     
  0.62000000000000033       0.40059055983220160     
  0.63000000000000034       0.38738146447443184     
  0.64000000000000035       0.37352039748609694     
  0.65000000000000036       0.35912776658953061     
  0.66000000000000036       0.34432558588014828     
  0.67000000000000037       0.32923607845325009     
  0.68000000000000038       0.31398028819406432     
  0.69000000000000039       0.29867675034726071     
  0.70000000000000040       0.28344027435640951     
  0.71000000000000041       0.26838089163423268     
  0.72000000000000042       0.25360301538078550     
  0.73000000000000043       0.23920484954360507     
  0.74000000000000044       0.22527807040341224     
  0.75000000000000044       0.21190778766888688     
  0.76000000000000045       0.19917277237517944     
  0.77000000000000046       0.18714591669651159     
  0.78000000000000047       0.17589486548932098     
  0.79000000000000048       0.16548272991353877     
  0.80000000000000049       0.15596875946923339     
  0.81000000000000050       0.14740880954703217     
  0.82000000000000051       0.13985539815516723     
  0.83000000000000052       0.13335710184030303     
  0.84000000000000052       0.12795700536147275     
  0.85000000000000053       0.12368990859291101     
  0.86000000000000054       0.12057803105040169     
  0.87000000000000055       0.11862507231129037     
  0.88000000000000056       0.11780872024909433     
  0.89000000000000057       0.11807207272166928     
  0.90000000000000058       0.11931494444159263     
  0.91000000000000059       0.12138660102683242     
  0.92000000000000060       0.12408195023704154     
  0.93000000000000060       0.12714341031679724     
  0.94000000000000061       0.13027033883581693     
  0.95000000000000062       0.13313690706309880     
  0.96000000000000063       0.13541770572931569     
  0.97000000000000064       0.13681847528884400     
  0.98000000000000065       0.13710765713038270     
  0.99000000000000066       0.13614348726090739     
   1.0000000000000007       0.13389150248694057     
   1.0100000000000007       0.13042875064314968     
   1.0200000000000007       0.12593349986245958     
   1.0300000000000007       0.12066225069100149     
   1.0400000000000007       0.11491850800417569     
   1.0500000000000007       0.10901922410796699     
   1.0600000000000007       0.10326464762750649     
   1.0700000000000007        9.7915707546465350E-002
   1.0800000000000007        9.3180738385238437E-002
   1.0900000000000007        8.9211145289390573E-002
   1.1000000000000008        8.6104104989966054E-002
   1.1100000000000008        8.3909779378146421E-002
   1.1200000000000008        8.2640630412941868E-002
   1.1300000000000008        8.2280961451532728E-002
   1.1400000000000008        8.2795478630086627E-002
   1.1500000000000008        8.4136267981546262E-002
   1.1600000000000008        8.6248030423694513E-002
   1.1700000000000008        8.9071695508771101E-002
   1.1800000000000008        9.2546675155897318E-002
   1.1900000000000008        9.6612064045633092E-002
   1.2000000000000008       0.10120708154901686     
   1.2100000000000009       0.10627101090508563     
   1.2200000000000009       0.11174284356169613     
   1.2300000000000009       0.11756078977994695     
   1.2400000000000009       0.12366177617197563     
   1.2500000000000009       0.12998101809397031     
   1.2600000000000009       0.13645172865484495     
   1.2700000000000009       0.14300500605707056     
   1.2800000000000009       0.14956992532932045     
   1.2900000000000009       0.15607384802983237     
   1.3000000000000009       0.16244295290336999     
   1.3100000000000009       0.16860298185785216     
   1.3200000000000010       0.17448018669148105     
   1.3300000000000010       0.18000245409590060     
   1.3400000000000010       0.18510057767548646     
   1.3500000000000010       0.18970963681899020     
   1.3600000000000010       0.19377043314094303     
   1.3700000000000010       0.19723092596170155     
   1.3800000000000010       0.20004760054443244     
   1.3900000000000010       0.20218669674195097     
   1.4000000000000010       0.20362522406659725     
   1.4100000000000010       0.20435169174560139     
   1.4200000000000010       0.20436649190780740     
   1.4300000000000010       0.20368188932148867     
   1.4400000000000011       0.20232159278524747     
   1.4500000000000011       0.20031990905549504     
   1.4600000000000011       0.19772050795951729     
   1.4700000000000011       0.19457485419493117     
   1.4800000000000011       0.19094038429607896     
   1.4900000000000011       0.18687852395932486     
   1.5000000000000011       0.18245264984322934     
   1.5100000000000011       0.17772610029764713     
   1.5200000000000011       0.17276033230076068     
   1.5300000000000011       0.16761330789883941     
   1.5400000000000011       0.16233817468502898     
   1.5500000000000012       0.15698228388934404     
   1.5600000000000012       0.15158656697968487     
   1.5700000000000012       0.14618527038676074     
   1.5800000000000012       0.14080602820791868     
   1.5900000000000012       0.13547023554811083     
   1.6000000000000012       0.13019367198315324     
   1.6100000000000012       0.12498731440678627     
   1.6200000000000012       0.11985827334337643     
   1.6300000000000012       0.11481078537800185     
   1.6400000000000012       0.10984719742660401     
   1.6500000000000012       0.10496888551585754     
   1.6600000000000013       0.10017706097236957     
   1.6700000000000013        9.5473429670614063E-002
   1.6800000000000013        9.0860683878248361E-002
   1.6900000000000013        8.6342820543226534E-002
   1.7000000000000013        8.1925292921005158E-002
   1.7100000000000013        7.7615013625432425E-002
   1.7200000000000013        7.3420235737245793E-002
   1.7300000000000013        6.9350343806879933E-002
   1.7400000000000013        6.5415588857642842E-002
   1.7500000000000013        6.1626800597615557E-002
   1.7600000000000013        5.7995106770060305E-002
   1.7700000000000014        5.4531684196339393E-002
   1.7800000000000014        5.1247559538365857E-002
   1.7900000000000014        4.8153470297129894E-002
   1.8000000000000014        4.5259788791872840E-002
   1.8100000000000014        4.2576503872710877E-002
   1.8200000000000014        4.0113247085314586E-002
   1.8300000000000014        3.7879341699132270E-002
   1.8400000000000014        3.5883844381288707E-002
   1.8500000000000014        3.4135540553711145E-002
   1.8600000000000014        3.2642845678160337E-002
   1.8700000000000014        3.1413557552693899E-002
   1.8800000000000014        3.0454401496910852E-002
   1.8900000000000015        2.9770315323246879E-002
   1.9000000000000015        2.9363440184421212E-002
   1.9100000000000015        2.9231823644580109E-002
   1.9200000000000015        2.9367908206723765E-002
   1.9300000000000015        2.9756972450383952E-002
   1.9400000000000015        3.0375801598800118E-002
   1.9500000000000015        3.1191963382227326E-002
   1.9600000000000015        3.2164110064116624E-002
   1.9700000000000015        3.3243670342516796E-002
   1.9800000000000015        3.4378103251838661E-002
   1.9900000000000015        3.5515571378116347E-002
   2.0000000000000013        3.6610521341504582E-002
   2.0100000000000011        3.7629347063563717E-002
   2.0200000000000009        3.8555167819407439E-002
   2.0300000000000007        3.9390840073682445E-002
   2.0400000000000005        4.0159628486131707E-002
   2.0500000000000003        4.0903411942487297E-002
   2.0600000000000001        4.1678783223291493E-002
   2.0699999999999998        4.2551796085155302E-002
   2.0799999999999996        4.3592320593514283E-002
   2.0899999999999994        4.4868936446820239E-002
   2.0999999999999992        4.6445051026325249E-002
   2.1099999999999990        4.8376567922307163E-002
   2.1199999999999988        5.0711073661693293E-002
   2.1299999999999986        5.3488250524049270E-002
   2.1399999999999983        5.6741101249155053E-002
   2.1499999999999981        6.0497572068328682E-002
   2.1599999999999979        6.4782239111180584E-002
   2.1699999999999977        6.9617831699088112E-002
   2.1799999999999975        7.5026468366147861E-002
   2.1899999999999973        8.1030560063180962E-002
   2.1999999999999971        8.7653385056385702E-002
   2.2099999999999969        9.4919365828977989E-002
   2.2199999999999966       0.10285408689647335     
   2.2299999999999964       0.11148409012343502     
   2.2399999999999962       0.12083647693210721     
   2.2499999999999960       0.13093833789885898     
   2.2599999999999958       0.14181602169827900     
   2.2699999999999956       0.15349424839249426     
   2.2799999999999954       0.16599506680664988     
   2.2899999999999952       0.17933665232771015     
   2.2999999999999949       0.19353193949237674     
   2.3099999999999947       0.20858708351065097     
   2.3199999999999945       0.22449974572163287     
   2.3299999999999943       0.24125720075136975     
   2.3399999999999941       0.25883426780118035     
   2.3499999999999939       0.27719107616993699     
   2.3599999999999937       0.29627068732975409     
   2.3699999999999934       0.31599661455806677     
   2.3799999999999932       0.33627030951674775     
   2.3899999999999930       0.35696872661057727     
   2.3999999999999928       0.37794213413143590     
   2.4099999999999926       0.39901241774359986     
   2.4199999999999924       0.41997221446285432     
   2.4299999999999922       0.44058531148247071     
   2.4399999999999920       0.46058881895404130     
   2.4499999999999917       0.47969763601452947     
   2.4599999999999915       0.49761162170007289     
   2.4699999999999913       0.51402560982557688     
   2.4799999999999911       0.52864196073915382     
   2.4899999999999909       0.54118478573990669     
   2.4999999999999907       0.55141445350172580     
   2.5099999999999905       0.55914067586149985     
   2.5199999999999902       0.56423251745727643     
   2.5299999999999900       0.56662410600781055     
   2.5399999999999898       0.56631552211561487     
   2.5499999999999896       0.56336911701205195     
   2.5599999999999894       0.55790214471655830     
   2.5699999999999892       0.55007697784793108     
   2.5799999999999890       0.54009027065079096     
   2.5899999999999888       0.52816227957264439     
   2.5999999999999885       0.51452723713975568     
   2.6099999999999883       0.49942529941539238     
   2.6199999999999881       0.48309624342943469     
   2.6299999999999879       0.46577483547926435     
   2.6399999999999877       0.44768764473375611     
   2.6499999999999875       0.42905102373617149     
   2.6599999999999873       0.41006999020331558     
   2.6699999999999871       0.39093779033605069     
   2.6799999999999868       0.37183598115274125     
   2.6899999999999866       0.35293492251235870     
   2.6999999999999864       0.33439461399638654     
   2.7099999999999862       0.31636584522885874     
   2.7199999999999860       0.29899165134296252     
   2.7299999999999858       0.28240907937897480     
   2.7399999999999856       0.26675127667542797     
   2.7499999999999853       0.25214990917505220     
   2.7599999999999851       0.23873790489449653     
   2.7699999999999849       0.22665249376938176     
   2.7799999999999847       0.21603847641875640     
   2.7899999999999845       0.20705159641842483     
   2.7999999999999843       0.19986180691002403     
   2.8099999999999841       0.19465610521740298     
   2.8199999999999839       0.19164045001466246     
   2.8299999999999836       0.19104006826792216     
   2.8399999999999834       0.19309720298156177     
   2.8499999999999832       0.19806506111038652     
   2.8599999999999830       0.20619643200885807     
   2.8699999999999828       0.21772523970022128     
   2.8799999999999826       0.23283930542166395     
   2.8899999999999824       0.25164303811851224     
   2.8999999999999821       0.27410991156379327     
   2.9099999999999819       0.30002670410551036     
   2.9199999999999817       0.32893472565720105     
   2.9299999999999815       0.36007744420120524     
   2.9399999999999813       0.39236823898568307     
   2.9499999999999811       0.42439483330898642     
   2.9599999999999809       0.45447603398937947     
   2.9699999999999807       0.48077959635631085     
   2.9799999999999804       0.50149674325551552     
   2.9899999999999802       0.51505148076037421     
   2.9999999999999800       0.52030709068035319     
   3.0099999999999798       0.51672527383756117     
   3.0199999999999796       0.50444038212286291     
   3.0299999999999794       0.48423127204570282     
   3.0399999999999792       0.45739948708805489     
   3.0499999999999790       0.42558476163731962     
   3.0599999999999787       0.39055957717516399     
   3.0699999999999785       0.35404185367665142     
   3.0799999999999783       0.31755256145566890     
   3.0899999999999781       0.28232935447856877     
   3.0999999999999779       0.24929372398235600     
   3.1099999999999777       0.21906053677338339     
   3.1199999999999775       0.19197547865484210     
   3.1299999999999772       0.16816660154444332     
   3.1399999999999770       0.14759910392150782     
   3.1499999999999768       0.13012611334795859     
   3.1599999999999766       0.11553157043538305     
   3.1699999999999764       0.10356385220158026     
   3.1799999999999762        9.3960425508367931E-002
   3.1899999999999760        8.6464714927309491E-002
   3.1999999999999758        8.0836712439649863E-002
   3.2099999999999755        7.6858854295405510E-002
   3.2199999999999753        7.4338506858344491E-002
   3.2299999999999751        7.3108148899780748E-002
   3.2399999999999749        7.3024079628758870E-002
   3.2499999999999747        7.3964253288630946E-002
   3.2599999999999745        7.5825655021060173E-002
   3.2699999999999743        7.8521489527070720E-002
   3.2799999999999740        8.1978348631881123E-002
   3.2899999999999738        8.6133449612582194E-002
   3.2999999999999736        9.0931985646882679E-002
   3.3099999999999734        9.6324597736062459E-002
   3.3199999999999732       0.10226495903098275     
   3.3299999999999730       0.10870745537888950     
   3.3399999999999728       0.11560494733094090     
   3.3499999999999726       0.12290660916395918     
   3.3599999999999723       0.13055585853006110     
   3.3699999999999721       0.13848841650104324     
   3.3799999999999719       0.14663057147685657     
   3.3899999999999717       0.15489775963857505     
   3.3999999999999715       0.16319361568714555     
   3.4099999999999713       0.17140968280085161     
   3.4199999999999711       0.17942599058939959     
   3.4299999999999708       0.18711270078646464     
   3.4399999999999706       0.19433296911920045     
   3.4499999999999704       0.20094706978404542     
   3.4599999999999702       0.20681767601507847     
   3.4699999999999700       0.21181600159411360     
   3.4799999999999698       0.21582831612733347     
   3.4899999999999696       0.21876219591235380     
   3.4999999999999694       0.22055180931036653     
   3.5099999999999691       0.22116159300309043     
   3.5199999999999689       0.22058785965219854     
   3.5299999999999687       0.21885815633632058     
   3.5399999999999685       0.21602850807931678     
   3.5499999999999683       0.21217896254395263     
   3.5599999999999681       0.20740803916946798     
   3.5699999999999679       0.20182675002873510     
   3.5799999999999677       0.19555280444540771     
   3.5899999999999674       0.18870546670109553     
   3.5999999999999672       0.18140135383610898     
   3.6099999999999670       0.17375128086688754     
   3.6199999999999668       0.16585811625399585     
   3.6299999999999666       0.15781551482261316     
   3.6399999999999664       0.14970734889598422     
   3.6499999999999662       0.14160765100129033     
   3.6599999999999659       0.13358090089255134     
   3.6699999999999657       0.12568252156824397     
   3.6799999999999655       0.11795948504899872     
   3.6899999999999653       0.11045096109701967     
   3.6999999999999651       0.10318896868050968     
   3.7099999999999649        9.6199008939542086E-002
   3.7199999999999647        8.9500671285205016E-002
   3.7299999999999645        8.3108211131856721E-002
   3.7399999999999642        7.7031101191040383E-002
   3.7499999999999640        7.1274558917247668E-002
   3.7599999999999638        6.5840051993127105E-002
   3.7699999999999636        6.0725782356425957E-002
   3.7799999999999634        5.5927148132577216E-002
   3.7899999999999632        5.1437181573880490E-002
   3.7999999999999630        4.7246960658146313E-002
   3.8099999999999627        4.3345991826381929E-002
   3.8199999999999625        3.9722561550788120E-002
   3.8299999999999623        3.6364055014404414E-002
   3.8399999999999621        3.3257240829071395E-002
   3.8499999999999619        3.0388521572055752E-002
   3.8599999999999617        2.7744150681396948E-002
   3.8699999999999615        2.5310416912153466E-002
   3.8799999999999613        2.3073798163650024E-002
   3.8899999999999610        2.1021086903495120E-002
   3.8999999999999608        1.9139489833919696E-002
   3.9099999999999606        1.7416704336189859E-002
   3.9199999999999604        1.5840974608025318E-002
   3.9299999999999602        1.4401130170060648E-002
   3.9399999999999600        1.3086609292659703E-002
   3.9499999999999598        1.1887469837341819E-002
   3.9599999999999596        1.0794389730830210E-002
   3.9699999999999593        9.7986590276100821E-003
   3.9799999999999591        8.8921653673785447E-003
   3.9899999999999589        8.0673743180473458E-003
   3.9999999999999587        7.3173060567926400E-003
   4.0099999999999589        6.6355092764934344E-003
   4.0199999999999587        6.0160334685426540E-003
   4.0299999999999585        5.4534002486319143E-003
   4.0399999999999583        4.9425743329365160E-003
   4.0499999999999581        4.4789346735158208E-003
   4.0599999999999579        4.0582462179067713E-003
   4.0699999999999577        3.6766324056703181E-003
   4.0799999999999574        3.3305488043642358E-003
   4.0899999999999572        3.0167579156993528E-003
   4.0999999999999570        2.7323052938417421E-003
   4.1099999999999568        2.4744970415453691E-003
   4.1199999999999566        2.2408786895951574E-003
   4.1299999999999564        2.0292154202912588E-003
   4.1399999999999562        1.8374736840719773E-003
   4.1499999999999559        1.6638041427253754E-003
   4.1599999999999557        1.5065258391311308E-003
   4.1699999999999555        1.3641116186519306E-003
   4.1799999999999553        1.2351746639009944E-003
   4.1899999999999551        1.1184560986699822E-003
   4.1999999999999549        1.0128136927307558E-003
   4.2099999999999547        9.1721138334868800E-004
   4.2199999999999545        8.3070975929883497E-004
   4.2299999999999542        7.5245737489417549E-004
   4.2399999999999540        6.8168274621992122E-004
   4.2499999999999538        6.1768713665937567E-004
   4.2599999999999536        5.5983791963160816E-004
   4.2699999999999534        5.0756256297121861E-004
   4.2799999999999532        4.6034314935693578E-004
   4.2899999999999530        4.1771142415974750E-004
   4.2999999999999527        3.7924425417671244E-004
   4.3099999999999525        3.4455954592287031E-004
   4.3199999999999523        3.1331254604616846E-004
   4.3299999999999521        2.8519246625321256E-004
   4.3399999999999519        2.5991946912982771E-004
   4.3499999999999517        2.3724191871029058E-004
   4.3599999999999515        2.1693391884489854E-004
   4.3699999999999513        1.9879309112129441E-004
   4.3799999999999510        1.8263860190751688E-004
   4.3899999999999508        1.6830934614851423E-004
   4.3999999999999506        1.5566240172363330E-004
   4.4099999999999504        1.4457157027140445E-004
   4.4199999999999502        1.3492618100804200E-004
   4.4299999999999500        1.2662996156506838E-004
   4.4399999999999498        1.1960007958926991E-004
   4.4499999999999496        1.1376635623446113E-004
   4.4599999999999493        1.0907052847802507E-004
   4.4699999999999491        1.0546572325008551E-004
   4.4799999999999489        1.0291594489207614E-004
   4.4899999999999487        1.0139572257613429E-004
   4.4999999999999485        1.0088990018284771E-004
   4.5099999999999483        1.0139343800308401E-004
   4.5199999999999481        1.0291138317058987E-004
   4.5299999999999478        1.0545893928609093E-004
   4.5399999999999476        1.0906157975929850E-004
   4.5499999999999474        1.1375532791857654E-004
   4.5599999999999472        1.1958711694968597E-004
   4.5699999999999470        1.2661523427123867E-004
   4.5799999999999468        1.3490995039991787E-004
   4.5899999999999466        1.4455415816814904E-004
   4.5999999999999464        1.5564423321924391E-004
   4.6099999999999461        1.6829099637033580E-004
   4.6199999999999459        1.8262080750781906E-004
   4.6299999999999457        1.9877680038187122E-004
   4.6399999999999455        2.1692034980186933E-004
   4.6499999999999453        2.3723262592360657E-004
   4.6599999999999451        2.5991642664065066E-004
   4.6699999999999449        2.8519816723027516E-004
   4.6799999999999446        3.1333012629328330E-004
   4.6899999999999444        3.4459295083931539E-004
   4.6999999999999442        3.7929841555928558E-004
   4.7099999999999440        4.1779249543224948E-004
   4.7199999999999438        4.6045879424935391E-004
   4.7299999999999436        5.0772229835796990E-004
   4.7399999999999434        5.6005355698781354E-004
   4.7499999999999432        6.1797328459294769E-004
   4.7599999999999429        6.8205747154960624E-004
   4.7699999999999427        7.5294296764626134E-004
   4.7799999999999425        8.3133370492524553E-004
   4.7899999999999423        9.1800751167001613E-004
   4.7999999999999421        1.0138236318504414E-003
   4.8099999999999419        1.1197309856005911E-003
   4.8199999999999417        1.2367772771302429E-003
   4.8299999999999415        1.3661189920028257E-003
   4.8399999999999412        1.5090323727669638E-003
   4.8499999999999410        1.6669254626936964E-003
   4.8599999999999408        1.8413513214331409E-003
   4.8699999999999406        2.0340224890765678E-003
   4.8799999999999404        2.2468267942254237E-003
   4.8899999999999402        2.4818446653381275E-003
   4.8999999999999400        2.7413679845453027E-003
   4.9099999999999397        3.0279206561637457E-003
   4.9199999999999395        3.3442809624831481E-003
   4.9299999999999393        3.6935058511163407E-003
   4.9399999999999391        4.0789572282449180E-003
   4.9499999999999389        4.5043303984182818E-003
   4.9599999999999387        4.9736846906923704E-003
   4.9699999999999385        5.4914763831429396E-003
   4.9799999999999383        6.0625939447430484E-003
   4.9899999999999380        6.6923955629975785E-003
   4.9999999999999378        7.3867490149996723E-003
   5.0099999999999376        8.1520736491274212E-003
   5.0199999999999374        8.9953844077129697E-003
   5.0299999999999372        9.9243375165070560E-003
   5.0399999999999370        1.0947277506480104E-002
   5.0499999999999368        1.2073284946934998E-002
   5.0599999999999365        1.3312224201451226E-002
   5.0699999999999363        1.4674790196774094E-002
   5.0799999999999361        1.6172552955078481E-002
   5.0899999999999359        1.7817998383110465E-002
   5.0999999999999357        1.9624563292415315E-002
   5.1099999999999355        2.1606662356874078E-002
   5.1199999999999353        2.3779704044207442E-002
   5.1299999999999351        2.6160092086871006E-002
   5.1399999999999348        2.8765208353169043E-002
   5.1499999999999346        3.1613372357784962E-002
   5.1599999999999344        3.4723771712326788E-002
   5.1699999999999342        3.8116357228832262E-002
   5.1799999999999340        4.1811695410969428E-002
   5.1899999999999338        4.5830770418635002E-002
   5.1999999999999336        5.0194726904538571E-002
   5.2099999999999334        5.4924544550862819E-002
   5.2199999999999331        6.0040635145004378E-002
   5.2299999999999329        6.5562353101511303E-002
   5.2399999999999327        7.1507411223415487E-002
   5.2499999999999325        7.7891195174341815E-002
   5.2599999999999323        8.4725972588438905E-002
   5.2699999999999321        9.2019996637723145E-002
   5.2799999999999319        9.9776508986947385E-002
   5.2899999999999316       0.10799265386881685     
   5.2999999999999314       0.11665832327822355     
   5.3099999999999312       0.12575496346599541     
   5.3199999999999310       0.13525438410148127     
   5.3299999999999308       0.14511762389112623     
   5.3399999999999306       0.15529393895368104     
   5.3499999999999304       0.16571999167036436     
   5.3599999999999302       0.17631932714079740     
   5.3699999999999299       0.18700222946308229     
   5.3799999999999297       0.19766604945483388     
   5.3899999999999295       0.20819608697675501     
   5.3999999999999293       0.21846709349813687     
   5.4099999999999291       0.22834543272365304     
   5.4199999999999289       0.23769189968108803     
   5.4299999999999287       0.24636515236057147     
   5.4399999999999284       0.25422565866788005     
   5.4499999999999282       0.26114000877385501     
   5.4599999999999280       0.26698539489492329     
   5.4699999999999278       0.27165402330730071     
   5.4799999999999276       0.27505720244738485     
   5.4899999999999274       0.27712885131791931     
   5.4999999999999272       0.27782819599867647     
   5.5099999999999270       0.27714146851224375     
   5.5199999999999267       0.27508248798464502     
   5.5299999999999265       0.27169208259774552     
   5.5399999999999263       0.26703639365416038     
   5.5499999999999261       0.26120418180249577     
   5.5599999999999259       0.25430332096363784     
   5.5699999999999257       0.24645671214564802     
   5.5799999999999255       0.23779787298329788     
   5.5899999999999253       0.22846645904060792     
   5.5999999999999250       0.21860395230609103     
   5.6099999999999248       0.20834971479651926     
   5.6199999999999246       0.19783755736339015     
   5.6299999999999244       0.18719292105874957     
   5.6399999999999242       0.17653071703963674     
   5.6499999999999240       0.16595382471334233     
   5.6599999999999238       0.15555221041433506     
   5.6699999999999235       0.14540260097537022     
   5.6799999999999233       0.13556862914505410     
   5.6899999999999231       0.12610135921109700     
   5.6999999999999229       0.11704010065051856     
   5.7099999999999227       0.10841342270780731     
   5.7199999999999225       0.10024029216720645     
   5.7299999999999223        9.2531268032992553E-002
   5.7399999999999221        8.5289699383889916E-002
   5.7499999999999218        7.8512884959489257E-002
   5.7599999999999216        7.2193164463637993E-002
   5.7699999999999214        6.6318921451550397E-002
   5.7799999999999212        6.0875486239026229E-002
   5.7899999999999210        5.5845933883514803E-002
   5.7999999999999208        5.1211777473649550E-002
   5.8099999999999206        4.6953560879844335E-002
   5.8199999999999203        4.3051357543350509E-002
   5.8299999999999201        3.9485183614523779E-002
   5.8399999999999199        3.6235334536015427E-002
   5.8499999999999197        3.3282654436379996E-002
   5.8599999999999195        3.0608747496803670E-002
   5.8699999999999193        2.8196140047324132E-002
   5.8799999999999191        2.6028401373331622E-002
   5.8899999999999189        2.4090230642700515E-002
   5.8999999999999186        2.2367516346053926E-002
   5.9099999999999184        2.0847374041932897E-002
   5.9199999999999182        1.9518167284677083E-002
   5.9299999999999180        1.8369516010077042E-002
   5.9399999999999178        1.7392295940386743E-002
   5.9499999999999176        1.6578631987301126E-002
   5.9599999999999174        1.5921888142147723E-002
   5.9699999999999172        1.5416655869235530E-002
   5.9799999999999169        1.5058742568023691E-002
   5.9899999999999167        1.4845161394302111E-002
   5.9999999999999165        1.4774123382998224E-002
   6.0099999999999163        1.4845032408737956E-002
   6.0199999999999161        1.5058483509038175E-002
   6.0299999999999159        1.5416264577745345E-002
   6.0399999999999157        1.5921361359412797E-002
   6.0499999999999154        1.6577965353847784E-002
   6.0599999999999152        1.7391483988789674E-002
   6.0699999999999150        1.8368552157236845E-002
   6.0799999999999148        1.9517043811500726E-002
   6.0899999999999146        2.0846082094818658E-002
   6.0999999999999144        2.2366045931275585E-002
   6.1099999999999142        2.4088570619660923E-002
   6.1199999999999140        2.6026539483597153E-002
   6.1299999999999137        2.8194062932001662E-002
   6.1399999999999135        3.0606440739045084E-002
   6.1499999999999133        3.3280102623519867E-002
   6.1599999999999131        3.6232521363782730E-002
   6.1699999999999129        3.9482092004139928E-002
   6.1799999999999127        4.3047969819576280E-002
   6.1899999999999125        4.6949858968906306E-002
   6.1999999999999122        5.1207743204463953E-002
   6.2099999999999120        5.5841549306356764E-002
   6.2199999999999118        6.0870734040424548E-002
   6.2299999999999116        6.6313785453467444E-002
   6.2399999999999114        7.2187630210884729E-002
   6.2499999999999112        7.8506940385005775E-002
   6.2599999999999110        8.5283335583819023E-002
   6.2699999999999108        9.2524480146712190E-002
   6.2799999999999105       0.10023308031071321     
   6.2899999999999103       0.10840579300879950     
   6.2999999999999101       0.11703206632960726     
   6.3099999999999099       0.12609294166447529     
   6.3199999999999097       0.13555985902278853     
   6.3299999999999095       0.14539351915652224     
   6.3399999999999093       0.15554286886304458     
   6.3499999999999091       0.16594428709283143     
   6.3599999999999088       0.17652105902835610     
   6.3699999999999086       0.18718323029599943     
   6.3799999999999084       0.19782793289361930     
   6.3899999999999082       0.20834026601278885     
   6.3999999999999080       0.21859479727829101     
   6.4099999999999078       0.22845772225810709     
   6.4199999999999076       0.23778968250593133     
   6.4299999999999073       0.24644919623649628     
   6.4399999999999071       0.25429660430493345     
   6.4499999999999069       0.26119838148611940     
   6.4599999999999067       0.26703161509600004     
   6.4699999999999065       0.27168841564688639     
   6.4799999999999063       0.27508000343635336     
   6.4899999999999061       0.27714021525113125     
   6.4999999999999059       0.27782819900282990     
   6.5099999999999056       0.27713011059442016     
   6.5199999999999054       0.27505969304228844     
   6.5299999999999052       0.27165769635257830     
   6.5399999999999050       0.26699017961671423     
   6.5499999999999048       0.26114581535316600     
   6.5599999999999046       0.25423238172816320     
   6.5699999999999044       0.24637267485433931     
   6.5799999999999041       0.23770009697695477     
   6.5899999999999039       0.22835417661610213     
   6.5999999999999037       0.21847625599000164     
   6.6099999999999035       0.20820554366253843     
   6.6199999999999033       0.19767568234411864     
   6.6299999999999031       0.18701192925890006     
   6.6399999999999029       0.17632899490030640     
   6.6499999999999027       0.16572953987086936     
   6.6599999999999024       0.15530329202963439     
   6.6699999999999022       0.14512671831560589     
   6.6799999999999020       0.13526316804809796     
   6.6899999999999018       0.12576339621192653     
   6.6999999999999016       0.11666637433995602     
   6.7099999999999014       0.10800030202786663     
   6.7199999999999012        9.9783741223938724E-002
   6.7299999999999010        9.2026807033516497E-002
   6.7399999999999007        8.4732361265023981E-002
   6.7499999999999005        7.7897167245890492E-002
   6.7599999999999003        7.1512975874929996E-002
   6.7699999999999001        6.5567522706324169E-002
   6.7799999999998999        6.0045424497774488E-002
   6.7899999999998997        5.4928970199947878E-002
   6.7999999999998995        5.0198806570530240E-002
   6.8099999999998992        4.5834522500631227E-002
   6.8199999999998990        4.1815138573985305E-002
   6.8299999999998988        3.8119510088158691E-002
   6.8399999999998986        3.4726652543929787E-002
   6.8499999999998984        3.1615998893639786E-002
   6.8599999999998982        2.8767597621584096E-002
   6.8699999999998980        2.6162260293403586E-002
   6.8799999999998978        2.3781666479865602E-002
   6.8899999999998975        2.1608433339777675E-002
   6.8999999999998973        1.9626156129999246E-002
   6.9099999999998971        1.7819425365927996E-002
   6.9199999999998969        1.6173825347539215E-002
   6.9299999999998967        1.4675918229544156E-002
   6.9399999999998965        1.3313217099814048E-002
   6.9499999999998963        1.2074150946315206E-002
   6.9599999999998960        1.0948023871006697E-002
   6.9699999999998958        9.9249705629413116E-003
   6.9799999999998956        8.9959095200813511E-003
   6.9899999999998954        8.1524952926529601E-003
   6.9999999999998952        7.3870707681651894E-003
   7.0099999999998950        6.6926201182523192E-003
   7.0199999999998948        6.0627231094026318E-003
   7.0299999999998946        5.4915110980339292E-003
   7.0399999999998943        4.9736250037171557E-003
   7.0499999999998941        4.5041754755141029E-003
   7.0599999999998939        4.0787053177427923E-003
   7.0699999999998937        3.6931542718979826E-003
   7.0799999999998935        3.3438260623244276E-003
   7.0899999999998933        3.0273577692028317E-003
   7.0999999999998931        2.7406913921060776E-003
   7.1099999999998929        2.4810475174359657E-003
   7.1199999999998926        2.2459010546601373E-003
   7.1299999999998924        2.0329588461432840E-003
   7.1399999999998922        1.8401390897487041E-003
   7.1499999999998920        1.6655524709059196E-003
   7.1599999999998918        1.5074848553204556E-003
   7.1699999999998916        1.3643814407400979E-003
   7.1799999999998914        1.2348322849276621E-003
   7.1899999999998911        1.1175590642233532E-003
   7.1999999999998909        1.0114030411786110E-003
   7.2099999999998907        9.1531401691927043E-004
   7.2199999999998905        8.2834033340963736E-004
   7.2299999999998903        7.4961975799694991E-004
   7.2399999999998901        6.7837116065511940E-004
   7.2499999999998899        6.1388697658790290E-004
   7.2599999999998897        5.5552634825774250E-004
   7.2699999999998894        5.0270888164550870E-004
   7.2799999999998892        4.5490899160695330E-004
   7.2899999999998890        4.1165076394544857E-004
   7.2999999999998888        3.7250328877442125E-004
   7.3099999999998886        3.3707642439963497E-004
   7.3199999999998884        3.0501697901536272E-004
   7.3299999999998882        2.7600519700265487E-004
   7.3399999999998879        2.4975164129962185E-004
   7.3499999999998877        2.2599429929667656E-004
   7.3599999999998875        2.0449601519899511E-004
   7.3699999999998873        1.8504212935307204E-004
   7.3799999999998871        1.6743834905478299E-004
   7.3899999999998869        1.5150882755511752E-004
   7.3999999999998867        1.3709441663075763E-004
   7.4099999999998865        1.2405106986746310E-004
   7.4199999999998862        1.1224843687096682E-004
   7.4299999999998860        1.0156853874003052E-004
   7.4399999999998858        9.1904612015859222E-005
   7.4499999999998856        8.3160040616677363E-005
   7.4599999999998854        7.5247387846585800E-005
   7.4699999999998852        6.8087530421587919E-005
   7.4799999999998850        6.1608864135826206E-005
   7.4899999999998847        5.5746592917919492E-005
   7.4999999999998845        5.0442084839912665E-005
   7.5099999999998843        4.5642280090832039E-005
   7.5199999999998841        4.1299166087901020E-005
   7.5299999999998839        3.7369296287361142E-005
   7.5399999999998837        3.3813354391088073E-005
   7.5499999999998835        3.0595764719977481E-005
   7.5599999999998833        2.7684337991112198E-005
   7.5699999999998830        2.5049942815096865E-005
   7.5799999999998828        2.2666225210539511E-005
   7.5899999999998826        2.0509329167077110E-005
   7.5999999999998824        1.8557671177577853E-005
   7.6099999999998822        1.6791728062179053E-005
   7.6199999999998820        1.5193828308032711E-005
   7.6299999999998818        1.3747977856804636E-005
   7.6399999999998816        1.2439715744838673E-005
   7.6499999999998813        1.1255943930633806E-005
   7.6599999999998811        1.0184817228564195E-005
   7.6699999999998809        9.2156214618997575E-006
   7.6799999999998807        8.3386518317020655E-006
   7.6899999999998805        7.5451351395324454E-006
   7.6999999999998803        6.8271301757716361E-006
   7.7099999999998801        6.1774505591183056E-006
   7.7199999999998798        5.5895931580415383E-006
   7.7299999999998796        5.0576778611799529E-006
   7.7399999999998794        4.5763805630449612E-006
   7.7499999999998792        4.1408827413902996E-006
   7.7599999999998790        3.7468289295012920E-006
   7.7699999999998788        3.3902740731184023E-006
   7.7799999999998786        3.0676471397926510E-006
   7.7899999999998784        2.7757242576558743E-006
   7.7999999999998781        2.5115804207176177E-006
   7.8099999999998779        2.2725728046800718E-006
   7.8199999999998777        2.0563097423715685E-006
   7.8299999999998775        1.8606262679998564E-006
   7.8399999999998773        1.6835654283974370E-006
   7.8499999999998771        1.5233535805585834E-006
   7.8599999999998769        1.3783868222465582E-006
   7.8699999999998766        1.2472165590938448E-006
   7.8799999999998764        1.1285279169317309E-006
   7.8899999999998762        1.0211349616632695E-006
   7.8999999999998760        9.2396068440878209E-007
   7.9099999999998758        8.3603493525738590E-007
   7.9199999999998756        7.5647545695658066E-007
   7.9299999999998754        6.8448754567735065E-007
   7.9399999999998752        6.1935014238651546E-007
   7.9499999999998749        5.6041099104062806E-007
   7.9599999999998747        5.0708031648248844E-007
   7.9699999999998745        4.5882582843739685E-007
   7.9799999999998743        4.1516411728450262E-007
   7.9899999999998741        3.7565423943472264E-007
   7.9999999999998739        3.3990638323845188E-007
   8.0099999999998737        3.0756040467321095E-007
   8.0199999999998735        2.7829221112620914E-007
   8.0299999999998732        2.5180895042777719E-007
   8.0399999999998730        2.2784663620761116E-007
   8.0499999999998728        2.0616416502610908E-007
   8.0599999999998726        1.8654454995552840E-007
   8.0699999999998724        1.6879288517106548E-007
   8.0799999999998722        1.5272983881019076E-007
   8.0899999999998720        1.3819560043237187E-007
   8.0999999999998717        1.2504531676876679E-007
   8.1099999999998715        1.1314455831141526E-007
   8.1199999999998713        1.0237668996072740E-007
   8.1299999999998711        9.2634729389766821E-008
   8.1399999999998709        8.3819650870141376E-008
   8.1499999999998707        7.5843715941159337E-008
   8.1599999999998705        6.8625631603743439E-008
   8.1699999999998703        6.2095022052164976E-008
   8.1799999999998700        5.6187155114547573E-008
   8.1899999999998698        5.0838840595477263E-008
   8.1999999999998696        4.6000735248167598E-008
   8.2099999999998694        4.1624482690769375E-008
   8.2199999999998692        3.7662713406368671E-008
   8.2299999999998690        3.4079406824812130E-008
   8.2399999999998688        3.0836075213606998E-008
   8.2499999999998685        2.7901138894810794E-008
   8.2599999999998683        2.5245978785287663E-008
   8.2699999999998681        2.2843456099306051E-008
   8.2799999999998679        2.0669886078408817E-008
   8.2899999999998677        1.8702570829074420E-008
   8.2999999999998675        1.6922759917524543E-008
   8.3099999999998673        1.5312196342448758E-008
   8.3199999999998671        1.3856077129811326E-008
   8.3299999999998668        1.2537132143237279E-008
   8.3399999999998666        1.1343519003498197E-008
   8.3499999999998664        1.0263888763833377E-008
   8.3599999999998662        9.2878793424179556E-009
   8.3699999999998660        8.4041417924911944E-009
   8.3799999999998658        7.6037943296318533E-009
   8.3899999999998656        6.8799288992898513E-009
   8.3999999999998654        6.2251440144474670E-009
   8.4099999999998651        5.6330250530225043E-009
   8.4199999999998649        5.0966639604651289E-009
   8.4299999999998647        4.6121132770323988E-009
   8.4399999999998645        4.1734518131100629E-009
   8.4499999999998643        3.7757452440196670E-009
   8.4599999999998641        3.4165264074218546E-009
   8.4699999999998639        3.0918478435738410E-009
   8.4799999999998636        2.7977620927327922E-009
   8.4899999999998634        2.5308151276237328E-009
   8.4999999999998632        2.2895266508430863E-009
   8.5099999999998630        2.0724163649872618E-009
   8.5199999999998628        1.8750433778456283E-009
   8.5299999999998626        1.6969142569502918E-009
   8.5399999999998624        1.5350684074941421E-009
   8.5499999999998622        1.3895058294771854E-009
   8.5599999999998619        1.2572659280922723E-009
   8.5699999999998617        1.1378552708715790E-009
   8.5799999999998615        1.0297935604115320E-009
   8.5899999999998613        9.3258736424426539E-010
   8.5999999999998611        8.4228922262696570E-010
   8.6099999999998609        7.6235316283459987E-010
   8.6199999999998607        6.8981859006004952E-010
   8.6299999999998604        6.2369863936759268E-010
   8.6399999999998602        5.6448674322509970E-010
   8.6499999999998600        5.1119603669685822E-010
   8.6599999999998598        4.6135935744359520E-010
   8.6699999999998596        4.1843073274028793E-010
   8.6799999999998594        3.7846270284410108E-010
   8.6899999999998592        3.4244213269075451E-010
   8.6999999999998590        3.1036902228023592E-010
   8.7099999999998587        2.8125650667684251E-010
   8.7199999999998585        2.5411772094486683E-010
   8.7299999999998583        2.2895266508430749E-010
   8.7399999999998581        2.0822850143443396E-010
   8.7499999999998579        1.8750433778456113E-010
   8.7599999999998577        1.6974076894181358E-010
   8.7699999999998575        1.5444436243833659E-010
   8.7799999999998573        1.3914795593485952E-010
   8.7899999999998570        1.2631871177065238E-010
   8.7999999999998568        1.1398290007429940E-010
   8.8099999999998566        1.0312738578150961E-010
   8.8199999999998564        9.3752168892280564E-011
   8.8299999999998562        8.4376952003052718E-011
   8.8399999999998560        7.6975464985241574E-011
   8.8499999999998558        6.9573977967429758E-011
   8.8599999999998555        6.2172490949617877E-011
   8.8699999999998553        5.6744733803222814E-011
   8.8799999999998551        5.0330111721119103E-011
   8.8899999999998549        4.6382651978286565E-011
   8.8999999999998547        4.1448327299745277E-011
   8.9099999999998545        3.7500867556912656E-011
   8.9199999999998543        3.4540272749787720E-011
   8.9299999999998541        3.1579677942663094E-011
   8.9399999999998538        2.7632218199830254E-011
   8.9499999999998536        2.5658488328413943E-011
   8.9599999999998534        2.2697893521289227E-011
   8.9699999999998532        2.0724163649872639E-011
   8.9799999999998530        1.9243866246310394E-011
   8.9899999999998528        1.6776703907039795E-011
   8.9999999999998526        1.5789838971331547E-011
   9.0099999999998523        1.3816109099915127E-011
   9.0199999999998521        1.1842379228498660E-011
   9.0299999999998519        1.1348946760644613E-011
   9.0399999999998517        9.8686493570822166E-012
   9.0499999999998515        9.8686493570822166E-012
   9.0599999999998513        7.8949194856657736E-012
   9.0699999999998511        7.4014870178117129E-012
   9.0799999999998509        6.9080545499575634E-012
   9.0899999999998506        5.9211896142493298E-012
   9.0999999999998504        5.9211896142493298E-012
   9.1099999999998502        4.9343246785411083E-012
   9.1199999999998500        3.9474597428328868E-012
   9.1299999999998498        3.9474597428328868E-012
   9.1399999999998496        3.9474597428328868E-012
   9.1499999999998494        2.9605948071246649E-012
   9.1599999999998492        2.9605948071246649E-012
   9.1699999999998489        2.9605948071246649E-012
   9.1799999999998487        2.9605948071246649E-012
   9.1899999999998485        1.9737298714164434E-012
   9.1999999999998483        1.9737298714164434E-012
   9.2099999999998481        2.4671623392705541E-012
   9.2199999999998479        1.9737298714164434E-012
   9.2299999999998477        1.9737298714164434E-012
   9.2399999999998474        1.4802974035623324E-012
   9.2499999999998472        9.8686493570822170E-013
   9.2599999999998470        9.8686493570822170E-013
   9.2699999999998468        9.8686493570822170E-013
   9.2799999999998466        9.8686493570822170E-013
   9.2899999999998464        9.8686493570822170E-013
   9.2999999999998462        9.8686493570822170E-013
   9.3099999999998460        4.9343246785411085E-013
   9.3199999999998457        9.8686493570822170E-013
   9.3299999999998455        4.9343246785411085E-013
   9.3399999999998453        4.9343246785411085E-013
   9.3499999999998451        4.9343246785411085E-013
   9.3599999999998449        9.8686493570822170E-013
   9.3699999999998447        9.8686493570822170E-013
   9.3799999999998445        0.0000000000000000     
   9.3899999999998442        0.0000000000000000     
   9.3999999999998440        4.9343246785411085E-013
   9.4099999999998438        0.0000000000000000     
   9.4199999999998436        4.9343246785411085E-013
   9.4299999999998434        4.9343246785411085E-013
   9.4399999999998432        0.0000000000000000     
   9.4499999999998430        0.0000000000000000     
   9.4599999999998428        0.0000000000000000     
   9.4699999999998425        0.0000000000000000     
   9.4799999999998423        0.0000000000000000     
   9.4899999999998421        0.0000000000000000     
   9.4999999999998419        0.0000000000000000     
   9.5099999999998417        0.0000000000000000     
   9.5199999999998415        0.0000000000000000     
   9.5299999999998413        4.9343246785411085E-013
   9.5399999999998411        4.9343246785411085E-013
   9.5499999999998408        0.0000000000000000     
   9.5599999999998406        0.0000000000000000     
   9.5699999999998404        0.0000000000000000     
   9.5799999999998402        4.9343246785411085E-013
   9.5899999999998400        9.8686493570822170E-013
   9.5999999999998398        0.0000000000000000     
   9.6099999999998396        0.0000000000000000     
   9.6199999999998393        0.0000000000000000     
   9.6299999999998391       -4.9343246785411085E-013
   9.6399999999998389        0.0000000000000000     
   9.6499999999998387        0.0000000000000000     
   9.6599999999998385       -4.9343246785411085E-013
   9.6699999999998383        0.0000000000000000     
   9.6799999999998381        0.0000000000000000     
   9.6899999999998379        0.0000000000000000     
   9.6999999999998376        0.0000000000000000     
   9.7099999999998374        0.0000000000000000     
   9.7199999999998372        0.0000000000000000     
   9.7299999999998370        0.0000000000000000     
   9.7399999999998368        0.0000000000000000     
   9.7499999999998366        0.0000000000000000     
   9.7599999999998364        0.0000000000000000     
   9.7699999999998361        0.0000000000000000     
   9.7799999999998359        0.0000000000000000     
   9.7899999999998357        0.0000000000000000     
   9.7999999999998355        0.0000000000000000     
   9.8099999999998353        0.0000000000000000     
   9.8199999999998351        0.0000000000000000     
   9.8299999999998349        0.0000000000000000     
   9.8399999999998347        0.0000000000000000     
   9.8499999999998344        0.0000000000000000     
   9.8599999999998342        0.0000000000000000     
   9.8699999999998340        0.0000000000000000     
   9.8799999999998338        0.0000000000000000     
   9.8899999999998336        0.0000000000000000     
   9.8999999999998334        0.0000000000000000     
   9.9099999999998332        0.0000000000000000     
   9.9199999999998330        0.0000000000000000     
   9.9299999999998327        0.0000000000000000     
   9.9399999999998325        0.0000000000000000     
   9.9499999999998323        0.0000000000000000     
   9.9599999999998321        0.0000000000000000     
   9.9699999999998319        0.0000000000000000     
   9.9799999999998317        0.0000000000000000     
   9.9899999999998315        0.0000000000000000     
   9.9999999999998312        0.0000000000000000     
