   0.0000000000000000       0.14694870300479723     
   1.0000000000000000E-002  0.14700050992638705     
   2.0000000000000000E-002  0.14715843921439126     
   2.9999999999999999E-002  0.14742984781541033     
   4.0000000000000001E-002  0.14782645222530341     
   5.0000000000000003E-002  0.14836356771593795     
   6.0000000000000005E-002  0.14905914820887595     
   7.0000000000000007E-002  0.14993271308418676     
   8.0000000000000002E-002  0.15100424975004723     
   8.9999999999999997E-002  0.15229317255025362     
   9.9999999999999992E-002  0.15381740270693681     
  0.10999999999999999       0.15559261348200684     
  0.11999999999999998       0.15763166317790028     
  0.12999999999999998       0.15994421902856656     
  0.13999999999999999       0.16253655924583674     
  0.14999999999999999       0.16541152951363966     
  0.16000000000000000       0.16856862415803325     
  0.17000000000000001       0.17200416019504763     
  0.18000000000000002       0.17571151391751946     
  0.19000000000000003       0.17968139305573436     
  0.20000000000000004       0.18390212222433497     
  0.21000000000000005       0.18835992436196408     
  0.22000000000000006       0.19303918563745118     
  0.23000000000000007       0.19792269547064020     
  0.24000000000000007       0.20299185689063581     
  0.25000000000000006       0.20822686506941027     
  0.26000000000000006       0.21360685405860924     
  0.27000000000000007       0.21911001326952523     
  0.28000000000000008       0.22471367642983153     
  0.29000000000000009       0.23039438674753443     
  0.30000000000000010       0.23612794297715206     
  0.31000000000000011       0.24188943198231364     
  0.32000000000000012       0.24765325455109563     
  0.33000000000000013       0.25339315222417846     
  0.34000000000000014       0.25908224409807962     
  0.35000000000000014       0.26469308329446017     
  0.36000000000000015       0.27019774314639200     
  0.37000000000000016       0.27556794252791350     
  0.38000000000000017       0.28077521805131600     
  0.39000000000000018       0.28579114766178365     
  0.40000000000000019       0.29058762569522550     
  0.41000000000000020       0.29513718380234982     
  0.42000000000000021       0.29941334631735506     
  0.43000000000000022       0.30339100300827826     
  0.44000000000000022       0.30704677852166579     
  0.45000000000000023       0.31035937626529653     
  0.46000000000000024       0.31330987627933227     
  0.47000000000000025       0.31588197102502547     
  0.48000000000000026       0.31806212974753995     
  0.49000000000000027       0.31983968959049247     
  0.50000000000000022       0.32120687882420434     
  0.51000000000000023       0.32215878303541762     
  0.52000000000000024       0.32269326830469658     
  0.53000000000000025       0.32281087620245980     
  0.54000000000000026       0.32251470405408000     
  0.55000000000000027       0.32181028117911537     
  0.56000000000000028       0.32070544882491309     
  0.57000000000000028       0.31921024792199248     
  0.58000000000000029       0.31733681660490443     
  0.59000000000000030       0.31509929714730200     
  0.60000000000000031       0.31251375092944883     
  0.61000000000000032       0.30959807917447851     
  0.62000000000000033       0.30637194700946491     
  0.63000000000000034       0.30285670797147568     
  0.64000000000000035       0.29907532618995775     
  0.65000000000000036       0.29505229318098530     
  0.66000000000000036       0.29081353611031469     
  0.67000000000000037       0.28638631396088005     
  0.68000000000000038       0.28179909803899039     
  0.69000000000000039       0.27708143268263657     
  0.70000000000000040       0.27226377192222784     
  0.71000000000000041       0.26737728761759949     
  0.72000000000000042       0.26245364410807409     
  0.73000000000000043       0.25752473490924410     
  0.74000000000000044       0.25262237657339415     
  0.75000000000000044       0.24777795564566774     
  0.76000000000000045       0.24302202555547769     
  0.77000000000000046       0.23838385162307071     
  0.78000000000000047       0.23389090488524644     
  0.79000000000000048       0.22956830882656998     
  0.80000000000000049       0.22543824722276945     
  0.81000000000000050       0.22151934722111388     
  0.82000000000000051       0.21782605816610617     
  0.83000000000000052       0.21436805406046550     
  0.84000000000000052       0.21114969494092720     
  0.85000000000000053       0.20816958941002922     
  0.86000000000000054       0.20542030498374786     
  0.87000000000000055       0.20288827536913784     
  0.88000000000000056       0.20055395063693984     
  0.89000000000000057       0.19839222848087987     
  0.90000000000000058       0.19637319099367864     
  0.91000000000000059       0.19446315103293410     
  0.92000000000000060       0.19262598845958281     
  0.93000000000000060       0.19082472849331308     
  0.94000000000000061       0.18902328752461831     
  0.95000000000000062       0.18718828714398009     
  0.96000000000000063       0.18529081948629392     
  0.97000000000000064       0.18330803842192744     
  0.98000000000000065       0.18122445436920390     
  0.99000000000000066       0.17903282643450052     
   1.0000000000000007       0.17673457353960478     
   1.0100000000000007       0.17433966452100022     
   1.0200000000000007       0.17186599150122919     
   1.0300000000000007       0.16933827615643848     
   1.0400000000000007       0.16678659916486127     
   1.0500000000000007       0.16424467346782656     
   1.0600000000000007       0.16174799844792662     
   1.0700000000000007       0.15933203224028791     
   1.0800000000000007       0.15703050604510851     
   1.0900000000000007       0.15487397765250258     
   1.1000000000000008       0.15288868967037278     
   1.1100000000000008       0.15109576303333433     
   1.1200000000000008       0.14951072527769044     
   1.1300000000000008       0.14814334733638435     
   1.1400000000000008       0.14699774503673790     
   1.1500000000000008       0.14607269176076698     
   1.1600000000000008       0.14536208616124244     
   1.1700000000000008       0.14485552160616788     
   1.1800000000000008       0.14453891092422244     
   1.1900000000000008       0.14439512832840820     
   1.2000000000000008       0.14440463975529227     
   1.2100000000000009       0.14454610142570692     
   1.2200000000000009       0.14479691387182270     
   1.2300000000000009       0.14513372487997295     
   1.2400000000000009       0.14553287939642395     
   1.2500000000000009       0.14597081731295178     
   1.2600000000000009       0.14642442248376630     
   1.2700000000000009       0.14687132688020121     
   1.2800000000000009       0.14729017435984018     
   1.2900000000000009       0.14766084815046548     
   1.3000000000000009       0.14796466568823072     
   1.3100000000000009       0.14818454356282135     
   1.3200000000000010       0.14830513484838059     
   1.3300000000000010       0.14831293987865474     
   1.3400000000000010       0.14819639145809874     
   1.3500000000000010       0.14794591456078876     
   1.3600000000000010       0.14755396049694480     
   1.3700000000000010       0.14701501524776739     
   1.3800000000000010       0.14632558193209080     
   1.3900000000000010       0.14548413733634380     
   1.4000000000000010       0.14449106308321322     
   1.4100000000000010       0.14334855210122049     
   1.4200000000000010       0.14206049221334555     
   1.4300000000000010       0.14063232846875529     
   1.4400000000000011       0.13907090719917753     
   1.4500000000000011       0.13738430463888512     
   1.4600000000000011       0.13558164385057359     
   1.4700000000000011       0.13367290376416341     
   1.4800000000000011       0.13166872446126685     
   1.4900000000000011       0.12958021277338494     
   1.5000000000000011       0.12741875234898214     
   1.5100000000000011       0.12519582201718860     
   1.5200000000000011       0.12292282593369588     
   1.5300000000000011       0.12061093870197534     
   1.5400000000000011       0.11827096809912699     
   1.5500000000000012       0.11591323730753968     
   1.5600000000000012       0.11354748851092210     
   1.5700000000000012       0.11118280836082489     
   1.5800000000000012       0.10882757600873817     
   1.5900000000000012       0.10648943327169612     
   1.6000000000000012       0.10417527632035514     
   1.6100000000000012       0.10189126758069084     
   1.6200000000000012        9.9642866387612133E-002
   1.6300000000000012        9.7434876185218317E-002
   1.6400000000000012        9.5271506136767325E-002
   1.6500000000000012        9.3156444510708092E-002
   1.6600000000000013        9.1092941225597690E-002
   1.6700000000000013        8.9083896568064647E-002
   1.6800000000000013        8.7131953449457233E-002
   1.6900000000000013        8.5239590177511759E-002
   1.7000000000000013        8.3409211121651824E-002
   1.7100000000000013        8.1643232739605096E-002
   1.7200000000000013        7.9944162233893057E-002
   1.7300000000000013        7.8314667067287444E-002
   1.7400000000000013        7.6757633035825057E-002
   1.7500000000000013        7.5276209255806470E-002
   1.7600000000000013        7.3873838728356400E-002
   1.7700000000000014        7.2554273010280168E-002
   1.7800000000000014        7.1321570146264432E-002
   1.7900000000000014        7.0180075217588178E-002
   1.8000000000000014        6.9134382770654410E-002
   1.8100000000000014        6.8189281365004087E-002
   1.8200000000000014        6.7349680281539648E-002
   1.8300000000000014        6.6620519459882691E-002
   1.8400000000000014        6.6006664101744994E-002
   1.8500000000000014        6.5512786766487918E-002
   1.8600000000000014        6.5143240324471163E-002
   1.8700000000000014        6.4901927305393306E-002
   1.8800000000000014        6.4792172037434786E-002
   1.8900000000000015        6.4816603887030311E-002
   1.9000000000000015        6.4977061383720183E-002
   1.9100000000000015        6.5274527498148507E-002
   1.9200000000000015        6.5709107235593270E-002
   1.9300000000000015        6.6280057183720348E-002
   1.9400000000000015        6.6985874978206461E-002
   1.9500000000000015        6.7824452887309053E-002
   1.9600000000000015        6.8793295055646658E-002
   1.9700000000000015        6.9889791956784408E-002
   1.9800000000000015        7.1111539762621717E-002
   1.9900000000000015        7.2456686418055041E-002
   2.0000000000000013        7.3924281714538589E-002
   2.0100000000000011        7.5514606100840362E-002
   2.0200000000000009        7.7229452695057363E-002
   2.0300000000000007        7.9072339265708072E-002
   2.0400000000000005        8.1048631840473409E-002
   2.0500000000000003        8.3165568329221895E-002
   2.0600000000000001        8.5432178645172871E-002
   2.0699999999999998        8.7859106042854601E-002
   2.0799999999999996        9.0458342753287416E-002
   2.0899999999999994        9.3242898829447099E-002
   2.0999999999999992        9.6226427969213643E-002
   2.1099999999999990        9.9422835285992120E-002
   2.1199999999999988       0.10284589115757624     
   2.1299999999999986       0.10650887163111475     
   2.1399999999999983       0.11042424066005707     
   2.1499999999999981       0.11460338324357948     
   2.1599999999999979       0.11905639237906517     
   2.1699999999999977       0.12379190711495666     
   2.1799999999999975       0.12881699491970322     
   2.1899999999999973       0.13413706870519890     
   2.1999999999999971       0.13975582756116814     
   2.2099999999999969       0.14567521038013698     
   2.2199999999999966       0.15189535233644891     
   2.2299999999999964       0.15841453581099499     
   2.2399999999999962       0.16522912944903098     
   2.2499999999999960       0.17233351059793672     
   2.2599999999999958       0.17971996873666685     
   2.2699999999999956       0.18737858878779229     
   2.2799999999999954       0.19529711506256395     
   2.2899999999999952       0.20346079772171263     
   2.2999999999999949       0.21185222509339183     
   2.3099999999999947       0.22045114633451071     
   2.3199999999999945       0.22923429041393095     
   2.3299999999999943       0.23817518874821911     
   2.3399999999999941       0.24724401081444100     
   2.3499999999999939       0.25640742391842841     
   2.3599999999999937       0.26562849066823235     
   2.3699999999999934       0.27486662001039863     
   2.3799999999999932       0.28407759020501566     
   2.3899999999999930       0.29321366377086172     
   2.3999999999999928       0.30222381565003320     
   2.4099999999999926       0.31105409520424643     
   2.4199999999999924       0.31964814013642801     
   2.4299999999999922       0.32794785485141847     
   2.4399999999999920       0.33589425741941026     
   2.4499999999999917       0.34342848760473021     
   2.4599999999999915       0.35049295450084023     
   2.4699999999999913       0.35703258731594462     
   2.4799999999999911       0.36299613870343372     
   2.4899999999999909       0.36833747910030651     
   2.4999999999999907       0.37301681488108929     
   2.5099999999999905       0.37700176400503571     
   2.5199999999999902       0.38026823100966850     
   2.5299999999999900       0.38280103736303939     
   2.5399999999999898       0.38459428185357797     
   2.5499999999999896       0.38565142589420265     
   2.5599999999999894       0.38598511862321122     
   2.5699999999999892       0.38561679305152813     
   2.5799999999999890       0.38457607718818487     
   2.5899999999999888       0.38290007137738929     
   2.5999999999999885       0.38063254523645912     
   2.6099999999999883       0.37782310525028662     
   2.6199999999999881       0.37452637801366290     
   2.6299999999999879       0.37080124505567003     
   2.6399999999999877       0.36671015509805249     
   2.6499999999999875       0.36231852851637630     
   2.6599999999999873       0.35769425896509577     
   2.6699999999999871       0.35290730754751820     
   2.6799999999999868       0.34802937781039855     
   2.6899999999999866       0.34313365348968700     
   2.6999999999999864       0.33829457599626789     
   2.7099999999999862       0.33358763492263133     
   2.7199999999999860       0.32908914094680369     
   2.7299999999999858       0.32487594763373279     
   2.7399999999999856       0.32102508484228010     
   2.7499999999999853       0.31761326318980510     
   2.7599999999999851       0.31471620588464094     
   2.7699999999999849       0.31240776132673626     
   2.7799999999999847       0.31075874856055719     
   2.7899999999999845       0.30983548913089803     
   2.7999999999999843       0.30969798312757918     
   2.8099999999999841       0.31039769822810315     
   2.8199999999999839       0.31197495773843748     
   2.8299999999999836       0.31445594121850245     
   2.8399999999999834       0.31784934891654809     
   2.8499999999999832       0.32214283178413416     
   2.8599999999999830       0.32729934979147990     
   2.8699999999999828       0.33325369183669074     
   2.8799999999999826       0.33990946339439077     
   2.8899999999999824       0.34713691475901959     
   2.8999999999999821       0.35477203063033680     
   2.9099999999999819       0.36261731350623461     
   2.9199999999999817       0.37044465514123798     
   2.9299999999999815       0.37800058523050761     
   2.9399999999999813       0.38501401070863134     
   2.9499999999999811       0.39120631639935727     
   2.9599999999999809       0.39630340964564603     
   2.9699999999999807       0.40004899430091545     
   2.9799999999999804       0.40221810281337994     
   2.9899999999999802       0.40262975038452509     
   2.9999999999999800       0.40115754698374351     
   3.0099999999999798       0.39773723366000496     
   3.0199999999999796       0.39237039290604986     
   3.0299999999999794       0.38512397961875361     
   3.0399999999999792       0.37612576758864774     
   3.0499999999999790       0.36555623290625339     
   3.0599999999999787       0.35363773323070918     
   3.0699999999999785       0.34062204504677429     
   3.0799999999999783       0.32677737296420806     
   3.0899999999999781       0.31237585724659483     
   3.0999999999999779       0.29768241323390138     
   3.1099999999999777       0.28294548288590932     
   3.1199999999999775       0.26839001056230877     
   3.1299999999999772       0.25421270925869849     
   3.1399999999999770       0.24057948443546712     
   3.1499999999999768       0.22762474243665906     
   3.1599999999999766       0.21545222957286103     
   3.1699999999999764       0.20413701890032138     
   3.1799999999999762       0.19372827407052473     
   3.1899999999999760       0.18425245835933865     
   3.1999999999999758       0.17571671337959377     
   3.2099999999999755       0.16811219215684101     
   3.2199999999999753       0.16141719221633999     
   3.2299999999999751       0.15559998703331820     
   3.2399999999999749       0.15062129992251511     
   3.2499999999999747       0.14643639920542234     
   3.2599999999999745       0.14299682018947879     
   3.2699999999999743       0.14025173726571941     
   3.2799999999999740       0.13814902079464553     
   3.2899999999999738       0.13663601989519794     
   3.2999999999999736       0.13566011435063607     
   3.3099999999999734       0.13516907865283051     
   3.3199999999999732       0.13511129960839630     
   3.3299999999999730       0.13543588576830684     
   3.3399999999999728       0.13609270401720167     
   3.3499999999999726       0.13703237489658690     
   3.3599999999999723       0.13820625512706700     
   3.3699999999999721       0.13956643182287809     
   3.3799999999999719       0.14106574925600071     
   3.3899999999999717       0.14265788517472897     
   3.3999999999999715       0.14429748878313955     
   3.4099999999999713       0.14594038771422890     
   3.4199999999999711       0.14754386568602412     
   3.4299999999999708       0.14906700642363777     
   3.4399999999999706       0.15047109353264554     
   3.4499999999999704       0.15172004984430065     
   3.4599999999999702       0.15278089480681498     
   3.4699999999999700       0.15362419455218107     
   3.4799999999999698       0.15422447726244209     
   3.4899999999999696       0.15456058644652779     
   3.4999999999999694       0.15461594743519236     
   3.5099999999999691       0.15437872703517302     
   3.5199999999999689       0.15384187287905282     
   3.5299999999999687       0.15300302712964092     
   3.5399999999999685       0.15186431740984169     
   3.5499999999999683       0.15043203575934949     
   3.5599999999999681       0.14871622340785329     
   3.5699999999999679       0.14673018382550476     
   3.5799999999999677       0.14448994944292137     
   3.5899999999999674       0.14201372784829505     
   3.5999999999999672       0.13932135172440535     
   3.6099999999999670       0.13643375363830193     
   3.6199999999999668       0.13337248238752594     
   3.6299999999999666       0.13015927289151283     
   3.6399999999999664       0.12681567670747640     
   3.6499999999999662       0.12336275574732967     
   3.6599999999999659       0.11982083821591874     
   3.6699999999999657       0.11620933263203687     
   3.6799999999999655       0.11254659432340272     
   3.6899999999999653       0.10884983691520632     
   3.6999999999999651       0.10513508185527651     
   3.7099999999999649       0.10141713811957551     
   3.7199999999999647        9.7709605880627659E-002
   3.7299999999999645        9.4024897729166057E-002
   3.7399999999999642        9.0374272700902605E-002
   3.7499999999999640        8.6767878892984970E-002
   3.7599999999999638        8.3214801448943415E-002
   3.7699999999999636        7.9723113658079936E-002
   3.7799999999999634        7.6299929203206315E-002
   3.7899999999999632        7.2951454725384834E-002
   3.7999999999999630        6.9683041658943012E-002
   3.8099999999999627        6.6499237102887063E-002
   3.8199999999999625        6.3403833476649893E-002
   3.8299999999999623        6.0399916966671796E-002
   3.8399999999999621        5.7489914680310221E-002
   3.8499999999999619        5.4675640664684673E-002
   3.8599999999999617        5.1958340828299532E-002
   3.8699999999999615        4.9338736810837391E-002
   3.8799999999999613        4.6817068802828959E-002
   3.8899999999999610        4.4393137278061635E-002
   3.8999999999999608        4.2066343696862955E-002
   3.9099999999999606        3.9835729888888984E-002
   3.9199999999999604        3.7700016291192656E-002
   3.9299999999999602        3.5657638670764699E-002
   3.9399999999999600        3.3706783386126017E-002
   3.9499999999999598        3.1845420989452325E-002
   3.9599999999999596        3.0071338145915880E-002
   3.9699999999999593        2.8382167650193031E-002
   3.9799999999999591        2.6775416602310219E-002
   3.9899999999999589        2.5248492621617068E-002
   3.9999999999999587        2.3798728083085755E-002
   4.0099999999999589        2.2423402358700002E-002
   4.0199999999999587        2.1119762102652061E-002
   4.0299999999999585        1.9885039564789101E-002
   4.0399999999999583        1.8716469106762532E-002
   4.0499999999999581        1.7611301769837984E-002
   4.0599999999999579        1.6566818199375045E-002
   4.0699999999999577        1.5580339883302747E-002
   4.0799999999999574        1.4649238857956683E-002
   4.0899999999999572        1.3770945940087745E-002
   4.0999999999999570        1.2942957617563054E-002
   4.1099999999999568        1.2162841798124829E-002
   4.1199999999999566        1.1428242260671394E-002
   4.1299999999999564        1.0736882252172291E-002
   4.1399999999999562        1.0086567105534190E-002
   4.1499999999999559        9.4751859972617199E-003
   4.1599999999999557        8.9007131042121469E-003
   4.1699999999999555        8.3612079653973617E-003
   4.1799999999999553        7.8548154647830170E-003
   4.1899999999999551        7.3797651763243249E-003
   4.1999999999999549        6.9343704580924663E-003
   4.2099999999999547        6.5170270670662491E-003
   4.2199999999999545        6.1262116167458275E-003
   4.2299999999999542        5.7604797077125541E-003
   4.2399999999999540        5.4184639745192952E-003
   4.2499999999999538        5.0988719060332637E-003
   4.2599999999999536        4.8004836130638943E-003
   4.2699999999999534        4.5221495782316471E-003
   4.2799999999999532        4.2627882402999379E-003
   4.2899999999999530        4.0213836901010092E-003
   4.2999999999999527        3.7969833844140512E-003
   4.3099999999999525        3.5886957369692415E-003
   4.3199999999999523        3.3956879958129092E-003
   4.3299999999999521        3.2171839445387534E-003
   4.3399999999999519        3.0524618668490203E-003
   4.3499999999999517        2.9008524808707839E-003
   4.3599999999999515        2.7617370108661988E-003
   4.3699999999999513        2.6345453593186775E-003
   4.3799999999999510        2.5187543880772511E-003
   4.3899999999999508        2.4138862567584154E-003
   4.3999999999999506        2.3195069944499359E-003
   4.4099999999999504        2.2352250484209309E-003
   4.4199999999999502        2.1606900495557452E-003
   4.4299999999999500        2.0955916454073881E-003
   4.4399999999999498        2.0396585111526078E-003
   4.4499999999999496        1.9926574106438845E-003
   4.4599999999999493        1.9543924708584292E-003
   4.4699999999999491        1.9247044894639940E-003
   4.4799999999999489        1.9034704362372234E-003
   4.4899999999999487        1.8906030596012953E-003
   4.4999999999999485        1.8860506204586901E-003
   4.5099999999999483        1.8897967500845164E-003
   4.5199999999999481        1.9018604528269348E-003
   4.5299999999999478        1.9222962006842498E-003
   4.5399999999999476        1.9511942583159765E-003
   4.5499999999999474        1.9886809831625783E-003
   4.5599999999999472        2.0349194152764361E-003
   4.5699999999999470        2.0901099203531016E-003
   4.5799999999999468        2.1544909579275140E-003
   4.5899999999999466        2.2283400810981300E-003
   4.5999999999999464        2.3119749713675069E-003
   4.6099999999999461        2.4057546630342828E-003
   4.6199999999999459        2.5100809550335553E-003
   4.6299999999999457        2.6253998802005241E-003
   4.6399999999999455        2.7522034279877116E-003
   4.6499999999999453        2.8910313395280503E-003
   4.6599999999999451        3.0424731030988259E-003
   4.6699999999999449        3.2071700766147446E-003
   4.6799999999999446        3.3858178286508131E-003
   4.6899999999999444        3.5791685226318442E-003
   4.6999999999999442        3.7880336191173339E-003
   4.7099999999999440        4.0132865895952576E-003
   4.7199999999999438        4.2558658803688604E-003
   4.7299999999999436        4.5167780061991696E-003
   4.7399999999999434        4.7971007789713652E-003
   4.7499999999999432        5.0979867122908458E-003
   4.7599999999999429        5.4206665466001785E-003
   4.7699999999999427        5.7664529051137418E-003
   4.7799999999999425        6.1367440719625327E-003
   4.7899999999999423        6.5330278644011386E-003
   4.7999999999999421        6.9568856156888449E-003
   4.8099999999999419        7.4099961552043002E-003
   4.8199999999999417        7.8941398745144779E-003
   4.8299999999999415        8.4112027869453279E-003
   4.8399999999999412        8.9631805085704352E-003
   4.8499999999999410        9.5521822026042591E-003
   4.8599999999999408        1.0180434312947191E-002
   4.8699999999999406        1.0850284134200191E-002
   4.8799999999999404        1.1564203149593010E-002
   4.8899999999999402        1.2324789881080106E-002
   4.8999999999999400        1.3134772403554569E-002
   4.9099999999999397        1.3997010223242075E-002
   4.9199999999999395        1.4914495476783252E-002
   4.9299999999999393        1.5890353334680099E-002
   4.9399999999999391        1.6927841369334031E-002
   4.9499999999999389        1.8030347791554584E-002
   4.9599999999999387        1.9201388371541003E-002
   4.9699999999999385        2.0444601715185681E-002
   4.9799999999999383        2.1763742811279303E-002
   4.9899999999999380        2.3162674531339675E-002
   4.9999999999999378        2.4645356754268950E-002
   5.0099999999999376        2.6215832911156835E-002
   5.0199999999999374        2.7878213605806487E-002
   5.0299999999999372        2.9636656922738362E-002
   5.0399999999999370        3.1495345159337391E-002
   5.0499999999999368        3.3458457569561902E-002
   5.0599999999999365        3.5530138776487918E-002
   5.0699999999999363        3.7714462465937799E-002
   5.0799999999999361        4.0015390067416737E-002
   5.0899999999999359        4.2436724004730010E-002
   5.0999999999999357        4.4982055284576591E-002
   5.1099999999999355        4.7654705159227963E-002
   5.1199999999999353        5.0457660630824464E-002
   5.1299999999999351        5.3393503771574168E-002
   5.1399999999999348        5.6464334816415405E-002
   5.1499999999999346        5.9671689158298999E-002
   5.1599999999999344        6.3016448601331557E-002
   5.1699999999999342        6.6498747320283158E-002
   5.1799999999999340        7.0117873223703872E-002
   5.1899999999999338        7.3872165708813720E-002
   5.1999999999999336        7.7758910995804731E-002
   5.2099999999999334        8.1774236607849590E-002
   5.2199999999999331        8.5913006799656744E-002
   5.2299999999999329        9.0168721086942391E-002
   5.2399999999999327        9.4533418442648565E-002
   5.2499999999999325        9.8997589910998884E-002
   5.2599999999999323       0.10355010278492753     
   5.2699999999999321       0.10817813968017412     
   5.2799999999999319       0.11286715609620596     
   5.2899999999999316       0.11760086007507242     
   5.2999999999999314       0.12236121763756108     
   5.3099999999999312       0.12712848746921676     
   5.3199999999999310       0.13188128816235897     
   5.3299999999999308       0.13659670070482693     
   5.3399999999999306       0.14125040846682271     
   5.3499999999999304       0.14581687597612439     
   5.3599999999999302       0.15026956691216867     
   5.3699999999999299       0.15458120049826493     
   5.3799999999999297       0.15872404436607035     
   5.3899999999999295       0.16267024035533653     
   5.3999999999999293       0.16639215862259144     
   5.4099999999999291       0.16986277377962752     
   5.4199999999999289       0.17305605565694615     
   5.4299999999999287       0.17594736612457718     
   5.4399999999999284       0.17851385254365221     
   5.4499999999999282       0.18073482776072977     
   5.4599999999999280       0.18259212647545509     
   5.4699999999999278       0.18407042788826736     
   5.4799999999999276       0.18515753518884404     
   5.4899999999999274       0.18584460340883105     
   5.4999999999999272       0.18612630867713151     
   5.5099999999999270       0.18600095344891920     
   5.5199999999999267       0.18547050453887440     
   5.5299999999999265       0.18454056258723517     
   5.5399999999999263       0.18322026418345844     
   5.5499999999999261       0.18152211960626419     
   5.5599999999999259       0.17946179160007464     
   5.5699999999999257       0.17705782185871766     
   5.5799999999999255       0.17433131377660088     
   5.5899999999999253       0.17130558075969382     
   5.5999999999999250       0.16800577012983342     
   5.6099999999999248       0.16445847293357080     
   5.6199999999999246       0.16069132964972457     
   5.6299999999999244       0.15673264132470899     
   5.6399999999999242       0.15261099481846443     
   5.6499999999999240       0.14835490965959447     
   5.6599999999999238       0.14399251283086104     
   5.6699999999999235       0.13955124630021404     
   5.6799999999999233       0.13505761091182877     
   5.6899999999999231       0.13053694865919824     
   5.6999999999999229       0.12601326430794632     
   5.7099999999999227       0.12150908594113354     
   5.7199999999999225       0.11704536326925535     
   5.7299999999999223       0.11264140149372909     
   5.7399999999999221       0.10831482806261661     
   5.7499999999999218       0.10408158904778725     
   5.7599999999999216        9.9955971685234554E-002
   5.7699999999999214        9.5950649364713786E-002
   5.7799999999999212        9.2076745493320206E-002
   5.7899999999999210        8.8343912558359300E-002
   5.7999999999999208        8.4760423125595785E-002
   5.8099999999999206        8.1333269415546472E-002
   5.8199999999999203        7.8068268855591066E-002
   5.8299999999999201        7.4970172797033718E-002
   5.8399999999999199        7.2042776315200008E-002
   5.8499999999999197        6.9289027200603537E-002
   5.8599999999999195        6.6711132392632350E-002
   5.8699999999999193        6.4310660697798297E-002
   5.8799999999999191        6.2088640725736846E-002
   5.8899999999999189        6.0045653092742762E-002
   5.8999999999999186        5.8181916546346475E-002
   5.9099999999999184        5.6497367292699940E-002
   5.9199999999999182        5.4991731536220854E-002
   5.9299999999999180        5.3664590872840999E-002
   5.9399999999999178        5.2515440559407968E-002
   5.9499999999999176        5.1543740623887543E-002
   5.9599999999999174        5.0748960000805698E-002
   5.9699999999999172        5.0130613517370158E-002
   5.9799999999999169        4.9688292121262551E-002
   5.9899999999999167        4.9421686246582858E-002
   5.9999999999999165        4.9330602461655236E-002
   6.0099999999999163        4.9414973496547249E-002
   6.0199999999999161        4.9674861670490872E-002
   6.0299999999999159        5.0110455708638632E-002
   6.0399999999999157        5.0722061002577160E-002
   6.0499999999999154        5.1510083155234025E-002
   6.0599999999999152        5.2475004926642463E-002
   6.0699999999999150        5.3617356256712149E-002
   6.0799999999999148        5.4937677502387143E-002
   6.0899999999999146        5.6436475640514433E-002
   6.0999999999999144        5.8114173382651485E-002
   6.1099999999999142        5.9971051194599237E-002
   6.1199999999999140        6.2007182141828529E-002
   6.1299999999999137        6.4222359690597211E-002
   6.1399999999999135        6.6616018566141508E-002
   6.1499999999999133        6.9187148915155816E-002
   6.1599999999999131        7.1934204315892217E-002
   6.1699999999999129        7.4855004052521615E-002
   6.1799999999999127        7.7946630570856518E-002
   6.1899999999999125        8.1205323124229428E-002
   6.1999999999999122        8.4626368899997695E-002
   6.2099999999999120        8.8203993195768535E-002
   6.2199999999999118        9.1931250610386595E-002
   6.2299999999999116        9.5799919359494529E-002
   6.2399999999999114        9.9800401361030869E-002
   6.2499999999999112       0.10392163091041107     
   6.2599999999999110       0.10815099508411005     
   6.2699999999999108       0.11247426921313305     
   6.2799999999999105       0.11687557111475676     
   6.2899999999999103       0.12133733761646617     
   6.2999999999999101       0.12584032713345289     
   6.3099999999999099       0.13036365168519504     
   6.3199999999999097       0.13488484176015014     
   6.3299999999999095       0.13937994659150185     
   6.3399999999999093       0.14382367209458527     
   6.3499999999999091       0.14818955780115586     
   6.3599999999999088       0.15245019307479268     
   6.3699999999999086       0.15657747176195641     
   6.3799999999999084       0.16054288334952274     
   6.3899999999999082       0.16431783699937588     
   6.3999999999999080       0.16787401372835586     
   6.4099999999999078       0.17118374048328844     
   6.4199999999999076       0.17422037861939293     
   6.4299999999999073       0.17695871813018599     
   6.4399999999999071       0.17937536821409047     
   6.4499999999999069       0.18144913406527524     
   6.4599999999999067       0.18316136970692595     
   6.4699999999999065       0.18449629673135848     
   6.4799999999999063       0.18544127962570481     
   6.4899999999999061       0.18598704917861891     
   6.4999999999999059       0.18612786704999007     
   6.5099999999999056       0.18586162621707539     
   6.5199999999999054       0.18518988407492498     
   6.5299999999999052       0.18411782704976593     
   6.5399999999999050       0.18265416788967581     
   6.5499999999999048       0.18081097871544805     
   6.5599999999999046       0.17860346535462215     
   6.5699999999999044       0.17604968962084092     
   6.5799999999999041       0.17317024816559373     
   6.5899999999999039       0.16998791722466844     
   6.5999999999999037       0.16652727331407893     
   6.6099999999999035       0.16281430009018485     
   6.6199999999999033       0.15887599152286361     
   6.6299999999999031       0.15473996067732365     
   6.6399999999999029       0.15043406288305175     
   6.6499999999999027       0.14598604069927262     
   6.6599999999999024       0.14142319686152197     
   6.6699999999999022       0.13677210013923929     
   6.6799999999999020       0.13205832747306442     
   6.6899999999999018       0.12730624448450953     
   6.6999999999999016       0.12253882520909255     
   6.7099999999999014       0.11777751064542892     
   6.7199999999999012       0.11304210483080343     
   6.7299999999999010       0.10835070635245750     
   6.7399999999999007       0.10371967239524263     
   6.7499999999999005        9.9163612300609827E-002
   6.7599999999999003        9.4695406970693591E-002
   6.7699999999999001        9.0326250515862433E-002
   6.7799999999998999        8.6065710513076737E-002
   6.7899999999998997        8.1921803364398305E-002
   6.7999999999998995        7.7901081229004174E-002
   6.8099999999998992        7.4008727600958876E-002
   6.8199999999998990        7.0248658574208894E-002
   6.8299999999998988        6.6623627331651974E-002
   6.8399999999998986        6.3135329626433187E-002
   6.8499999999998984        5.9784508564770765E-002
   6.8599999999998982        5.6571056888173640E-002
   6.8699999999998980        5.3494115751917745E-002
   6.8799999999998978        5.0552168998751257E-002
   6.8899999999998975        4.7743132037507068E-002
   6.8999999999998973        4.5064435082846299E-002
   6.9099999999998971        4.2513100278337240E-002
   6.9199999999998969        4.0085812583593533E-002
   6.9299999999998967        3.7778984498040978E-002
   6.9399999999998965        3.5588814581390425E-002
   6.9499999999998963        3.3511340071326973E-002
   6.9599999999998960        3.1542483840327193E-002
   6.9699999999998958        2.9678095831937992E-002
   6.9799999999998956        2.7913989569539204E-002
   6.9899999999998954        2.6245973856537871E-002
   6.9999999999998952        2.4669880152872865E-002
   7.0099999999998950        2.3181585968027763E-002
   7.0199999999998948        2.1777034612614005E-002
   7.0299999999998946        2.0452251677251478E-002
   7.0399999999998943        1.9203358536325259E-002
   7.0499999999998941        1.8026583248751348E-002
   7.0599999999998939        1.6918269108635017E-002
   7.0699999999998937        1.5874881109731533E-002
   7.0799999999998935        1.4893010643640209E-002
   7.0899999999998933        1.3969378605019345E-002
   7.0999999999998931        1.3100837108702098E-002
   7.1099999999998929        1.2284370065838804E-002
   7.1199999999998926        1.1517092763315322E-002
   7.1299999999998924        1.0796250606739425E-002
   7.1399999999998922        1.0119217139066381E-002
   7.1499999999998920        9.4834914843533215E-003
   7.1599999999998918        8.8866953503279247E-003
   7.1699999999998916        8.3265696496660907E-003
   7.1799999999998914        7.8009707760585117E-003
   7.1899999999998911        7.3078667672377183E-003
   7.1999999999998909        6.8453331949264278E-003
   7.2099999999998907        6.4115490515094242E-003
   7.2199999999998905        6.0047925469563180E-003
   7.2299999999998903        5.6234368657921306E-003
   7.2399999999998901        5.2659459667532757E-003
   7.2499999999998899        4.9308704354896586E-003
   7.2599999999998897        4.6168434036449151E-003
   7.2699999999998894        4.3225765195620096E-003
   7.2799999999998892        4.0468560732752918E-003
   7.2899999999998890        3.7885391929150993E-003
   7.2999999999998888        3.5465501931283691E-003
   7.3099999999998886        3.3198770038552396E-003
   7.3199999999998884        3.1075678101041919E-003
   7.3299999999998882        2.9087277566210113E-003
   7.3399999999998879        2.7225158144828523E-003
   7.3499999999998877        2.5481417817072448E-003
   7.3599999999998875        2.3848634540548897E-003
   7.3699999999998873        2.2319838346864566E-003
   7.3799999999998871        2.0888486093456290E-003
   7.3899999999998869        1.9548436353372949E-003
   7.3999999999998867        1.8293925982109131E-003
   7.4099999999998865        1.7119548135574195E-003
   7.4199999999998862        1.6020231032276978E-003
   7.4299999999998860        1.4991218084805184E-003
   7.4399999999998858        1.4028048961347169E-003
   7.4499999999998856        1.3126541909032998E-003
   7.4599999999998854        1.2282776865861248E-003
   7.4699999999998852        1.1493079352095012E-003
   7.4799999999998850        1.0754005939176564E-003
   7.4899999999998847        1.0062329799847140E-003
   7.4999999999998845        9.4150274398245289E-004
   7.5099999999998843        8.8092662884778502E-004
   7.5199999999998841        8.2423927121194780E-004
   7.5299999999998839        7.7119211173966578E-004
   7.5399999999998837        7.2155236140552137E-004
   7.5499999999998835        6.7510195823313867E-004
   7.5599999999998833        6.3163672843684305E-004
   7.5699999999998830        5.9096545887659844E-004
   7.5799999999998828        5.5290910835820162E-004
   7.5899999999998826        5.1730004465374028E-004
   7.5999999999998824        4.8398132004246288E-004
   7.6099999999998822        4.5280599260214753E-004
   7.6199999999998820        4.2363650578523116E-004
   7.6299999999998818        3.9634409229649355E-004
   7.6399999999998816        3.7080820603856347E-004
   7.6499999999998813        3.4691602208172302E-004
   7.6599999999998811        3.2456192381409240E-004
   7.6699999999998809        3.0364707241024516E-004
   7.6799999999998807        2.8407894456401592E-004
   7.6899999999998805        2.6577095841848609E-004
   7.6999999999998803        2.4864206567275210E-004
   7.7099999999998801        2.3261644042840975E-004
   7.7199999999998798        2.1762310227847097E-004
   7.7299999999998796        2.0359562788451930E-004
   7.7399999999998794        1.9047187417073306E-004
   7.7499999999998792        1.7819366163854234E-004
   7.7599999999998790        1.6670657385379518E-004
   7.7699999999998788        1.5595968544788557E-004
   7.7799999999998786        1.4590532075410927E-004
   7.7899999999998784        1.3649891017063185E-004
   7.7999999999998781        1.2769871142703478E-004
   7.8099999999998779        1.1946568750796848E-004
   7.8199999999998777        1.1176330410683866E-004
   7.8299999999998775        1.0455738600611276E-004
   7.8399999999998773        9.7815935841118423E-005
   7.8499999999998771        9.1509047570107718E-005
   7.8599999999998769        8.5608715830069696E-005
   7.8699999999998766        8.0088739860031228E-005
   7.8799999999998764        7.4924620676283566E-005
   7.8899999999998762        7.0093417074913012E-005
   7.8999999999998760        6.5573678550038536E-005
   7.9099999999998758        6.1345334828549723E-005
   7.9199999999998756        5.7389599502357027E-005
   7.9299999999998754        5.3688908218266508E-005
   7.9399999999998752        5.0226819536603487E-005
   7.9499999999998749        4.6987946771997318E-005
   7.9599999999998747        4.3957912869369058E-005
   7.9699999999998745        4.1123248554456143E-005
   7.9799999999998743        3.8471359859790368E-005
   7.9899999999998741        3.5990469469840938E-005
   7.9999999999998739        3.3669546300874220E-005
   8.0099999999998737        3.1498280900649823E-005
   8.0199999999998735        2.9467018227882393E-005
   8.0299999999998732        2.7566744506892781E-005
   8.0399999999998730        2.5789003467446867E-005
   8.0499999999998728        2.4125901724325464E-005
   8.0599999999998726        2.2570047373894540E-005
   8.0699999999998724        2.1114517643438687E-005
   8.0799999999998722        1.9752848999382417E-005
   8.0899999999998720        1.8478989307470622E-005
   8.0999999999998717        1.7287284818486435E-005
   8.1099999999998715        1.6172426792736603E-005
   8.1199999999998713        1.5129456681092379E-005
   8.1299999999998711        1.4153748284321895E-005
   8.1399999999998709        1.3240964839884823E-005
   8.1499999999998707        1.2387044026211730E-005
   8.1599999999998705        1.1588189050079869E-005
   8.1699999999998703        1.0840854537528622E-005
   8.1799999999998700        1.0141712633507074E-005
   8.1899999999998698        9.4876625698377290E-006
   8.1999999999998696        8.8757905892486121E-006
   8.2099999999998694        8.3033720887201630E-006
   8.2199999999998692        7.7678740326786763E-006
   8.2299999999998690        7.2669120320813620E-006
   8.2399999999998688        6.7982556256857224E-006
   8.2499999999998685        6.3598218422979022E-006
   8.2599999999998683        5.9496682850082205E-006
   8.2699999999998681        5.5659591922891855E-006
   8.2799999999998679        5.2069980353779741E-006
   8.2899999999998677        4.8711875733761357E-006
   8.2999999999998675        4.5570360365751951E-006
   8.3099999999998673        4.2631424082914628E-006
   8.3199999999998671        3.9881999251523336E-006
   8.3299999999998668        3.7309921681862192E-006
   8.3399999999998666        3.4903721844611544E-006
   8.3499999999998664        3.2652662572171773E-006
   8.3599999999998662        3.0546843913063773E-006
   8.3699999999998660        2.8576783945626971E-006
   8.3799999999998658        2.6733798027130801E-006
   8.3899999999998656        2.5009694099225292E-006
   8.3999999999998654        2.3396744161376811E-006
   8.4099999999998651        2.1887822817452951E-006
   8.4199999999998649        2.0476206433288899E-006
   8.4299999999998647        1.9155643605010986E-006
   8.4399999999998645        1.7920226558199949E-006
   8.4499999999998643        1.6764507181620295E-006
   8.4599999999998641        1.5683342675375766E-006
   8.4699999999998639        1.4671864402985070E-006
   8.4799999999998636        1.3725628773778852E-006
   8.4899999999998634        1.2840428736276697E-006
   8.4999999999998632        1.2012320531479389E-006
   8.5099999999998630        1.1237633561517815E-006
   8.5199999999998628        1.0512863453585542E-006
   8.5299999999998626        9.8348228652367272E-007
   8.5399999999998624        9.2005960731792153E-007
   8.5499999999998622        8.6072024369119278E-007
   8.5599999999998619        8.0521113417641968E-007
   8.5699999999998617        7.5328214706180819E-007
   8.5799999999998615        7.0469848559147878E-007
   8.5899999999998613        6.5924995524401444E-007
   8.5999999999998611        6.1673232894690270E-007
   8.6099999999998609        5.7695844159717290E-007
   8.6199999999998607        5.3974758897324259E-007
   8.6299999999998604        5.0494011483222857E-007
   8.6399999999998602        4.7237439691126531E-007
   8.6499999999998600        4.4190989947559981E-007
   8.6599999999998598        4.1340829952670289E-007
   8.6699999999998596        3.8674785802290245E-007
   8.6799999999998594        3.6180409120441005E-007
   8.6899999999998592        3.3847212925204379E-007
   8.6999999999998590        3.1664128909536461E-007
   8.7099999999998587        2.9621993878310724E-007
   8.7199999999998585        2.7711771849460024E-007
   8.7299999999998583        2.5924437634751838E-007
   8.7399999999998581        2.4252890432578728E-007
   8.7499999999998579        2.2688351770942096E-007
   8.7599999999998577        2.1225069306650051E-007
   8.7699999999998575        1.9856471907009922E-007
   8.7799999999998573        1.8575410198155386E-007
   8.7899999999998570        1.7377642973827643E-007
   8.7999999999998568        1.6256888221920112E-007
   8.8099999999998566        1.5208436746317861E-007
   8.8199999999998564        1.4227582434858605E-007
   8.8299999999998562        1.3310291477117826E-007
   8.8399999999998560        1.2451558617499633E-007
   8.8499999999998558        1.1648591336631299E-007
   8.8599999999998555        1.0897389747570170E-007
   8.8699999999998553        1.0194485174264942E-007
   8.8799999999998551        9.5372678215537221E-008
   8.8899999999998549        8.9220107323275979E-008
   8.8999999999998547        8.3465512845985595E-008
   8.9099999999998545        7.8083105227339430E-008
   8.9199999999998543        7.3046663157599004E-008
   8.9299999999998541        6.8335801707937409E-008
   8.9399999999998538        6.3931192203402350E-008
   8.9499999999998536        5.9805294944381603E-008
   8.9599999999998534        5.5949266695865564E-008
   8.9699999999998532        5.2340687120096422E-008
   8.9799999999998530        4.8965223545858409E-008
   8.9899999999998528        4.5809368259345370E-008
   8.9999999999998526        4.2855411660889798E-008
   9.0099999999998523        4.0091480531734249E-008
   9.0199999999998521        3.7503334719251769E-008
   9.0299999999998519        3.5084682959477171E-008
   9.0399999999998517        3.2820660599316134E-008
   9.0499999999998515        3.0705192251508789E-008
   9.0599999999998513        2.8727299043644742E-008
   9.0699999999998511        2.6872825631802857E-008
   9.0799999999998509        2.5138595544471118E-008
   9.0899999999998506        2.3515696157698790E-008
   9.0999999999998504        2.2003479841372192E-008
   9.1099999999998502        2.0584923175350068E-008
   9.1199999999998500        1.9254783439661570E-008
   9.1299999999998498        1.8013029794777456E-008
   9.1399999999998496        1.6851582284036739E-008
   9.1499999999998494        1.5765013150292643E-008
   9.1599999999998492        1.4747216166755794E-008
   9.1699999999998489        1.3796865233668834E-008
   9.1799999999998487        1.2906558864013805E-008
   9.1899999999998485        1.2074816760387211E-008
   9.1999999999998483        1.1296180326113440E-008
   9.2099999999998481        1.0566362866627906E-008
   9.2199999999998479        9.8858886539279135E-009
   9.2299999999998477        9.2479421520509894E-009
   9.2399999999998474        8.6518448913540060E-009
   9.2499999999998472        8.0932793377431708E-009
   9.2599999999998470        7.5737874676804675E-009
   9.2699999999998468        7.0836548294551050E-009
   9.2799999999998466        6.6270755990438632E-009
   9.2899999999998464        6.1989612541219831E-009
   9.2999999999998462        5.7999902643327024E-009
   9.3099999999998460        5.4256292188775794E-009
   9.3199999999998457        5.0755697224643423E-009
   9.3299999999998455        4.7479614033384412E-009
   9.3399999999998453        4.4421257918566266E-009
   9.3499999999998451        4.1546705398023907E-009
   9.3599999999998449        3.8878777723395118E-009
   9.3699999999998447        3.6365972880848057E-009
   9.3799999999998445        3.4018776310324374E-009
   9.3899999999998442        3.1831636896561101E-009
   9.3999999999998440        2.9778957830287996E-009
   9.4099999999998438        2.7857346763288540E-009
   9.4199999999998436        2.6056318255621131E-009
   9.4299999999998434        2.4375563911993083E-009
   9.4399999999998432        2.2800897548953591E-009
   9.4499999999998430        2.1325842865362312E-009
   9.4599999999998428        1.9959343324698800E-009
   9.4699999999998425        1.8670251002429926E-009
   9.4799999999998423        1.7465350594988633E-009
   9.4899999999998421        1.6342483335328233E-009
   9.4999999999998419        1.5286537854120419E-009
   9.5099999999998417        1.4305224033675467E-009
   9.5199999999998415        1.3381580132911036E-009
   9.5299999999998413        1.2503578735423185E-009
   9.5399999999998411        1.1711619624517283E-009
   9.5499999999998408        1.0954200786361319E-009
   9.5599999999998406        1.0251676310253947E-009
   9.5699999999998404        9.5907851986218942E-010
   9.5799999999998402        8.9662847314940048E-010
   9.5899999999998400        8.3834176288413044E-010
   9.5999999999998398        7.8505105635588669E-010
   9.6099999999998396        7.3373407969906361E-010
   9.6199999999998393        6.8648792090203013E-010
   9.6299999999998391        6.4244907314605406E-010
   9.6399999999998389        6.0100074584631030E-010
   9.6499999999998387        5.6238965523672572E-010
   9.6599999999998385        5.2541305967690411E-010
   9.6699999999998383        4.9179797280434106E-010
   9.6799999999998381        4.6015661580320200E-010
   9.6899999999998379        4.3101326067056476E-010
   9.6999999999998376        4.0239417753502897E-010
   9.7099999999998374        3.7698240544054046E-010
   9.7199999999998372        3.5298925169113334E-010
   9.7299999999998370        3.2976708617275039E-010
   9.7399999999998368        3.0932047828604619E-010
   9.7499999999998366        2.8896638898706366E-010
   9.7599999999998364        2.6978420179923510E-010
   9.7699999999998361        2.5331589318460390E-010
   9.7799999999998359        2.3549064528337394E-010
   9.7899999999998357        2.2099606654016042E-010
   9.7999999999998355        2.0656316685542789E-010
   9.8099999999998353        1.9361056457425629E-010
   9.8199999999998351        1.8090467852701312E-010
   9.8299999999998349        1.7004916423422274E-010
   9.8399999999998347        1.5802174783027889E-010
   9.8499999999998344        1.4821477753167790E-010
   9.8599999999998342        1.3883956064245108E-010
   9.8699999999998340        1.2971105998714965E-010
   9.8799999999998338        1.2153858473831547E-010
   9.8899999999998336        1.1336610948948180E-010
   9.8999999999998334        1.0593378294242872E-010
   9.9099999999998332        9.9364963214121991E-011
   9.9199999999998330        9.2765303956573131E-011
   9.9299999999998327        8.7368386339418872E-011
   9.9399999999998325        8.1940629193023085E-011
   9.9499999999998323        7.5988600049532939E-011
   9.9599999999998321        7.1547707838846446E-011
   9.9699999999998319        6.6767580806509451E-011
   9.9799999999998317        6.2357528125063168E-011
   9.9899999999998315        5.8841821791602461E-011
   9.9999999999998312        5.4925201578010638E-011
