   0.0000000000000000       0.20623603674724919     
   1.0000000000000000E-002  0.20625623467889642     
   2.0000000000000000E-002  0.20631680394898388     
   2.9999999999999999E-002  0.20641767050203180     
   4.0000000000000001E-002  0.20655870930233333     
   5.0000000000000003E-002  0.20673974196527123     
   6.0000000000000005E-002  0.20696053351810142     
   7.0000000000000007E-002  0.20722078841127611     
   8.0000000000000002E-002  0.20752014584044987     
   8.9999999999999997E-002  0.20785817453981989     
   9.9999999999999992E-002  0.20823436716354621     
  0.10999999999999999       0.20864813441508226     
  0.11999999999999998       0.20909879906684734     
  0.12999999999999998       0.20958559004648702     
  0.13999999999999999       0.21010763672763924     
  0.14999999999999999       0.21066396359114953     
  0.16000000000000000       0.21125348539742228     
  0.17000000000000001       0.21187500303344675     
  0.18000000000000002       0.21252720012948872     
  0.19000000000000003       0.21320864058782740     
  0.20000000000000004       0.21391776713414135     
  0.21000000000000005       0.21465290095782749     
  0.22000000000000006       0.21541224256221861     
  0.23000000000000007       0.21619387382307897     
  0.24000000000000007       0.21699576139456178     
  0.25000000000000006       0.21781576137574993     
  0.26000000000000006       0.21865162535919780     
  0.27000000000000007       0.21950100777740758     
  0.28000000000000008       0.22036147455547639     
  0.29000000000000009       0.22123051299235788     
  0.30000000000000010       0.22210554281889586     
  0.31000000000000011       0.22298392832813954     
  0.32000000000000012       0.22386299143599656     
  0.33000000000000013       0.22474002554548533     
  0.34000000000000014       0.22561231004665785     
  0.35000000000000014       0.22647712525127112     
  0.36000000000000015       0.22733176756941020     
  0.37000000000000016       0.22817356470061931     
  0.38000000000000017       0.22899989063302562     
  0.39000000000000018       0.22980818022729826     
  0.40000000000000019       0.23059594313313894     
  0.41000000000000020       0.23136077692042059     
  0.42000000000000021       0.23210037912669901     
  0.43000000000000022       0.23281255817036861     
  0.44000000000000022       0.23349524290955706     
  0.45000000000000023       0.23414649081507408     
  0.46000000000000024       0.23476449461751597     
  0.47000000000000025       0.23534758746443973     
  0.48000000000000026       0.23589424651210045     
  0.49000000000000027       0.23640309501502785     
  0.50000000000000022       0.23687290291509092     
  0.51000000000000023       0.23730258605702359     
  0.52000000000000024       0.23769120401989285     
  0.53000000000000025       0.23803795670206090     
  0.54000000000000026       0.23834217978459959     
  0.55000000000000027       0.23860333907220335     
  0.56000000000000028       0.23882102389840851     
  0.57000000000000028       0.23899493966512553     
  0.58000000000000029       0.23912489961141611     
  0.59000000000000030       0.23921081584333440     
  0.60000000000000031       0.23925268989388748     
  0.61000000000000032       0.23925060270558707     
  0.62000000000000033       0.23920470425531790     
  0.63000000000000034       0.23911520289687893     
  0.64000000000000035       0.23898235454105887     
  0.65000000000000036       0.23880645175154333     
  0.66000000000000036       0.23858781290965034     
  0.67000000000000037       0.23832677157247786     
  0.68000000000000038       0.23802366616025930     
  0.69000000000000039       0.23767883009140112     
  0.70000000000000040       0.23729258255696861     
  0.71000000000000041       0.23686522002251398     
  0.72000000000000042       0.23639700870969740     
  0.73000000000000043       0.23588817804921483     
  0.74000000000000044       0.23533891546750083     
  0.75000000000000044       0.23474936236767785     
  0.76000000000000045       0.23411961166908524     
  0.77000000000000046       0.23344970687880043     
  0.78000000000000047       0.23273964278850545     
  0.79000000000000048       0.23198936786221813     
  0.80000000000000049       0.23119878831927862     
  0.81000000000000050       0.23036777392084209     
  0.82000000000000051       0.22949616541135809     
  0.83000000000000052       0.22858378344105881     
  0.84000000000000052       0.22763043897328578     
  0.85000000000000053       0.22663594487852048     
  0.86000000000000054       0.22560012860821749     
  0.87000000000000055       0.22452284560285024     
  0.88000000000000056       0.22340399322565155     
  0.89000000000000057       0.22224352489851157     
  0.90000000000000058       0.22104146411750833     
  0.91000000000000059       0.21979791800193382     
  0.92000000000000060       0.21851309002013131     
  0.93000000000000060       0.21718729167748543     
  0.94000000000000061       0.21582095265007281     
  0.95000000000000062       0.21441462933616837     
  0.96000000000000063       0.21296901129491069     
  0.97000000000000064       0.21148492567568541     
  0.98000000000000065       0.20996333926764496     
  0.99000000000000066       0.20840535811925079     
   1.0000000000000007       0.20681222485213230     
   1.0100000000000007       0.20518531351798017     
   1.0200000000000007       0.20352612223267952     
   1.0300000000000007       0.20183626376710795     
   1.0400000000000007       0.20011745418629895     
   1.0500000000000007       0.19837150000781753     
   1.0600000000000007       0.19660028399418197     
   1.0700000000000007       0.19480575012015044     
   1.0800000000000007       0.19298988795133107     
   1.0900000000000007       0.19115471678751567     
   1.1000000000000008       0.18930227008838332     
   1.1100000000000008       0.18743458033854982     
   1.1200000000000008       0.18555366480200158     
   1.1300000000000008       0.18366151242300666     
   1.1400000000000008       0.18176007204876110     
   1.1500000000000008       0.17985124230659322     
   1.1600000000000008       0.17793686308448220     
   1.1700000000000008       0.17601870895898147     
   1.1800000000000008       0.17409848432527245     
   1.1900000000000008       0.17217782044064273     
   1.2000000000000008       0.17025827425059703     
   1.2100000000000009       0.16834132883230604     
   1.2200000000000009       0.16642839549201799     
   1.2300000000000009       0.16452081711719260     
   1.2400000000000009       0.16261987290082244     
   1.2500000000000009       0.16072678393100151     
   1.2600000000000009       0.15884271966215446     
   1.2700000000000009       0.15696880498040860     
   1.2800000000000009       0.15510612766321635     
   1.2900000000000009       0.15325574600146863     
   1.3000000000000009       0.15141869643353761     
   1.3100000000000009       0.14959600108381718     
   1.3200000000000010       0.14778867484658845     
   1.3300000000000010       0.14599773216251546     
   1.3400000000000010       0.14422419310431123     
   1.3500000000000010       0.14246908885030996     
   1.3600000000000010       0.14073346645751628     
   1.3700000000000010       0.13901839275502759     
   1.3800000000000010       0.13732495747281004     
   1.3900000000000010       0.13565427559621590     
   1.4000000000000010       0.13400748872723264     
   1.4100000000000010       0.13238576584841080     
   1.4200000000000010       0.13079030313255047     
   1.4300000000000010       0.12922232312486637     
   1.4400000000000011       0.12768307324132483     
   1.4500000000000011       0.12617382364540516     
   1.4600000000000011       0.12469586457875523     
   1.4700000000000011       0.12325050325894196     
   1.4800000000000011       0.12183906036058469     
   1.4900000000000011       0.12046286627456541     
   1.5000000000000011       0.11912325697151377     
   1.5100000000000011       0.11782156988541208     
   1.5200000000000011       0.11655913966954939     
   1.5300000000000011       0.11533729386846568     
   1.5400000000000011       0.11415734875811065     
   1.5500000000000012       0.11302060519891313     
   1.5600000000000012       0.11192834473697090     
   1.5700000000000012       0.11088182589032890     
   1.5800000000000012       0.10988228072710837     
   1.5900000000000012       0.10893091153874775     
   1.6000000000000012       0.10802888818666628     
   1.6100000000000012       0.10717734545023382     
   1.6200000000000012       0.10637738086400178     
   1.6300000000000012       0.10563005285907093     
   1.6400000000000012       0.10493637932954085     
   1.6500000000000012       0.10429733643136820     
   1.6600000000000013       0.10371385776187936     
   1.6700000000000013       0.10318683387543805     
   1.6800000000000013       0.10271711205340862     
   1.6900000000000013       0.10230549635171093     
   1.7000000000000013       0.10195274786409707     
   1.7100000000000013       0.10165958526662472     
   1.7200000000000013       0.10142668549062710     
   1.7300000000000013       0.10125468451636882     
   1.7400000000000013       0.10114417846369024     
   1.7500000000000013       0.10109572453227618     
   1.7600000000000013       0.10110984220889015     
   1.7700000000000014       0.10118701447406173     
   1.7800000000000014       0.10132768904376888     
   1.7900000000000014       0.10153227960595838     
   1.8000000000000014       0.10180116709659365     
   1.8100000000000014       0.10213470099310373     
   1.8200000000000014       0.10253320059972430     
   1.8300000000000014       0.10299695628568090     
   1.8400000000000014       0.10352623081665659     
   1.8500000000000014       0.10412126057491682     
   1.8600000000000014       0.10478225693680260     
   1.8700000000000014       0.10550940753657968     
   1.8800000000000014       0.10630287761977059     
   1.8900000000000015       0.10716281134835129     
   1.9000000000000015       0.10808933320374309     
   1.9100000000000015       0.10908254931171374     
   1.9200000000000015       0.11014254871171573     
   1.9300000000000015       0.11126940468281347     
   1.9400000000000015       0.11246317579468257     
   1.9500000000000015       0.11372390699000630     
   1.9600000000000015       0.11505163022828106     
   1.9700000000000015       0.11644636506081146     
   1.9800000000000015       0.11790811868177821     
   1.9900000000000015       0.11943688555562915     
   2.0000000000000013       0.12103264650463402     
   2.0100000000000011       0.12269536713847984     
   2.0200000000000009       0.12442499551037008     
   2.0300000000000007       0.12622145906205137     
   2.0400000000000005       0.12808466046631561     
   2.0500000000000003       0.13001447270901195     
   2.0600000000000001       0.13201073295496923     
   2.0699999999999998       0.13407323549341832     
   2.0799999999999996       0.13620172358176733     
   2.0899999999999994       0.13839588015939225     
   2.0999999999999992       0.14065531767795494     
   2.1099999999999990       0.14297956687778068     
   2.1199999999999988       0.14536806474499989     
   2.1299999999999986       0.14782014174055116     
   2.1399999999999983       0.15033500840462266     
   2.1499999999999981       0.15291174157336462     
   2.1599999999999979       0.15554927024735207     
   2.1699999999999977       0.15824636159483066     
   2.1799999999999975       0.16100160690213283     
   2.1899999999999973       0.16381340814271439     
   2.1999999999999971       0.16667996499626453     
   2.2099999999999969       0.16959926289302704     
   2.2199999999999966       0.17256906213372206     
   2.2299999999999964       0.17558688832191816     
   2.2399999999999962       0.17865002456236576     
   2.2499999999999960       0.18175550543954755     
   2.2599999999999958       0.18490011313265836     
   2.2699999999999956       0.18808037591328250     
   2.2799999999999954       0.19129256926554011     
   2.2899999999999952       0.19453271976309586     
   2.2999999999999949       0.19779661204628721     
   2.3099999999999947       0.20107979901787906     
   2.3199999999999945       0.20437761544911701     
   2.3299999999999943       0.20768519516108744     
   2.3399999999999941       0.21099749185217859     
   2.3499999999999939       0.21430930368209158     
   2.3599999999999937       0.21761530164721909     
   2.3699999999999934       0.22091006159287285     
   2.3799999999999932       0.22418809985092183     
   2.3899999999999930       0.22744391220312027     
   2.3999999999999928       0.23067201593059494     
   2.4099999999999926       0.23386699452218127     
   2.4199999999999924       0.23702354450923135     
   2.4299999999999922       0.24013652387329490     
   2.4399999999999920       0.24320100128638586     
   2.4499999999999917       0.24621230543482334     
   2.4599999999999915       0.24916607351765371     
   2.4699999999999913       0.25205829807052316     
   2.4799999999999911       0.25488537114322746     
   2.4899999999999909       0.25764412485716975     
   2.4999999999999907       0.26033186739659187     
   2.5099999999999905       0.26294641365640598     
   2.5199999999999902       0.26548610953988178     
   2.5299999999999900       0.26794984929672394     
   2.5399999999999898       0.27033708524036298     
   2.5499999999999896       0.27264782929335230     
   2.5599999999999894       0.27488264605089163     
   2.5699999999999892       0.27704263705841109     
   2.5799999999999890       0.27912941630411425     
   2.5899999999999888       0.28114507676953515     
   2.5999999999999885       0.28309214849833819     
   2.6099999999999883       0.28497354828514965     
   2.6199999999999881       0.28679252138594324     
   2.6299999999999879       0.28855257592263234     
   2.6399999999999877       0.29025741054161436     
   2.6499999999999875       0.29191083598446976     
   2.6599999999999873       0.29351669147313281     
   2.6699999999999871       0.29507875679961526     
   2.6799999999999868       0.29660066102145127     
   2.6899999999999866       0.29808578890731580     
   2.6999999999999864       0.29953718623251824     
   2.7099999999999862       0.30095746517470157     
   2.7199999999999860       0.30234871120499190     
   2.7299999999999858       0.30371239278334738     
   2.7399999999999856       0.30504927558000300     
   2.7499999999999853       0.30635934258178749     
   2.7599999999999851       0.30764172219661101     
   2.7699999999999849       0.30889462577862348     
   2.7799999999999847       0.31011529667244558     
   2.7899999999999845       0.31129997255822422     
   2.7999999999999843       0.31244386301416355     
   2.8099999999999841       0.31354114395319138     
   2.8199999999999839       0.31458497080012210     
   2.8299999999999836       0.31556751152260654     
   2.8399999999999834       0.31648000099376605     
   2.8499999999999832       0.31731281712525128     
   2.8599999999999830       0.31805557932179701     
   2.8699999999999828       0.31869726891630101     
   2.8799999999999826       0.31922637060965831     
   2.8899999999999824       0.31963103372572743     
   2.8999999999999821       0.31989925077612086     
   2.9099999999999819       0.32001905075469095     
   2.9199999999999817       0.31997870326063382     
   2.9299999999999815       0.31976692969238324     
   2.9399999999999813       0.31937311667744017     
   2.9499999999999811       0.31878752663155713     
   2.9599999999999809       0.31800150047949133     
   2.9699999999999807       0.31700764692498162     
   2.9799999999999804       0.31580001356381682     
   2.9899999999999802       0.31437423461625535     
   2.9999999999999800       0.31272765149746751     
   3.0099999999999798       0.31085940242962162     
   3.0199999999999796       0.30877047869383123     
   3.0299999999999794       0.30646374585428071     
   3.0399999999999792       0.30394392931060243     
   3.0499999999999790       0.30121756469298067     
   3.0599999999999787       0.29829291486010351     
   3.0699999999999785       0.29517985557205145     
   3.0799999999999783       0.29188973362894682     
   3.0899999999999781       0.28843520125906541     
   3.0999999999999779       0.28483003126416173     
   3.1099999999999777       0.28108891804263753     
   3.1199999999999775       0.27722726932635045     
   3.1299999999999772       0.27326099372132195     
   3.1399999999999770       0.26920628863535906     
   3.1499999999999768       0.26507943339904111     
   3.1599999999999766       0.26089659111385916     
   3.1699999999999764       0.25667362302284435     
   3.1799999999999762       0.25242591796181102     
   3.1899999999999760       0.24816823917285991     
   3.1999999999999758       0.24391459015815128     
   3.2099999999999755       0.23967810026365338     
   3.2199999999999753       0.23547093080586437     
   3.2299999999999751       0.23130420128521889     
   3.2399999999999749       0.22718793544379792     
   3.2499999999999747       0.22313102619270397     
   3.2599999999999745       0.21914121824915642     
   3.2699999999999743       0.21522510724747276     
   3.2799999999999740       0.21138815369625819     
   3.2899999999999738       0.20763471023865265     
   3.2999999999999736       0.20396806057570324     
   3.3099999999999734       0.20039046843536029     
   3.3199999999999732       0.19690323498525350     
   3.3299999999999730       0.19350676312554549     
   3.3399999999999728       0.19020062728583467     
   3.3499999999999726       0.18698364724097943     
   3.3599999999999723       0.18385396483315122     
   3.3699999999999721       0.18080912236578081     
   3.3799999999999719       0.17784614146080455     
   3.3899999999999717       0.17496160179834797     
   3.3999999999999715       0.17215171834938905     
   3.4099999999999713       0.16941241678087784     
   3.4199999999999711       0.16673940609139865     
   3.4299999999999708       0.16412824774788773     
   3.4399999999999706       0.16157442110873543     
   3.4499999999999704       0.15907338442409288     
   3.4599999999999702       0.15662063089698708     
   3.4699999999999700       0.15421173984932643     
   3.4799999999999698       0.15184242246311841     
   3.4899999999999696       0.14950856201786566     
   3.4999999999999694       0.14720624845477484     
   3.5099999999999691       0.14493180737739017     
   3.5199999999999689       0.14268182358065054     
   3.5299999999999687       0.14045315893231802     
   3.5399999999999685       0.13824296526823254     
   3.5499999999999683       0.13604869219013660     
   3.5599999999999681       0.13386809026890617     
   3.5699999999999679       0.13169921012496461     
   3.5799999999999677       0.12954039749404825     
   3.5899999999999674       0.12739028503211910     
   3.5999999999999672       0.12524778126892289     
   3.6099999999999670       0.12311205689017522     
   3.6199999999999668       0.12098252936806692     
   3.6299999999999666       0.11885884575328541     
   3.6399999999999664       0.11674086470170428     
   3.6499999999999662       0.11462863753135709     
   3.6599999999999659       0.11252238923162114     
   3.6699999999999657       0.11042249928471454     
   3.6799999999999655       0.10832948305975736     
   3.6899999999999653       0.10624397346164312     
   3.6999999999999651       0.10416670366362119     
   3.7099999999999649       0.10209849048838442     
   3.7199999999999647       0.10004021897383643     
   3.7299999999999645        9.7992828109410651E-002
   3.7399999999999642        9.5957297553664389E-002
   3.7499999999999640        9.3934635680693948E-002
   3.7599999999999638        9.1925868772893271E-002
   3.7699999999999636        8.9932031260789358E-002
   3.7799999999999634        8.7954157300557848E-002
   3.7899999999999632        8.5993273068930440E-002
   3.7999999999999630        8.4050390250096627E-002
   3.8099999999999627        8.2126500384422776E-002
   3.8199999999999625        8.0222569921787737E-002
   3.8299999999999623        7.8339536308753191E-002
   3.8399999999999621        7.6478304339468700E-002
   3.8499999999999619        7.4639743449866000E-002
   3.8599999999999617        7.2824685351893959E-002
   3.8699999999999615        7.1033922303721742E-002
   3.8799999999999613        6.9268205534198629E-002
   3.8899999999999610        6.7528244368491488E-002
   3.8999999999999608        6.5814705308611637E-002
   3.9099999999999606        6.4128211707436877E-002
   3.9199999999999604        6.2469343483070747E-002
   3.9299999999999602        6.0838637055467298E-002
   3.9399999999999600        5.9236585646189249E-002
   3.9499999999999598        5.7663639478906591E-002
   3.9599999999999596        5.6120206320655681E-002
   3.9699999999999593        5.4606652029685655E-002
   3.9799999999999591        5.3123301345729519E-002
   3.9899999999999589        5.1670438629982732E-002
   3.9999999999999587        5.0248308857571755E-002
   4.0099999999999589        4.8857118511633761E-002
   4.0199999999999587        4.7497036755201838E-002
   4.0299999999999585        4.6168196483619500E-002
   4.0399999999999583        4.4870695728428438E-002
   4.0499999999999581        4.3604598681031434E-002
   4.0599999999999579        4.2369937190042631E-002
   4.0699999999999577        4.1166712156977578E-002
   4.0799999999999574        3.9994894908755969E-002
   4.0899999999999572        3.8854428650907630E-002
   4.0999999999999570        3.7745230099230836E-002
   4.1099999999999568        3.6667190898823240E-002
   4.1199999999999566        3.5620179233061287E-002
   4.1299999999999564        3.4604041510959811E-002
   4.1399999999999562        3.3618603800867709E-002
   4.1499999999999559        3.2663673595545381E-002
   4.1599999999999557        3.1739041387875672E-002
   4.1699999999999555        3.0844482256848795E-002
   4.1799999999999553        2.9979757557885282E-002
   4.1899999999999551        2.9144616437752433E-002
   4.1999999999999549        2.8338797573205468E-002
   4.2099999999999547        2.7562030565937787E-002
   4.2199999999999545        2.6814037637310998E-002
   4.2299999999999542        2.6094535081158422E-002
   4.2399999999999540        2.5403234813119992E-002
   4.2499999999999538        2.4739845760776959E-002
   4.2599999999999536        2.4104075337563494E-002
   4.2699999999999534        2.3495630811034562E-002
   4.2799999999999532        2.2914220590376573E-002
   4.2899999999999530        2.2359555683728029E-002
   4.2999999999999527        2.1831350716158757E-002
   4.3099999999999525        2.1329325344604841E-002
   4.3199999999999523        2.0853205247086996E-002
   4.3299999999999521        2.0402723374016864E-002
   4.3399999999999519        1.9977620866535220E-002
   4.3499999999999517        1.9577648179175289E-002
   4.3599999999999515        1.9202565906707044E-002
   4.3699999999999513        1.8852145873604041E-002
   4.3799999999999510        1.8526171738440990E-002
   4.3899999999999508        1.8224440060435537E-002
   4.3999999999999506        1.7946760825904996E-002
   4.4099999999999504        1.7692958320269851E-002
   4.4199999999999502        1.7462871686958859E-002
   4.4299999999999500        1.7256355567681642E-002
   4.4399999999999498        1.7073280670564656E-002
   4.4499999999999496        1.6913534256460243E-002
   4.4599999999999493        1.6777020654234739E-002
   4.4699999999999491        1.6663661605030435E-002
   4.4799999999999489        1.6573396678863071E-002
   4.4899999999999487        1.6506183632941485E-002
   4.4999999999999485        1.6461998671437647E-002
   4.5099999999999483        1.6440836632897513E-002
   4.5199999999999481        1.6442711267521556E-002
   4.5299999999999478        1.6467655252916134E-002
   4.5399999999999476        1.6515720491548477E-002
   4.5499999999999474        1.6586977939868026E-002
   4.5599999999999472        1.6681517744818707E-002
   4.5699999999999470        1.6799449142401432E-002
   4.5799999999999468        1.6940900373346637E-002
   4.5899999999999466        1.7106018491872793E-002
   4.5999999999999464        1.7294969203951689E-002
   4.6099999999999461        1.7507936528943516E-002
   4.6199999999999459        1.7745122514859261E-002
   4.6299999999999457        1.8006746821000126E-002
   4.6399999999999455        1.8293046265861302E-002
   4.6499999999999453        1.8604274262239581E-002
   4.6599999999999451        1.8940700247779333E-002
   4.6699999999999449        1.9302608918556712E-002
   4.6799999999999446        1.9690299574920651E-002
   4.6899999999999444        2.0104085146352133E-002
   4.6999999999999442        2.0544291335245921E-002
   4.7099999999999440        2.1011255465960138E-002
   4.7199999999999438        2.1505325422776951E-002
   4.7299999999999436        2.2026858368848212E-002
   4.7399999999999434        2.2576219353363982E-002
   4.7499999999999432        2.3153779845344780E-002
   4.7599999999999429        2.3759916099585717E-002
   4.7699999999999427        2.4395007433209964E-002
   4.7799999999999425        2.5059434348553747E-002
   4.7899999999999423        2.5753576498472024E-002
   4.7999999999999421        2.6477810536918792E-002
   4.8099999999999419        2.7232507781361166E-002
   4.8199999999999417        2.8018031775218784E-002
   4.8299999999999415        2.8834735659770492E-002
   4.8399999999999412        2.9682959332522525E-002
   4.8499999999999410        3.0563026532785378E-002
   4.8599999999999408        3.1475241655100988E-002
   4.8699999999999406        3.2419886584898853E-002
   4.8799999999999404        3.3397217042357007E-002
   4.8899999999999402        3.4407459090672700E-002
   4.8999999999999400        3.5450805233023103E-002
   4.9099999999999397        3.6527410532998496E-002
   4.9199999999999395        3.7637388379811870E-002
   4.9299999999999393        3.8780806304275266E-002
   4.9399999999999391        3.9957681500154829E-002
   4.9499999999999389        4.1167976272497055E-002
   4.9599999999999387        4.2411593408104714E-002
   4.9699999999999385        4.3688371340207505E-002
   4.9799999999999383        4.4998079346767576E-002
   4.9899999999999380        4.6340412642072573E-002
   4.9999999999999378        4.7714987406016117E-002
   5.0099999999999376        4.9121335830104348E-002
   5.0199999999999374        5.0558901220201652E-002
   5.0299999999999372        5.2027033079171968E-002
   5.0399999999999370        5.3524982433609258E-002
   5.0499999999999368        5.5051897097977295E-002
   5.0599999999999365        5.6606817286769834E-002
   5.0699999999999363        5.8188671395274234E-002
   5.0799999999999361        5.9796272067946084E-002
   5.0899999999999359        6.1428312618944908E-002
   5.0999999999999357        6.3083363800263179E-002
   5.1099999999999355        6.4759871070518296E-002
   5.1199999999999353        6.6456152361385856E-002
   5.1299999999999351        6.8170396419794013E-002
   5.1399999999999348        6.9900661759601496E-002
   5.1499999999999346        7.1644876325835438E-002
   5.1599999999999344        7.3400837918248876E-002
   5.1699999999999342        7.5166215451470855E-002
   5.1799999999999340        7.6938551018459825E-002
   5.1899999999999338        7.8715262966843821E-002
   5.1999999999999336        8.0493649883950413E-002
   5.2099999999999334        8.2270895594880489E-002
   5.2199999999999331        8.4044075304018320E-002
   5.2299999999999329        8.5810162655572564E-002
   5.2399999999999327        8.7566038066396235E-002
   5.2499999999999325        8.9308498016063678E-002
   5.2599999999999323        9.1034265527151950E-002
   5.2699999999999321        9.2740001702071903E-002
   5.2799999999999319        9.4422318361553695E-002
   5.2899999999999316        9.6077791598228462E-002
   5.2999999999999314        9.7702976444497894E-002
   5.3099999999999312        9.9294422298093585E-002
   5.3199999999999310       0.10084868926721344     
   5.3299999999999308       0.10236236518771973     
   5.3399999999999306       0.10383208320756715     
   5.3499999999999304       0.10525453993464202     
   5.3599999999999302       0.10662651383938623     
   5.3699999999999299       0.10794488401789554     
   5.3799999999999297       0.10920664874994142     
   5.3899999999999295       0.11040894415950113     
   5.3999999999999293       0.11154906245787687     
   5.4099999999999291       0.11262446982389696     
   5.4199999999999289       0.11363282351853127     
   5.4299999999999287       0.11457198832200977     
   5.4399999999999284       0.11544005188521599     
   5.4499999999999282       0.11623533901735840     
   5.4599999999999280       0.11695642464749752     
   5.4699999999999278       0.11760214531711435     
   5.4799999999999276       0.11817160914681955     
   5.4899999999999274       0.11866420417114915     
   5.4999999999999272       0.11907960474453312     
   5.5099999999999270       0.11941777626638614     
   5.5199999999999267       0.11967897790756446     
   5.5299999999999265       0.11986376339322488     
   5.5399999999999263       0.11997297989465033     
   5.5499999999999261       0.12000776490715818     
   5.5599999999999259       0.11996954127047095     
   5.5699999999999257       0.11986001031587813     
   5.5799999999999255       0.11968114324625072     
   5.5899999999999253       0.11943517077837490     
   5.5999999999999250       0.11912457127336307     
   5.6099999999999248       0.11875205738734580     
   5.6199999999999246       0.11832056139937630     
   5.6299999999999244       0.11783321934993937     
   5.6399999999999242       0.11729335432655399     
   5.6499999999999240       0.11670445863761943     
   5.6599999999999238       0.11607017555901487     
   5.6699999999999235       0.11539428045124651     
   5.6799999999999233       0.11468066161287023     
   5.6899999999999231       0.11393330083480972     
   5.6999999999999229       0.11315625407711455     
   5.7099999999999227       0.11235363214613497     
   5.7199999999999225       0.11152958174923744     
   5.7299999999999223       0.11068826684203290     
   5.7399999999999221       0.10983385056623853     
   5.7499999999999218       0.10897047772995591     
   5.7599999999999216       0.10810225799670362     
   5.7699999999999214       0.10723324988817604     
   5.7799999999999212       0.10636744560905537     
   5.7899999999999210       0.10550875665404810     
   5.7999999999999208       0.10466100050071091     
   5.8099999999999206       0.10382788802697153     
   5.8199999999999203       0.10301301202724637     
   5.8299999999999201       0.10221983663062845     
   5.8399999999999199       0.10145168754139695     
   5.8499999999999197       0.10071174327754402     
   5.8599999999999195       0.10000302722487171     
   5.8699999999999193        9.9328400611207651E-002
   5.8799999999999191        9.8690556053195766E-002
   5.8899999999999189        9.8092012119370395E-002
   5.8999999999999186        9.7535108289728389E-002
   5.9099999999999184        9.7022000857175952E-002
   5.9199999999999182        9.6554659101433613E-002
   5.9299999999999180        9.6134862248974273E-002
   5.9399999999999178        9.5764196754817454E-002
   5.9499999999999176        9.5444054082835933E-002
   5.9599999999999174        9.5175628863166759E-002
   5.9699999999999172        9.4959917361624957E-002
   5.9799999999999169        9.4797716309698091E-002
   5.9899999999999167        9.4689622005110011E-002
   5.9999999999999165        9.4636029592719884E-002
   6.0099999999999163        9.4637132697267951E-002
   6.0199999999999161        9.4692923127483772E-002
   6.0299999999999159        9.4803190968942130E-002
   6.0399999999999157        9.4967524754585420E-002
   6.0499999999999154        9.5185311912533530E-002
   6.0599999999999152        9.5455739385386373E-002
   6.0699999999999150        9.5777794632542448E-002
   6.0799999999999148        9.6150266805352713E-002
   6.0899999999999146        9.6571748234735563E-002
   6.0999999999999144        9.7040636315009879E-002
   6.1099999999999142        9.7555135745776844E-002
   6.1199999999999140        9.8113261252821340E-002
   6.1299999999999137        9.8712840718621547E-002
   6.1399999999999135        9.9351518919178858E-002
   6.1499999999999133       0.10002676177002759     
   6.1599999999999131       0.10073586130163444     
   6.1699999999999129       0.10147594125828346     
   6.1799999999999127       0.10224396347582064     
   6.1899999999999125       0.10303673500513572     
   6.1999999999999122       0.10385091610661396     
   6.2099999999999120       0.10468302910142756     
   6.2199999999999118       0.10552946815533050     
   6.2299999999999116       0.10638650983299518     
   6.2399999999999114       0.10725032484960037     
   6.2499999999999112       0.10811699051423708     
   6.2599999999999110       0.10898250421873662     
   6.2699999999999108       0.10984279783439498     
   6.2799999999999105       0.11069375294386420     
   6.2899999999999103       0.11153121694560629     
   6.2999999999999101       0.11235101988061880     
   6.3099999999999099       0.11314899199887317     
   6.3199999999999097       0.11392098185243044     
   6.3299999999999095       0.11466287503002998     
   6.3399999999999093       0.11537061307282369     
   6.3499999999999091       0.11604021285180223     
   6.3599999999999088       0.11666778589523968     
   6.3699999999999086       0.11724955785403653     
   6.3799999999999084       0.11778188753638953     
   6.3899999999999082       0.11826128591271806     
   6.3999999999999080       0.11868443423342365     
   6.4099999999999078       0.11904820183629755     
   6.4199999999999076       0.11934966276668973     
   6.4299999999999073       0.11958611164399328     
   6.4399999999999071       0.11975507816150303     
   6.4499999999999069       0.11985434035502937     
   6.4599999999999067       0.11988193646212683     
   6.4699999999999065       0.11983617501144615     
   6.4799999999999063       0.11971564337403857     
   6.4899999999999061       0.11951921455824757     
   6.4999999999999059       0.11924605190253262     
   6.5099999999999056       0.11889561218027141     
   6.5199999999999054       0.11846764646897420     
   6.5299999999999052       0.11796219922317544     
   6.5399999999999050       0.11737960543598934     
   6.5499999999999048       0.11672048575704189     
   6.5599999999999046       0.11598573982677747     
   6.5699999999999044       0.11517653790525878     
   6.5799999999999041       0.11429431075577449     
   6.5899999999999039       0.11334073795063361     
   6.5999999999999037       0.11231773480155126     
   6.6099999999999035       0.11122743795833934     
   6.6199999999999033       0.11007218996887921     
   6.6299999999999031       0.10885452269903391     
   6.6399999999999029       0.10757714013684502     
   6.6499999999999027       0.10624290044423421     
   6.6599999999999024       0.10485479760540373     
   6.6699999999999022       0.10341594279688024     
   6.6799999999999020       0.10192954569627038     
   6.6899999999999018       0.10039889569708707     
   6.6999999999999016        9.8827343512595742E-002
   6.7099999999999014        9.7218282993048549E-002
   6.7199999999999012        9.5575133593621325E-002
   6.7299999999999010        9.3901323182110433E-002
   6.7399999999999007        9.2200271974105977E-002
   6.7499999999999005        9.0475376860462170E-002
   6.7599999999999003        8.8729996950529355E-002
   6.7699999999999001        8.6967439931262783E-002
   6.7799999999998999        8.5190949520465326E-002
   6.7899999999998997        8.3403693889044866E-002
   6.7999999999998995        8.1608755321775084E-002
   6.8099999999998992        7.9809120835497488E-002
   6.8199999999998990        7.8007673974417796E-002
   6.8299999999998988        7.6207187736405529E-002
   6.8399999999998986        7.4410318420946517E-002
   6.8499999999998984        7.2619600750220364E-002
   6.8599999999998982        7.0837443772243686E-002
   6.8699999999998980        6.9066127963012910E-002
   6.8799999999998978        6.7307802989429386E-002
   6.8899999999998975        6.5564486604451439E-002
   6.8999999999998973        6.3838064094301553E-002
   6.9099999999998971        6.2130288749763868E-002
   6.9199999999998969        6.0442782714218955E-002
   6.9299999999998967        5.8777038798868891E-002
   6.9399999999998965        5.7134422548259796E-002
   6.9499999999998963        5.5516175028218880E-002
   6.9599999999998960        5.3923415996643048E-002
   6.9699999999998958        5.2357147363052213E-002
   6.9799999999998956        5.0818257095561252E-002
   6.9899999999998954        4.9307523486101706E-002
   6.9999999999998952        4.7825619307916525E-002
   7.0099999999998950        4.6373116560823185E-002
   7.0199999999998948        4.4950491030423062E-002
   7.0299999999998946        4.3558127127469953E-002
   7.0399999999998943        4.2196322714257932E-002
   7.0499999999998941        4.0865293952520178E-002
   7.0599999999998939        3.9565180107780748E-002
   7.0699999999998937        3.8296048386848393E-002
   7.0799999999998935        3.7057898690186761E-002
   7.0899999999998933        3.5850668212863195E-002
   7.0999999999998931        3.4674236022698368E-002
   7.1099999999998929        3.3528427456165397E-002
   7.1199999999998926        3.2413018453519876E-002
   7.1299999999998924        3.1327739685745627E-002
   7.1399999999998922        3.0272280513276809E-002
   7.1499999999998920        2.9246292842584960E-002
   7.1599999999998918        2.8249394776632870E-002
   7.1699999999998916        2.7281174103937652E-002
   7.1799999999998914        2.6341191629498009E-002
   7.1899999999998911        2.5428984282029218E-002
   7.1999999999998909        2.4544068140743197E-002
   7.2099999999998907        2.3685941159202226E-002
   7.2199999999998905        2.2854085911319925E-002
   7.2299999999998903        2.2047971886096807E-002
   7.2399999999998901        2.1267057970581517E-002
   7.2499999999998899        2.0510794504853470E-002
   7.2599999999998897        1.9778625288197786E-002
   7.2699999999998894        1.9069989403475394E-002
   7.2799999999998892        1.8384323036882842E-002
   7.2899999999998890        1.7721060877993487E-002
   7.2999999999998888        1.7079637743503365E-002
   7.3099999999998886        1.6459489763812403E-002
   7.3199999999998884        1.5860055676822221E-002
   7.3299999999998882        1.5280777902622167E-002
   7.3399999999998879        1.4721103484052487E-002
   7.3499999999998877        1.4180485048814910E-002
   7.3599999999998875        1.3658381543274091E-002
   7.3699999999998873        1.3154259056027328E-002
   7.3799999999998871        1.2667591310334618E-002
   7.3899999999998869        1.2197860320906327E-002
   7.3999999999998867        1.1744556797852688E-002
   7.4099999999998865        1.1307180667673467E-002
   7.4199999999998862        1.0885241313996969E-002
   7.4299999999998860        1.0478257983904490E-002
   7.4399999999998858        1.0085759937781274E-002
   7.4499999999998856        9.7072867048955611E-003
   7.4599999999998854        9.3423882670284723E-003
   7.4699999999998852        8.9906250734697827E-003
   7.4799999999998850        8.6515681686436044E-003
   7.4899999999998847        8.3247993152176115E-003
   7.4999999999998845        8.0099108348478925E-003
   7.5099999999998843        7.7065057346730505E-003
   7.5199999999998841        7.4141975980438739E-003
   7.5299999999998839        7.1326105085020696E-003
   7.5399999999998837        6.8613790316581083E-003
   7.5499999999998835        6.6001480115135186E-003
   7.5599999999998833        6.3485725382836913E-003
   7.5699999999998830        6.1063177481452506E-003
   7.5799999999998828        5.8730587191796416E-003
   7.5899999999998826        5.6484802946201607E-003
   7.5999999999998824        5.4322768824741508E-003
   7.6099999999998822        5.2241523370547167E-003
   7.6199999999998820        5.0238197321812571E-003
   7.6299999999998818        4.8310011894204573E-003
   7.6399999999998816        4.6454276851214801E-003
   7.6499999999998813        4.4668388309676999E-003
   7.6599999999998811        4.2949826922257890E-003
   7.6699999999998809        4.1296155806583613E-003
   7.6799999999998807        3.9705018783666082E-003
   7.6899999999998805        3.8174137481781778E-003
   7.6999999999998803        3.6701310396965595E-003
   7.7099999999998801        3.5284409962368060E-003
   7.7199999999998798        3.3921381230097394E-003
   7.7299999999998796        3.2610239017329076E-003
   7.7399999999998794        3.1349066991297110E-003
   7.7499999999998792        3.0136014782964817E-003
   7.7599999999998790        2.8969296351238263E-003
   7.7699999999998788        2.7847188226712812E-003
   7.7799999999998786        2.6768027706423596E-003
   7.7899999999998784        2.5730210105985541E-003
   7.7999999999998781        2.4732188427586729E-003
   7.8099999999998779        2.3772470179430297E-003
   7.8199999999998777        2.2849616627876284E-003
   7.8299999999998775        2.1962240658334408E-003
   7.8399999999998773        2.1109004900452259E-003
   7.8499999999998771        2.0288620469669674E-003
   7.8599999999998769        1.9499845156591294E-003
   7.8699999999998766        1.8741482299377936E-003
   7.8799999999998764        1.8012378694002103E-003
   7.8899999999998762        1.7311423263599475E-003
   7.8999999999998760        1.6637545867446274E-003
   7.9099999999998758        1.5989715947470090E-003
   7.9199999999998756        1.5366940552785551E-003
   7.9299999999998754        1.4768264104793088E-003
   7.9399999999998752        1.4192765834395028E-003
   7.9499999999998749        1.3639559804893911E-003
   7.9599999999998747        1.3107792660745283E-003
   7.9699999999998745        1.2596643049894993E-003
   7.9799999999998743        1.2105320239508253E-003
   7.9899999999998741        1.1633063592198594E-003
   7.9999999999998739        1.1179140528132852E-003
   8.0099999999998737        1.0742846364222116E-003
   8.0199999999998735        1.0323502671261342E-003
   8.0299999999998732        9.9204568990173317E-004
   8.0399999999998730        9.5330811024016806E-004
   8.0499999999998728        9.1607710388364675E-004
   8.0599999999998726        8.8029454572104452E-004
   8.0699999999998724        8.4590451091828020E-004
   8.0799999999998722        8.1285320588597124E-004
   8.0899999999998720        7.8108888329724360E-004
   8.0999999999998717        7.5056176407145461E-004
   8.1099999999998715        7.2122398149486835E-004
   8.1199999999998713        6.9302947379502758E-004
   8.1299999999998711        6.6593395969078101E-004
   8.1399999999998709        6.3989485513134031E-004
   8.1499999999998707        6.1487119194353107E-004
   8.1599999999998705        5.9082357354814992E-004
   8.1699999999998703        5.6771413838043253E-004
   8.1799999999998700        5.4550645620562868E-004
   8.1899999999998698        5.2416550197672185E-004
   8.1999999999998696        5.0365760279235652E-004
   8.2099999999998694        4.8395037573013898E-004
   8.2199999999998692        4.6501271150361227E-004
   8.2299999999998690        4.4681465853260840E-004
   8.2399999999998688        4.2932743862129550E-004
   8.2499999999998685        4.1252339924749854E-004
   8.2599999999998683        3.9637595283002882E-004
   8.2699999999998681        3.8085950602713653E-004
   8.2799999999998679        3.6594950963294036E-004
   8.2899999999998677        3.5162230829061933E-004
   8.2999999999998675        3.3785521267040204E-004
   8.3099999999998673        3.2462637412423539E-004
   8.3199999999998671        3.1191481032112964E-004
   8.3299999999998668        2.9970036392412729E-004
   8.3399999999998666        2.8796362573819506E-004
   8.3499999999998664        2.7668596011042615E-004
   8.3599999999998662        2.6584945778411446E-004
   8.3699999999998660        2.5543689913610655E-004
   8.3799999999998658        2.4543174165980806E-004
   8.3899999999998656        2.3581807133124511E-004
   8.3999999999998654        2.2658059538105223E-004
   8.4099999999998651        2.1770463261856684E-004
   8.4199999999998649        2.0917605572914471E-004
   8.4299999999998647        2.0098129594827449E-004
   8.4399999999998645        1.9310730775224703E-004
   8.4499999999998643        1.8554155476063183E-004
   8.4599999999998641        1.7827199335470779E-004
   8.4699999999998639        1.7128704075662063E-004
   8.4799999999998636        1.6457557014710179E-004
   8.4899999999998634        1.5812689874406154E-004
   8.4999999999998632        1.5193073621962299E-004
   8.5099999999998630        1.4597721773118230E-004
   8.5199999999998628        1.4025685219966666E-004
   8.5299999999998626        1.3476051646351479E-004
   8.5399999999998624        1.2947944811812252E-004
   8.5499999999998622        1.2440522771950844E-004
   8.5599999999998619        1.1952975737782531E-004
   8.5699999999998617        1.1484525490170429E-004
   8.5799999999998615        1.1034426832367303E-004
   8.5899999999998613        1.0601959589663472E-004
   8.5999999999998611        1.0186434344768263E-004
   8.6099999999998609        9.7871881324189286E-005
   8.6199999999998607        9.4035836656940536E-005
   8.6299999999998604        9.0350078728705359E-005
   8.6399999999998602        8.6808738131366697E-005
   8.6499999999998600        8.3406150782538020E-005
   8.6599999999998598        8.0136887826414349E-005
   8.6699999999998596        7.6995718562732066E-005
   8.6799999999998594        7.3977641966692682E-005
   8.6899999999998592        7.1077836511123632E-005
   8.6999999999998590        6.8291658605225451E-005
   8.7099999999998587        6.5614665288611946E-005
   8.7199999999998585        6.3042580880285289E-005
   8.7299999999998583        6.0571290508118287E-005
   8.7399999999998581        5.8196859264056612E-005
   8.7499999999998579        5.5915481411413733E-005
   8.7599999999998577        5.3723514134881831E-005
   8.7699999999998575        5.1617456124404947E-005
   8.7799999999998573        4.9593940692182323E-005
   8.7899999999998570        4.7649736985047497E-005
   8.7999999999998568        4.5781737602396724E-005
   8.8099999999998566        4.3986950564419477E-005
   8.8199999999998564        4.2262513638987072E-005
   8.8299999999998562        4.0605669972642443E-005
   8.8399999999998560        3.9013769686545294E-005
   8.8499999999998558        3.7484261586421709E-005
   8.8599999999998555        3.6014711610384542E-005
   8.8699999999998553        3.4602766081707231E-005
   8.8799999999998551        3.3246175420566785E-005
   8.8899999999998549        3.1942750693074231E-005
   8.8999999999998547        3.0690427373929045E-005
   8.9099999999998545        2.9487191765229890E-005
   8.9199999999998543        2.8331120205081261E-005
   8.9299999999998541        2.7220375287823238E-005
   8.9399999999998538        2.6153163640861124E-005
   8.9499999999998536        2.5127801154125173E-005
   8.9599999999998534        2.4142626860684627E-005
   8.9699999999998532        2.3196077647435139E-005
   8.9799999999998530        2.2286632148357511E-005
   8.9899999999998528        2.1412844669927475E-005
   8.9999999999998526        2.0573308686750421E-005
   9.0099999999998523        1.9766692135474859E-005
   9.0199999999998521        1.8991684713892449E-005
   9.0299999999998519        1.8247073840625404E-005
   9.0399999999998517        1.7531646571931607E-005
   9.0499999999998515        1.6844272326814165E-005
   9.0599999999998513        1.6183843372512297E-005
   9.0699999999998511        1.5549309553666466E-005
   9.0799999999998509        1.4939653601420145E-005
   9.0899999999998506        1.4353894005350819E-005
   9.0999999999998504        1.3791103979780678E-005
   9.1099999999998502        1.3250380338981648E-005
   9.1199999999998500        1.2730853643380609E-005
   9.1299999999998498        1.2231696333485048E-005
   9.1399999999998496        1.1752109545984439E-005
   9.1499999999998494        1.1291329181427641E-005
   9.1599999999998492        1.0848606386655722E-005
   9.1699999999998489        1.0423250766764921E-005
   9.1799999999998487        1.0014561757516702E-005
   9.1899999999998485        9.6219048722189123E-006
   9.1999999999998483        9.2446369467067850E-006
   9.2099999999998481        8.8821602684992647E-006
   9.2199999999998479        8.5339042870307284E-006
   9.2299999999998477        8.1992972085169921E-006
   9.2399999999998474        7.8778089322898860E-006
   9.2499999999998472        7.5689225685646578E-006
   9.2599999999998470        7.2721529903442007E-006
   9.2699999999998468        6.9870167783702540E-006
   9.2799999999998466        6.7130599439329096E-006
   9.2899999999998464        6.4498420233832495E-006
   9.2999999999998462        6.1969513610475645E-006
   9.3099999999998460        5.9539664268204836E-006
   9.3199999999998457        5.7205105119973637E-006
   9.3299999999998455        5.4962184495674040E-006
   9.3399999999998453        5.2807134460172845E-006
   9.3499999999998451        5.0736547341862614E-006
   9.3599999999998449        4.8747183178350444E-006
   9.3699999999998447        4.6835794066065022E-006
   9.3799999999998445        4.4999425423907433E-006
   9.3899999999998442        4.3234970998119081E-006
   9.3999999999998440        4.1539734777778852E-006
   9.4099999999998438        3.9910981084621388E-006
   9.4199999999998436        3.8346074931444467E-006
   9.4299999999998434        3.6842493336360467E-006
   9.4399999999998432        3.5397945616236573E-006
   9.4499999999998430        3.4009987044490792E-006
   9.4599999999998428        3.2676448098790572E-006
   9.4699999999998425        3.1395195493249971E-006
   9.4799999999998423        3.0164191930018144E-006
   9.4899999999998421        2.8981448625678227E-006
   9.4999999999998419        2.7845078239590186E-006
   9.5099999999998417        2.6753275444986962E-006
   9.5199999999998415        2.5704281444241217E-006
   9.5299999999998413        2.4696425216735763E-006
   9.5399999999998411        2.3728067545117952E-006
   9.5499999999998408        2.2797734357714137E-006
   9.5599999999998406        2.1903809123500351E-006
   9.5699999999998404        2.1044865475699769E-006
   9.5799999999998402        2.0219757957097571E-006
   9.5899999999998400        1.9426906388764925E-006
   9.5999999999998398        1.8665171866886881E-006
   9.6099999999998396        1.7933322120973859E-006
   9.6199999999998393        1.7230154043166059E-006
   9.6299999999998391        1.6554529635559662E-006
   9.6399999999998389        1.5905441120163361E-006
   9.6499999999998387        1.5281801114450739E-006
   9.6599999999998385        1.4682624546033718E-006
   9.6699999999998383        1.4106874936883965E-006
   9.6799999999998381        1.3553715147980219E-006
   9.6899999999998379        1.3022314246756488E-006
   9.6999999999998376        1.2511695718794089E-006
   9.7099999999998374        1.2021097442226618E-006
   9.7199999999998372        1.1549724586012043E-006
   9.7299999999998370        1.1096856854395523E-006
   9.7399999999998368        1.0661761808557564E-006
   9.7499999999998366        1.0243728751546827E-006
   9.7599999999998364        9.8420673405012858E-007
   9.7699999999998361        9.4561416450532559E-007
   9.7799999999998359        9.0853585054071819E-007
   9.7899999999998357        8.7291117127917191E-007
   9.7999999999998355        8.3868364990529854E-007
   9.8099999999998353        8.0579934615498229E-007
   9.8199999999998351        7.7420457226275576E-007
   9.8299999999998349        7.4384884584672328E-007
   9.8399999999998347        7.1468274270633324E-007
   9.8499999999998344        6.8665385106164295E-007
   9.8599999999998342        6.5972892011771608E-007
   9.8699999999998340        6.3386457407667872E-007
   9.8799999999998338        6.0901392721672950E-007
   9.8899999999998336        5.8513227956770521E-007
   9.8999999999998334        5.6219287783798938E-007
   9.9099999999998332        5.4014393089316356E-007
   9.9199999999998330        5.1896566866751289E-007
   9.9299999999998327        4.9861766053820313E-007
   9.9399999999998325        4.7906252706832338E-007
   9.9499999999998323        4.6028184742156419E-007
   9.9599999999998321        4.4223194896957938E-007
   9.9699999999998319        4.2489154665478096E-007
   9.9799999999998317        4.0823112126527292E-007
   9.9899999999998315        3.9222740437624305E-007
   9.9999999999998312        3.7684789112387414E-007
