   0.0000000000000000       -3.8126256137232211E-019
   1.0000000000000000E-002   3.0690526866727411E-002
   2.0000000000000000E-002   6.0913406578252123E-002
   2.9999999999999999E-002   9.0223623121497218E-002
   4.0000000000000001E-002  0.11822017359933813     
   5.0000000000000003E-002  0.14456467250668312     
   6.0000000000000005E-002  0.16899540781748820     
   7.0000000000000007E-002  0.19133525398381498     
   8.0000000000000002E-002  0.21149258806472881     
   8.9999999999999997E-002  0.22945546910647660     
   9.9999999999999992E-002  0.24528042812584203     
  0.10999999999999999       0.25907791329976521     
  0.11999999999999998       0.27099658749651762     
  0.12999999999999998       0.28120835593706039     
  0.13999999999999999       0.28989541549087233     
  0.14999999999999999       0.29723998138250879     
  0.16000000000000000       0.30341681431771167     
  0.17000000000000001       0.30858830816085120     
  0.18000000000000002       0.31290170496542424     
  0.19000000000000003       0.31648794365095406     
  0.20000000000000004       0.31946167412643839     
  0.21000000000000005       0.32192203892629656     
  0.22000000000000006       0.32395390979127348     
  0.23000000000000007       0.32562934909957858     
  0.24000000000000007       0.32700913672362614     
  0.25000000000000006       0.32814425884082082     
  0.26000000000000006       0.32907729694769861     
  0.27000000000000007       0.32984368488206922     
  0.28000000000000008       0.33047282158662078     
  0.29000000000000009       0.33098904007198665     
  0.30000000000000010       0.33141244060756681     
  0.31000000000000011       0.33175960019719558     
  0.32000000000000012       0.33204417208935000     
  0.33000000000000013       0.33227738929334605     
  0.34000000000000014       0.33246848542427027     
  0.35000000000000014       0.33262504508337587     
  0.36000000000000015       0.33275329465893583     
  0.37000000000000016       0.33285834306789425     
  0.38000000000000017       0.33294438064703852     
  0.39000000000000018       0.33301484319548968     
  0.40000000000000019       0.33307254709139772     
  0.41000000000000020       0.33311980046072970     
  0.42000000000000021       0.33315849456050323     
  0.43000000000000022       0.33319017884281826     
  0.44000000000000022       0.33321612257709715     
  0.45000000000000023       0.33323736541286070     
  0.46000000000000024       0.33325475885134986     
  0.47000000000000025       0.33326900024947731     
  0.48000000000000026       0.33328066069335766     
  0.49000000000000027       0.33329020784165891     
  0.50000000000000022       0.33329802464319885     
  0.51000000000000023       0.33330442467170807     
  0.52000000000000024       0.33330966468763817     
  0.53000000000000025       0.33331395492743127     
  0.54000000000000026       0.33331746753071101     
  0.55000000000000027       0.33332034344191336     
  0.56000000000000028       0.33332269806223641     
  0.57000000000000028       0.33332462587797956     
  0.58000000000000029       0.33332620425052284     
  0.59000000000000030       0.33332749651971044     
  0.60000000000000031       0.33332855454496219     
  0.61000000000000032       0.33332942078594519     
  0.62000000000000033       0.33333013000620848     
  0.63000000000000034       0.33333071066808279     
  0.64000000000000035       0.33333118607478479     
  0.65000000000000036       0.33333157530552932     
  0.66000000000000036       0.33333189398116086     
  0.67000000000000037       0.33333215489101581     
  0.68000000000000038       0.33333236850616416     
  0.69000000000000039       0.33333254339962631     
  0.70000000000000040       0.33333268659041959     
  0.71000000000000041       0.33333280382524544     
  0.72000000000000042       0.33333289980911734     
  0.73000000000000043       0.33333297839418458     
  0.74000000000000044       0.33333304273432601     
  0.75000000000000044       0.33333309541172856     
  0.76000000000000045       0.33333313854051461     
  0.77000000000000046       0.33333317385158984     
  0.78000000000000047       0.33333320276210865     
  0.79000000000000048       0.33333322643234981     
  0.80000000000000049       0.33333324581228163     
  0.81000000000000050       0.33333326167968819     
  0.82000000000000051       0.33333327467138346     
  0.83000000000000052       0.33333328530876954     
  0.84000000000000052       0.33333329401876194     
  0.85000000000000053       0.33333330115092280     
  0.86000000000000054       0.33333330699149105     
  0.87000000000000055       0.33333331177486825     
  0.88000000000000056       0.33333331569302888     
  0.89000000000000057       0.33333331890322254     
  0.90000000000000058       0.33333332153428480     
  0.91000000000000059       0.33333332369181012     
  0.92000000000000060       0.33333332546238731     
  0.93000000000000060       0.33333332691707562     
  0.94000000000000061       0.33333332811425737     
  0.95000000000000062       0.33333332910197883     
  0.96000000000000063       0.33333332991988118     
  0.97000000000000064       0.33333333060079001     
  0.98000000000000065       0.33333333117203218     
  0.99000000000000066       0.33333333165653362     
   1.0000000000000007       0.33333333207373944     
   1.0100000000000007       0.33333333244039315     
   1.0200000000000007       0.33333333277121019     
   1.0300000000000007       0.33333333307946728     
   1.0400000000000007       0.33333333337753573     
   1.0500000000000007       0.33333333367737811     
   1.0600000000000007       0.33333333399102832     
   1.0700000000000007       0.33333333433107387     
   1.0800000000000007       0.33333333471116250     
   1.0900000000000007       0.33333333514654834     
   1.1000000000000008       0.33333333565470480     
   1.1100000000000008       0.33333333625602574     
   1.1200000000000008       0.33333333697464473     
   1.1300000000000008       0.33333333783940272     
   1.1400000000000008       0.33333333888500466     
   1.1500000000000008       0.33333334015341493     
   1.1600000000000008       0.33333334169553863     
   1.1700000000000008       0.33333334357326699     
   1.1800000000000008       0.33333334586196023     
   1.1900000000000008       0.33333334865347092     
   1.2000000000000008       0.33333335205983272     
   1.2100000000000009       0.33333335621775406     
   1.2200000000000009       0.33333336129410790     
   1.2300000000000009       0.33333336749262493     
   1.2400000000000009       0.33333337506207456     
   1.2500000000000009       0.33333338430624404     
   1.2600000000000009       0.33333339559613423     
   1.2700000000000009       0.33333340938484834     
   1.2800000000000009       0.33333342622577428     
   1.2900000000000009       0.33333344679479682     
   1.3000000000000009       0.33333347191742185     
   1.3100000000000009       0.33333350260190570     
   1.3200000000000010       0.33333354007972132     
   1.3300000000000010       0.33333358585497991     
   1.3400000000000010       0.33333364176479524     
   1.3500000000000010       0.33333371005301365     
   1.3600000000000010       0.33333379346026321     
   1.3700000000000010       0.33333389533394470     
   1.3800000000000010       0.33333401976256888     
   1.3900000000000010       0.33333417173983543     
   1.4000000000000010       0.33333435736504208     
   1.4100000000000010       0.33333458408785249     
   1.4200000000000010       0.33333486100726062     
   1.4300000000000010       0.33333519923673388     
   1.4400000000000011       0.33333561235018733     
   1.4500000000000011       0.33333611692668857     
   1.4600000000000011       0.33333673321572882     
   1.4700000000000011       0.33333748594975599     
   1.4800000000000011       0.33333840533654951     
   1.4900000000000011       0.33333952827122443     
   1.5000000000000011       0.33334089981646214     
   1.5100000000000011       0.33334257501027958     
   1.5200000000000011       0.33334462107378077     
   1.5300000000000011       0.33334712010730366     
   1.5400000000000011       0.33335017238290310     
   1.5500000000000012       0.33335390036490092     
   1.5600000000000012       0.33335845361926503     
   1.5700000000000012       0.33336401480794137     
   1.5800000000000012       0.33337080700737937     
   1.5900000000000012       0.33337910264296466     
   1.6000000000000012       0.33338923439494872     
   1.6100000000000012       0.33340160850912465     
   1.6200000000000012       0.33341672103981806     
   1.6300000000000012       0.33343517766720093     
   1.6400000000000012       0.33345771786952705     
   1.6500000000000012       0.33348524439844196     
   1.6600000000000013       0.33351885920758390     
   1.6700000000000013       0.33355990722764672     
   1.6800000000000013       0.33361002967211983     
   1.6900000000000013       0.33367122890490203     
   1.7000000000000013       0.33374594731221058     
   1.7100000000000013       0.33383716310478712     
   1.7200000000000013       0.33394850653940722     
   1.7300000000000013       0.33408440069550083     
   1.7400000000000013       0.33425023167241541     
   1.7500000000000013       0.33445255387550038     
   1.7600000000000013       0.33469933690955272     
   1.7700000000000014       0.33500026144697398     
   1.7800000000000014       0.33536707219884837     
   1.7900000000000014       0.33581399664809508     
   1.8000000000000014       0.33635823828143785     
   1.8100000000000014       0.33702055234175049     
   1.8200000000000014       0.33782591011403440     
   1.8300000000000014       0.33880425374153078     
   1.8400000000000014       0.33999133655371566     
   1.8500000000000014       0.34142963255975461     
   1.8600000000000014       0.34316928146008685     
   1.8700000000000014       0.34526901031673868     
   1.8800000000000014       0.34779693791259358     
   1.8900000000000015       0.35083112130776217     
   1.9000000000000015       0.35445964611101322     
   1.9100000000000015       0.35877999555023016     
   1.9200000000000015       0.36389736701137587     
   1.9300000000000015       0.36992155511937247     
   1.9400000000000015       0.37696201539662466     
   1.9500000000000015       0.38512080116565589     
   1.9600000000000015       0.39448327422189505     
   1.9700000000000015       0.40510686474724827     
   1.9800000000000015       0.41700870238766763     
   1.9900000000000015       0.43015359569006556     
   2.0000000000000013       0.44444444444444642     
   2.0100000000000011       0.45971748436466459     
   2.0200000000000009       0.47574452011188822     
   2.0300000000000007       0.49224334246268109     
   2.0400000000000005       0.50889593909628972     
   2.0500000000000003       0.52537229492194359     
   2.0600000000000001       0.54135613752819289     
   2.0699999999999998       0.55656845846264213     
   2.0799999999999996       0.57078524026519717     
   2.0899999999999994       0.58384730474877278     
   2.0999999999999992       0.59566201405386521     
   2.1099999999999990       0.60619810880949065     
   2.1199999999999988       0.61547587824598249     
   2.1299999999999986       0.62355505515606624     
   2.1399999999999983       0.63052248483764051     
   2.1499999999999981       0.63648099950424608     
   2.1599999999999979       0.64154027797647939     
   2.1699999999999977       0.64580993471807002     
   2.1799999999999975       0.64939471948370708     
   2.1899999999999973       0.65239151125251782     
   2.1999999999999971       0.65488771865730089     
   2.2099999999999969       0.65696070834040943     
   2.2199999999999966       0.65867793416655107     
   2.2299999999999964       0.66009750706353254     
   2.2399999999999962       0.66126901131046545     
   2.2499999999999960       0.66223443034742202     
   2.2599999999999958       0.66302909089498518     
   2.2699999999999956       0.66368256854632734     
   2.2799999999999954       0.66421952259952133     
   2.2899999999999952       0.66466044472990582     
   2.2999999999999949       0.66502231708576143     
   2.3099999999999947       0.66531918216180863     
   2.3199999999999945       0.66556263065601051     
   2.3299999999999943       0.66576221541478409     
   2.3399999999999941       0.66592580021871262     
   2.3499999999999939       0.66605985204292084     
   2.3599999999999937       0.66616968487352335     
   2.3699999999999934       0.66625966239088918     
   2.3799999999999932       0.66633336597932058     
   2.3899999999999930       0.66639373367440258     
   2.3999999999999928       0.66644317486103044     
   2.4099999999999926       0.66648366481091326     
   2.4199999999999924       0.66651682250732647     
   2.4299999999999922       0.66654397464751425     
   2.4399999999999920       0.66656620823475621     
   2.4499999999999917       0.66658441376557520     
   2.4599999999999915       0.66659932067464400     
   2.4699999999999913       0.66661152641248644     
   2.4799999999999911       0.66662152029109401     
   2.4899999999999909       0.66662970303310565     
   2.4999999999999907       0.66663640279479042     
   2.5099999999999905       0.66664188829626292     
   2.5199999999999902       0.66664637957944961     
   2.5299999999999900       0.66665005682123379     
   2.5399999999999898       0.66665306755257903     
   2.5499999999999896       0.66665553257141796     
   2.5599999999999894       0.66665755078529576     
   2.5699999999999892       0.66665920317726157     
   2.5799999999999890       0.66666055605358121     
   2.5899999999999888       0.66666166370320923     
   2.5999999999999885       0.66666257057550937     
   2.6099999999999883       0.66666331306342907     
   2.6199999999999881       0.66666392096359306     
   2.6299999999999879       0.66666441867181114     
   2.6399999999999877       0.66666482616195244     
   2.6499999999999875       0.66666515978741614     
   2.6599999999999873       0.66666543293735625     
   2.6699999999999871       0.66666565657396470     
   2.6799999999999868       0.66666583967237902     
   2.6899999999999866       0.66666598958085987     
   2.6999999999999864       0.66666611231567652     
   2.7099999999999862       0.66666621280255522     
   2.7199999999999860       0.66666629507434816     
   2.7299999999999858       0.66666636243288757     
   2.7399999999999856       0.66666641758149048     
   2.7499999999999853       0.66666646273345431     
   2.7599999999999851       0.66666649970087688     
   2.7699999999999849       0.66666652996738629     
   2.7799999999999847       0.66666655474768055     
   2.7899999999999845       0.66666657503627713     
   2.7999999999999843       0.66666659164742870     
   2.8099999999999841       0.66666660524779575     
   2.8199999999999839       0.66666661638320968     
   2.8299999999999836       0.66666662550057254     
   2.8399999999999834       0.66666663296579676     
   2.8499999999999832       0.66666663907848622     
   2.8599999999999830       0.66666664408396559     
   2.8699999999999828       0.66666664818312316     
   2.8799999999999826       0.66666665154047033     
   2.8899999999999824       0.66666665429075045     
   2.8999999999999821       0.66666665654434099     
   2.9099999999999819       0.66666665839168826     
   2.9199999999999817       0.66666665990693064     
   2.9299999999999815       0.66666666115088191     
   2.9399999999999813       0.66666666217346482     
   2.9499999999999811       0.66666666301571975     
   2.9599999999999809       0.66666666371144989     
   2.9699999999999807       0.66666666428857613     
   2.9799999999999804       0.66666666477026137     
   2.9899999999999802       0.66666666517583772     
   2.9999999999999800       0.66666666552158160     
   3.0099999999999798       0.66666666582136924     
   3.0199999999999796       0.66666666608723157     
   3.0299999999999794       0.66666666632983962     
   3.0399999999999792       0.66666666655892926     
   3.0499999999999790       0.66666666678369524     
   3.0599999999999787       0.66666666701315858     
   3.0699999999999785       0.66666666725652712     
   3.0799999999999783       0.66666666752356951     
   3.0899999999999781       0.66666666782500128     
   3.0999999999999779       0.66666666817292208     
   3.1099999999999777       0.66666666858129420     
   3.1199999999999775       0.66666666906650629     
   3.1299999999999772       0.66666666964803289     
   3.1399999999999770       0.66666667034921223     
   3.1499999999999768       0.66666667119818446     
   3.1599999999999766       0.66666667222902320     
   3.1699999999999764       0.66666667348309838     
   3.1799999999999762       0.66666667501074128     
   3.1899999999999760       0.66666667687326076     
   3.1999999999999758       0.66666667914540689     
   3.2099999999999755       0.66666668191836898     
   3.2199999999999753       0.66666668530343420     
   3.2299999999999751       0.66666668943645913     
   3.2399999999999749       0.66666669448331506     
   3.2499999999999747       0.66666670064655087     
   3.2599999999999745       0.66666670817351870     
   3.2699999999999743       0.66666671736630090     
   3.2799999999999740       0.66666672859383691     
   3.2899999999999738       0.66666674230672651     
   3.2999999999999736       0.66666675905531447     
   3.3099999999999734       0.66666677951178144     
   3.3199999999999732       0.66666680449711313     
   3.3299999999999730       0.66666683501405810     
   3.3399999999999728       0.66666687228736510     
   3.3499999999999726       0.66666691781293619     
   3.3599999999999723       0.66666697341786685     
   3.3699999999999721       0.66666704133376531     
   3.3799999999999719       0.66666712428631791     
   3.3899999999999717       0.66666722560467828     
   3.3999999999999715       0.66666734935506877     
   3.4099999999999713       0.66666750050397139     
   3.4199999999999711       0.66666768511743879     
   3.4299999999999708       0.66666791060453201     
   3.4399999999999706       0.66666818601465261     
   3.4499999999999704       0.66666852240069774     
   3.4599999999999702       0.66666893326260535     
   3.4699999999999700       0.66666943508908594     
   3.4799999999999698       0.66667004801927365     
   3.4899999999999696       0.66667079665082918     
   3.4999999999999694       0.66667171102690626     
   3.5099999999999691       0.66667282784155857     
   3.5199999999999689       0.66667419191189914     
   3.5299999999999687       0.66667585797602458     
   3.5399999999999685       0.66667789288874524     
   3.5499999999999683       0.66668037830304760     
   3.5599999999999681       0.66668341394464703     
   3.5699999999999679       0.66668712161065635     
   3.5799999999999677       0.66669165005224651     
   3.5899999999999674       0.66669718093636854     
   3.5999999999999672       0.66670393612447698     
   3.6099999999999670       0.66671218655840503     
   3.6199999999999668       0.66672226310704863     
   3.6299999999999666       0.66673456980479395     
   3.6399999999999664       0.66674960000641936     
   3.6499999999999662       0.66676795609705708     
   3.6599999999999659       0.66679037353365744     
   3.6699999999999657       0.66681775016111777     
   3.6799999999999655       0.66685118194722615     
   3.6899999999999653       0.66689200652238423     
   3.6999999999999651       0.66694185619963242     
   3.7099999999999649       0.66700272249590087     
   3.7199999999999647       0.66707703458472956     
   3.7299999999999645       0.66716775459223110     
   3.7399999999999642       0.66727849320879440     
   3.7499999999999640       0.66741364973357109     
   3.7599999999999638       0.66757858139626114     
   3.7699999999999636       0.66777980760167799     
   3.7799999999999634       0.66802525559210835     
   3.7899999999999632       0.66832455487229103     
   3.7999999999999630       0.66868938850670345     
   3.8099999999999627       0.66913390993856670     
   3.8199999999999625       0.66967523407387530     
   3.8299999999999623       0.67033401068603482     
   3.8399999999999621       0.67113508623210816     
   3.8499999999999619       0.67210825622158055     
   3.8599999999999617       0.67328910336163494     
   3.8699999999999615       0.67471990551313887     
   3.8799999999999613       0.67645058037866723     
   3.8899999999999610       0.67853960887500431     
   3.8999999999999608       0.68105484432665442     
   3.9099999999999606       0.68407406841699903     
   3.9199999999999604       0.68768509713538473     
   3.9299999999999602       0.69198517367367096     
   3.9399999999999600       0.69707931863214168     
   3.9499999999999598       0.70307725752431904     
   3.9599999999999596       0.71008853884250078     
   3.9699999999999593       0.71821553169252750     
   3.9799999999999591       0.72754419574928786     
   3.9899999999999589       0.73813288638007368     
   3.9999999999999587       0.74999999999994771     
   4.0099999999999589       0.76311191864666528     
   4.0199999999999587       0.77737332435849726     
   4.0299999999999585       0.79262228049642169     
   4.0399999999999583       0.80863225191715260     
   4.0499999999999581       0.82512229547282090     
   4.0599999999999579       0.84177507912821126     
   4.0699999999999577       0.85826057309503589     
   4.0799999999999574       0.87426179768447387     
   4.0899999999999572       0.88949845793076510     
   4.0999999999999570       0.90374486474247240     
   4.1099999999999568       0.91684001019643713     
   4.1199999999999566       0.92868947998249951     
   4.1299999999999564       0.93926045240304934     
   4.1399999999999562       0.94857196369917285     
   4.1499999999999559       0.95668283552043609     
   4.1599999999999557       0.96367932794982358     
   4.1699999999999555       0.96966396781459319     
   4.1799999999999553       0.97474634881958788     
   4.1899999999999551       0.97903615999008842     
   4.1999999999999549       0.98263833127582378     
   4.2099999999999547       0.98564998350374367     
   4.2199999999999545       0.98815879557180109     
   4.2299999999999542       0.99024240935076591     
   4.2399999999999540       0.99196854351684738     
   4.2499999999999538       0.99339555421782444     
   4.2599999999999536       0.99457324668205616     
   4.2699999999999534       0.99554379942910798     
   4.2799999999999532       0.99634270877705544     
   4.2899999999999530       0.99699969600838356     
   4.2999999999999527       0.99753954440233616     
   4.3099999999999525       0.99798285035953749     
   4.3199999999999523       0.99834668396467452     
   4.3299999999999521       0.99864516120064684     
   4.3399999999999519       0.99888993394411063     
   4.3499999999999517       0.99909060581491549     
   4.3599999999999515       0.99925508262584239     
   4.3699999999999513       0.99938986607700508     
   4.3799999999999510       0.99950029879511193     
   4.3899999999999508       0.99959076805095182     
   4.3999999999999506       0.99966487463820075     
   4.4099999999999504       0.99972557254746619     
   4.4199999999999502       0.99977528426949591     
   4.4299999999999500       0.99981599583503078     
   4.4399999999999498       0.99984933505547557     
   4.4499999999999496       0.99987663586894293     
   4.4599999999999493       0.99989899121576409     
   4.4699999999999491       0.99991729645916261     
   4.4799999999999489       0.99993228502225862     
   4.4899999999999487       0.99994455762367307     
   4.4999999999999485       0.99995460625285626     
   4.5099999999999483       0.99996283382575146     
   4.5199999999999481       0.99996957029514588     
   4.5299999999999478       0.99997508585255213     
   4.5399999999999476       0.99997960174493172     
   4.5499999999999474       0.99998329913600825     
   4.5599999999999472       0.99998632636486218     
   4.5699999999999470       0.99998880489116149     
   4.5799999999999468       0.99999083416430834     
   4.5899999999999466       0.99999249561103631     
   4.5999999999999464       0.99999385590089862     
   4.6099999999999461       0.99999496962030809     
   4.6199999999999459       0.99999588146217999     
   4.6299999999999457       0.99999662801887690     
   4.6399999999999455       0.99999723925029338     
   4.6499999999999453       0.99999773968592010     
   4.6599999999999451       0.99999814940907650     
   4.6699999999999449       0.99999848486277465     
   4.6799999999999446       0.99999875950953643     
   4.6899999999999444       0.99999898437162360     
   4.6999999999999442       0.99999916847335513     
   4.7099999999999440       0.99999931920325613     
   4.7199999999999438       0.99999944261056284     
   4.7299999999999436       0.99999954364798793     
   4.7399999999999434       0.99999962637048068     
   4.7499999999999432       0.99999969409796019     
   4.7599999999999429       0.99999974954855098     
   4.7699999999999427       0.99999979494766855     
   4.7799999999999425       0.99999983211733146     
   4.7899999999999423       0.99999986254928397     
   4.7999999999999421       0.99999988746486324     
   4.8099999999999419       0.99999990786401705     
   4.8199999999999417       0.99999992456543352     
   4.8299999999999415       0.99999993823939815     
   4.8399999999999412       0.99999994943469417     
   4.8499999999999410       0.99999995860062796     
   4.8599999999999408       0.99999996610506015     
   4.8699999999999406       0.99999997224916981     
   4.8799999999999404       0.99999997727954160     
   4.8899999999999402       0.99999998139806168     
   4.8999999999999400       0.99999998477002094     
   4.9099999999999397       0.99999998753074770     
   4.9199999999999395       0.99999998979103955     
   4.9299999999999393       0.99999999164161002     
   4.9399999999999391       0.99999999315672916     
   4.9499999999999389       0.99999999439720366     
   4.9599999999999387       0.99999999541281837     
   4.9699999999999385       0.99999999624433344     
   4.9799999999999383       0.99999999692512009     
   4.9899999999999380       0.99999999748250135     
   4.9999999999999378       0.99999999793884620     
   5.0099999999999376       0.99999999831247000     
   5.0199999999999374       0.99999999861836741     
   5.0299999999999372       0.99999999886881474     
   5.0399999999999370       0.99999999907386394     
   5.0499999999999368       0.99999999924174388     
   5.0599999999999365       0.99999999937919226     
   5.0699999999999363       0.99999999949172569     
   5.0799999999999361       0.99999999958386010     
   5.0899999999999359       0.99999999965929354     
   5.0999999999999357       0.99999999972105302     
   5.1099999999999355       0.99999999977161746     
   5.1199999999999353       0.99999999981301635     
   5.1299999999999351       0.99999999984691057     
   5.1399999999999348       0.99999999987466115     
   5.1499999999999346       0.99999999989738120     
   5.1599999999999344       0.99999999991598276     
   5.1699999999999342       0.99999999993121247     
   5.1799999999999340       0.99999999994368161     
   5.1899999999999338       0.99999999995389033     
   5.1999999999999336       0.99999999996224853     
   5.2099999999999334       0.99999999996909184     
   5.2199999999999331       0.99999999997469446     
   5.2299999999999329       0.99999999997928157     
   5.2399999999999327       0.99999999998303712     
   5.2499999999999325       0.99999999998611200     
   5.2599999999999323       0.99999999998862954     
   5.2699999999999321       0.99999999999069056     
   5.2799999999999319       0.99999999999237810     
   5.2899999999999316       0.99999999999375966     
   5.2999999999999314       0.99999999999489086     
   5.3099999999999312       0.99999999999581712     
   5.3199999999999310       0.99999999999657518     
   5.3299999999999308       0.99999999999719602     
   5.3399999999999306       0.99999999999770417     
   5.3499999999999304       0.99999999999812028     
   5.3599999999999302       0.99999999999846123     
   5.3699999999999299       0.99999999999874012     
   5.3799999999999297       0.99999999999896849     
   5.3899999999999295       0.99999999999915545     
   5.3999999999999293       0.99999999999930855     
   5.4099999999999291       0.99999999999943379     
   5.4199999999999289       0.99999999999953648     
   5.4299999999999287       0.99999999999962041     
   5.4399999999999284       0.99999999999968925     
   5.4499999999999282       0.99999999999974554     
   5.4599999999999280       0.99999999999979172     
   5.4699999999999278       0.99999999999982947     
   5.4799999999999276       0.99999999999986022     
   5.4899999999999274       0.99999999999988554     
   5.4999999999999272       0.99999999999990641     
   5.5099999999999270       0.99999999999992328     
   5.5199999999999267       0.99999999999993738     
   5.5299999999999265       0.99999999999994860     
   5.5399999999999263       0.99999999999995792     
   5.5499999999999261       0.99999999999996547     
   5.5599999999999259       0.99999999999997169     
   5.5699999999999257       0.99999999999997691     
   5.5799999999999255       0.99999999999998102     
   5.5899999999999253       0.99999999999998446     
   5.5999999999999250       0.99999999999998723     
   5.6099999999999248       0.99999999999998945     
   5.6199999999999246       0.99999999999999156     
   5.6299999999999244       0.99999999999999301     
   5.6399999999999242       0.99999999999999423     
   5.6499999999999240       0.99999999999999523     
   5.6599999999999238       0.99999999999999611     
   5.6699999999999235       0.99999999999999689     
   5.6799999999999233       0.99999999999999734     
   5.6899999999999231       0.99999999999999789     
   5.6999999999999229       0.99999999999999822     
   5.7099999999999227       0.99999999999999867     
   5.7199999999999225       0.99999999999999878     
   5.7299999999999223       0.99999999999999911     
   5.7399999999999221       0.99999999999999922     
   5.7499999999999218       0.99999999999999922     
   5.7599999999999216       0.99999999999999956     
   5.7699999999999214       0.99999999999999956     
   5.7799999999999212       0.99999999999999956     
   5.7899999999999210       0.99999999999999967     
   5.7999999999999208       0.99999999999999967     
   5.8099999999999206       0.99999999999999967     
   5.8199999999999203       0.99999999999999967     
   5.8299999999999201       0.99999999999999967     
   5.8399999999999199        1.0000000000000000     
   5.8499999999999197        1.0000000000000000     
   5.8599999999999195        1.0000000000000000     
   5.8699999999999193        1.0000000000000000     
   5.8799999999999191        1.0000000000000000     
   5.8899999999999189        1.0000000000000000     
   5.8999999999999186        1.0000000000000000     
   5.9099999999999184        1.0000000000000000     
   5.9199999999999182        1.0000000000000000     
   5.9299999999999180        1.0000000000000000     
   5.9399999999999178        1.0000000000000000     
   5.9499999999999176        1.0000000000000000     
   5.9599999999999174        1.0000000000000000     
   5.9699999999999172        1.0000000000000000     
   5.9799999999999169        1.0000000000000000     
   5.9899999999999167        1.0000000000000000     
   5.9999999999999165        1.0000000000000000     
   6.0099999999999163        1.0000000000000000     
   6.0199999999999161        1.0000000000000000     
   6.0299999999999159        1.0000000000000000     
   6.0399999999999157        1.0000000000000000     
   6.0499999999999154        1.0000000000000000     
   6.0599999999999152        1.0000000000000000     
   6.0699999999999150        1.0000000000000000     
   6.0799999999999148        1.0000000000000000     
   6.0899999999999146        1.0000000000000000     
   6.0999999999999144        1.0000000000000000     
   6.1099999999999142        1.0000000000000000     
   6.1199999999999140        1.0000000000000000     
   6.1299999999999137        1.0000000000000000     
   6.1399999999999135        1.0000000000000000     
   6.1499999999999133        1.0000000000000000     
   6.1599999999999131        1.0000000000000000     
   6.1699999999999129        1.0000000000000000     
   6.1799999999999127        1.0000000000000000     
   6.1899999999999125        1.0000000000000000     
   6.1999999999999122        1.0000000000000000     
   6.2099999999999120        1.0000000000000000     
   6.2199999999999118        1.0000000000000000     
   6.2299999999999116        1.0000000000000000     
   6.2399999999999114        1.0000000000000000     
   6.2499999999999112        1.0000000000000000     
   6.2599999999999110        1.0000000000000000     
   6.2699999999999108        1.0000000000000000     
   6.2799999999999105        1.0000000000000000     
   6.2899999999999103        1.0000000000000000     
   6.2999999999999101        1.0000000000000000     
   6.3099999999999099        1.0000000000000000     
   6.3199999999999097        1.0000000000000000     
   6.3299999999999095        1.0000000000000000     
   6.3399999999999093        1.0000000000000000     
   6.3499999999999091        1.0000000000000000     
   6.3599999999999088        1.0000000000000000     
   6.3699999999999086        1.0000000000000000     
   6.3799999999999084        1.0000000000000000     
   6.3899999999999082        1.0000000000000000     
   6.3999999999999080        1.0000000000000000     
   6.4099999999999078        1.0000000000000000     
   6.4199999999999076        1.0000000000000000     
   6.4299999999999073        1.0000000000000000     
   6.4399999999999071        1.0000000000000000     
   6.4499999999999069        1.0000000000000000     
   6.4599999999999067        1.0000000000000000     
   6.4699999999999065        1.0000000000000000     
   6.4799999999999063        1.0000000000000000     
   6.4899999999999061        1.0000000000000000     
   6.4999999999999059        1.0000000000000000     
   6.5099999999999056        1.0000000000000000     
   6.5199999999999054        1.0000000000000000     
   6.5299999999999052        1.0000000000000000     
   6.5399999999999050        1.0000000000000000     
   6.5499999999999048        1.0000000000000000     
   6.5599999999999046        1.0000000000000000     
   6.5699999999999044        1.0000000000000000     
   6.5799999999999041        1.0000000000000000     
   6.5899999999999039        1.0000000000000000     
   6.5999999999999037        1.0000000000000000     
   6.6099999999999035        1.0000000000000000     
   6.6199999999999033        1.0000000000000000     
   6.6299999999999031        1.0000000000000000     
   6.6399999999999029        1.0000000000000000     
   6.6499999999999027        1.0000000000000000     
   6.6599999999999024        1.0000000000000000     
   6.6699999999999022        1.0000000000000000     
   6.6799999999999020        1.0000000000000000     
   6.6899999999999018        1.0000000000000000     
   6.6999999999999016        1.0000000000000000     
   6.7099999999999014        1.0000000000000000     
   6.7199999999999012        1.0000000000000000     
   6.7299999999999010        1.0000000000000000     
   6.7399999999999007        1.0000000000000000     
   6.7499999999999005        1.0000000000000000     
   6.7599999999999003        1.0000000000000000     
   6.7699999999999001        1.0000000000000000     
   6.7799999999998999        1.0000000000000000     
   6.7899999999998997        1.0000000000000000     
   6.7999999999998995        1.0000000000000000     
   6.8099999999998992        1.0000000000000000     
   6.8199999999998990        1.0000000000000000     
   6.8299999999998988        1.0000000000000000     
   6.8399999999998986        1.0000000000000000     
   6.8499999999998984        1.0000000000000000     
   6.8599999999998982        1.0000000000000000     
   6.8699999999998980        1.0000000000000000     
   6.8799999999998978        1.0000000000000000     
   6.8899999999998975        1.0000000000000000     
   6.8999999999998973        1.0000000000000000     
   6.9099999999998971        1.0000000000000000     
   6.9199999999998969        1.0000000000000000     
   6.9299999999998967        1.0000000000000000     
   6.9399999999998965        1.0000000000000000     
   6.9499999999998963        1.0000000000000000     
   6.9599999999998960        1.0000000000000000     
   6.9699999999998958        1.0000000000000000     
   6.9799999999998956        1.0000000000000000     
   6.9899999999998954        1.0000000000000000     
   6.9999999999998952        1.0000000000000000     
   7.0099999999998950        1.0000000000000000     
   7.0199999999998948        1.0000000000000000     
   7.0299999999998946        1.0000000000000000     
   7.0399999999998943        1.0000000000000000     
   7.0499999999998941        1.0000000000000000     
   7.0599999999998939        1.0000000000000000     
   7.0699999999998937        1.0000000000000000     
   7.0799999999998935        1.0000000000000000     
   7.0899999999998933        1.0000000000000000     
   7.0999999999998931        1.0000000000000000     
   7.1099999999998929        1.0000000000000000     
   7.1199999999998926        1.0000000000000000     
   7.1299999999998924        1.0000000000000000     
   7.1399999999998922        1.0000000000000000     
   7.1499999999998920        1.0000000000000000     
   7.1599999999998918        1.0000000000000000     
   7.1699999999998916        1.0000000000000000     
   7.1799999999998914        1.0000000000000000     
   7.1899999999998911        1.0000000000000000     
   7.1999999999998909        1.0000000000000000     
   7.2099999999998907        1.0000000000000000     
   7.2199999999998905        1.0000000000000000     
   7.2299999999998903        1.0000000000000000     
   7.2399999999998901        1.0000000000000000     
   7.2499999999998899        1.0000000000000000     
   7.2599999999998897        1.0000000000000000     
   7.2699999999998894        1.0000000000000000     
   7.2799999999998892        1.0000000000000000     
   7.2899999999998890        1.0000000000000000     
   7.2999999999998888        1.0000000000000000     
   7.3099999999998886        1.0000000000000000     
   7.3199999999998884        1.0000000000000000     
   7.3299999999998882        1.0000000000000000     
   7.3399999999998879        1.0000000000000000     
   7.3499999999998877        1.0000000000000000     
   7.3599999999998875        1.0000000000000000     
   7.3699999999998873        1.0000000000000000     
   7.3799999999998871        1.0000000000000000     
   7.3899999999998869        1.0000000000000000     
   7.3999999999998867        1.0000000000000000     
   7.4099999999998865        1.0000000000000000     
   7.4199999999998862        1.0000000000000000     
   7.4299999999998860        1.0000000000000000     
   7.4399999999998858        1.0000000000000000     
   7.4499999999998856        1.0000000000000000     
   7.4599999999998854        1.0000000000000000     
   7.4699999999998852        1.0000000000000000     
   7.4799999999998850        1.0000000000000000     
   7.4899999999998847        1.0000000000000000     
   7.4999999999998845        1.0000000000000000     
   7.5099999999998843        1.0000000000000000     
   7.5199999999998841        1.0000000000000000     
   7.5299999999998839        1.0000000000000000     
   7.5399999999998837        1.0000000000000000     
   7.5499999999998835        1.0000000000000000     
   7.5599999999998833        1.0000000000000000     
   7.5699999999998830        1.0000000000000000     
   7.5799999999998828        1.0000000000000000     
   7.5899999999998826        1.0000000000000000     
   7.5999999999998824        1.0000000000000000     
   7.6099999999998822        1.0000000000000000     
   7.6199999999998820        1.0000000000000000     
   7.6299999999998818        1.0000000000000000     
   7.6399999999998816        1.0000000000000000     
   7.6499999999998813        1.0000000000000000     
   7.6599999999998811        1.0000000000000000     
   7.6699999999998809        1.0000000000000000     
   7.6799999999998807        1.0000000000000000     
   7.6899999999998805        1.0000000000000000     
   7.6999999999998803        1.0000000000000000     
   7.7099999999998801        1.0000000000000000     
   7.7199999999998798        1.0000000000000000     
   7.7299999999998796        1.0000000000000000     
   7.7399999999998794        1.0000000000000000     
   7.7499999999998792        1.0000000000000000     
   7.7599999999998790        1.0000000000000000     
   7.7699999999998788        1.0000000000000000     
   7.7799999999998786        1.0000000000000000     
   7.7899999999998784        1.0000000000000000     
   7.7999999999998781        1.0000000000000000     
   7.8099999999998779        1.0000000000000000     
   7.8199999999998777        1.0000000000000000     
   7.8299999999998775        1.0000000000000000     
   7.8399999999998773        1.0000000000000000     
   7.8499999999998771        1.0000000000000000     
   7.8599999999998769        1.0000000000000000     
   7.8699999999998766        1.0000000000000000     
   7.8799999999998764        1.0000000000000000     
   7.8899999999998762        1.0000000000000000     
   7.8999999999998760        1.0000000000000000     
   7.9099999999998758        1.0000000000000000     
   7.9199999999998756        1.0000000000000000     
   7.9299999999998754        1.0000000000000000     
   7.9399999999998752        1.0000000000000000     
   7.9499999999998749        1.0000000000000000     
   7.9599999999998747        1.0000000000000000     
   7.9699999999998745        1.0000000000000000     
   7.9799999999998743        1.0000000000000000     
   7.9899999999998741        1.0000000000000000     
   7.9999999999998739        1.0000000000000000     
   8.0099999999998737        1.0000000000000000     
   8.0199999999998735        1.0000000000000000     
   8.0299999999998732        1.0000000000000000     
   8.0399999999998730        1.0000000000000000     
   8.0499999999998728        1.0000000000000000     
   8.0599999999998726        1.0000000000000000     
   8.0699999999998724        1.0000000000000000     
   8.0799999999998722        1.0000000000000000     
   8.0899999999998720        1.0000000000000000     
   8.0999999999998717        1.0000000000000000     
   8.1099999999998715        1.0000000000000000     
   8.1199999999998713        1.0000000000000000     
   8.1299999999998711        1.0000000000000000     
   8.1399999999998709        1.0000000000000000     
   8.1499999999998707        1.0000000000000000     
   8.1599999999998705        1.0000000000000000     
   8.1699999999998703        1.0000000000000000     
   8.1799999999998700        1.0000000000000000     
   8.1899999999998698        1.0000000000000000     
   8.1999999999998696        1.0000000000000000     
   8.2099999999998694        1.0000000000000000     
   8.2199999999998692        1.0000000000000000     
   8.2299999999998690        1.0000000000000000     
   8.2399999999998688        1.0000000000000000     
   8.2499999999998685        1.0000000000000000     
   8.2599999999998683        1.0000000000000000     
   8.2699999999998681        1.0000000000000000     
   8.2799999999998679        1.0000000000000000     
   8.2899999999998677        1.0000000000000000     
   8.2999999999998675        1.0000000000000000     
   8.3099999999998673        1.0000000000000000     
   8.3199999999998671        1.0000000000000000     
   8.3299999999998668        1.0000000000000000     
   8.3399999999998666        1.0000000000000000     
   8.3499999999998664        1.0000000000000000     
   8.3599999999998662        1.0000000000000000     
   8.3699999999998660        1.0000000000000000     
   8.3799999999998658        1.0000000000000000     
   8.3899999999998656        1.0000000000000000     
   8.3999999999998654        1.0000000000000000     
   8.4099999999998651        1.0000000000000000     
   8.4199999999998649        1.0000000000000000     
   8.4299999999998647        1.0000000000000000     
   8.4399999999998645        1.0000000000000000     
   8.4499999999998643        1.0000000000000000     
   8.4599999999998641        1.0000000000000000     
   8.4699999999998639        1.0000000000000000     
   8.4799999999998636        1.0000000000000000     
   8.4899999999998634        1.0000000000000000     
   8.4999999999998632        1.0000000000000000     
   8.5099999999998630        1.0000000000000000     
   8.5199999999998628        1.0000000000000000     
   8.5299999999998626        1.0000000000000000     
   8.5399999999998624        1.0000000000000000     
   8.5499999999998622        1.0000000000000000     
   8.5599999999998619        1.0000000000000000     
   8.5699999999998617        1.0000000000000000     
   8.5799999999998615        1.0000000000000000     
   8.5899999999998613        1.0000000000000000     
   8.5999999999998611        1.0000000000000000     
   8.6099999999998609        1.0000000000000000     
   8.6199999999998607        1.0000000000000000     
   8.6299999999998604        1.0000000000000000     
   8.6399999999998602        1.0000000000000000     
   8.6499999999998600        1.0000000000000000     
   8.6599999999998598        1.0000000000000000     
   8.6699999999998596        1.0000000000000000     
   8.6799999999998594        1.0000000000000000     
   8.6899999999998592        1.0000000000000000     
   8.6999999999998590        1.0000000000000000     
   8.7099999999998587        1.0000000000000000     
   8.7199999999998585        1.0000000000000000     
   8.7299999999998583        1.0000000000000000     
   8.7399999999998581        1.0000000000000000     
   8.7499999999998579        1.0000000000000000     
   8.7599999999998577        1.0000000000000000     
   8.7699999999998575        1.0000000000000000     
   8.7799999999998573        1.0000000000000000     
   8.7899999999998570        1.0000000000000000     
   8.7999999999998568        1.0000000000000000     
   8.8099999999998566        1.0000000000000000     
   8.8199999999998564        1.0000000000000000     
   8.8299999999998562        1.0000000000000000     
   8.8399999999998560        1.0000000000000000     
   8.8499999999998558        1.0000000000000000     
   8.8599999999998555        1.0000000000000000     
   8.8699999999998553        1.0000000000000000     
   8.8799999999998551        1.0000000000000000     
   8.8899999999998549        1.0000000000000000     
   8.8999999999998547        1.0000000000000000     
   8.9099999999998545        1.0000000000000000     
   8.9199999999998543        1.0000000000000000     
   8.9299999999998541        1.0000000000000000     
   8.9399999999998538        1.0000000000000000     
   8.9499999999998536        1.0000000000000000     
   8.9599999999998534        1.0000000000000000     
   8.9699999999998532        1.0000000000000000     
   8.9799999999998530        1.0000000000000000     
   8.9899999999998528        1.0000000000000000     
   8.9999999999998526        1.0000000000000000     
   9.0099999999998523        1.0000000000000000     
   9.0199999999998521        1.0000000000000000     
   9.0299999999998519        1.0000000000000000     
   9.0399999999998517        1.0000000000000000     
   9.0499999999998515        1.0000000000000000     
   9.0599999999998513        1.0000000000000000     
   9.0699999999998511        1.0000000000000000     
   9.0799999999998509        1.0000000000000000     
   9.0899999999998506        1.0000000000000000     
   9.0999999999998504        1.0000000000000000     
   9.1099999999998502        1.0000000000000000     
   9.1199999999998500        1.0000000000000000     
   9.1299999999998498        1.0000000000000000     
   9.1399999999998496        1.0000000000000000     
   9.1499999999998494        1.0000000000000000     
   9.1599999999998492        1.0000000000000000     
   9.1699999999998489        1.0000000000000000     
   9.1799999999998487        1.0000000000000000     
   9.1899999999998485        1.0000000000000000     
   9.1999999999998483        1.0000000000000000     
   9.2099999999998481        1.0000000000000000     
   9.2199999999998479        1.0000000000000000     
   9.2299999999998477        1.0000000000000000     
   9.2399999999998474        1.0000000000000000     
   9.2499999999998472        1.0000000000000000     
   9.2599999999998470        1.0000000000000000     
   9.2699999999998468        1.0000000000000000     
   9.2799999999998466        1.0000000000000000     
   9.2899999999998464        1.0000000000000000     
   9.2999999999998462        1.0000000000000000     
   9.3099999999998460        1.0000000000000000     
   9.3199999999998457        1.0000000000000000     
   9.3299999999998455        1.0000000000000000     
   9.3399999999998453        1.0000000000000000     
   9.3499999999998451        1.0000000000000000     
   9.3599999999998449        1.0000000000000000     
   9.3699999999998447        1.0000000000000000     
   9.3799999999998445        1.0000000000000000     
   9.3899999999998442        1.0000000000000000     
   9.3999999999998440        1.0000000000000000     
   9.4099999999998438        1.0000000000000000     
   9.4199999999998436        1.0000000000000000     
   9.4299999999998434        1.0000000000000000     
   9.4399999999998432        1.0000000000000000     
   9.4499999999998430        1.0000000000000000     
   9.4599999999998428        1.0000000000000000     
   9.4699999999998425        1.0000000000000000     
   9.4799999999998423        1.0000000000000000     
   9.4899999999998421        1.0000000000000000     
   9.4999999999998419        1.0000000000000000     
   9.5099999999998417        1.0000000000000000     
   9.5199999999998415        1.0000000000000000     
   9.5299999999998413        1.0000000000000000     
   9.5399999999998411        1.0000000000000000     
   9.5499999999998408        1.0000000000000000     
   9.5599999999998406        1.0000000000000000     
   9.5699999999998404        1.0000000000000000     
   9.5799999999998402        1.0000000000000000     
   9.5899999999998400        1.0000000000000000     
   9.5999999999998398        1.0000000000000000     
   9.6099999999998396        1.0000000000000000     
   9.6199999999998393        1.0000000000000000     
   9.6299999999998391        1.0000000000000000     
   9.6399999999998389        1.0000000000000000     
   9.6499999999998387        1.0000000000000000     
   9.6599999999998385        1.0000000000000000     
   9.6699999999998383        1.0000000000000000     
   9.6799999999998381        1.0000000000000000     
   9.6899999999998379        1.0000000000000000     
   9.6999999999998376        1.0000000000000000     
   9.7099999999998374        1.0000000000000000     
   9.7199999999998372        1.0000000000000000     
   9.7299999999998370        1.0000000000000000     
   9.7399999999998368        1.0000000000000000     
   9.7499999999998366        1.0000000000000000     
   9.7599999999998364        1.0000000000000000     
   9.7699999999998361        1.0000000000000000     
   9.7799999999998359        1.0000000000000000     
   9.7899999999998357        1.0000000000000000     
   9.7999999999998355        1.0000000000000000     
   9.8099999999998353        1.0000000000000000     
   9.8199999999998351        1.0000000000000000     
   9.8299999999998349        1.0000000000000000     
   9.8399999999998347        1.0000000000000000     
   9.8499999999998344        1.0000000000000000     
   9.8599999999998342        1.0000000000000000     
   9.8699999999998340        1.0000000000000000     
   9.8799999999998338        1.0000000000000000     
   9.8899999999998336        1.0000000000000000     
   9.8999999999998334        1.0000000000000000     
   9.9099999999998332        1.0000000000000000     
   9.9199999999998330        1.0000000000000000     
   9.9299999999998327        1.0000000000000000     
   9.9399999999998325        1.0000000000000000     
   9.9499999999998323        1.0000000000000000     
   9.9599999999998321        1.0000000000000000     
   9.9699999999998319        1.0000000000000000     
   9.9799999999998317        1.0000000000000000     
   9.9899999999998315        1.0000000000000000     
   9.9999999999998312        1.0000000000000000     
