   0.0000000000000000        3.1931579371327603E-018
   1.0000000000000000E-002   1.5374759517514923E-002
   2.0000000000000000E-002   3.0690527016305338E-002
   2.9999999999999999E-002   4.5889026781327828E-002
   4.0000000000000001E-002   6.0913406882182171E-002
   5.0000000000000003E-002   7.5708928160947903E-002
   6.0000000000000005E-002   9.0223623589657201E-002
   7.0000000000000007E-002  0.10440891518148993     
   8.0000000000000002E-002  0.11822017424735450     
   8.9999999999999997E-002  0.13161721016668201     
   9.9999999999999992E-002  0.14456467335686971     
  0.10999999999999999       0.15703235996184747     
  0.11999999999999998       0.16899540890006251     
  0.12999999999999998       0.18043438607299242     
  0.13999999999999999       0.19133525533839599     
  0.14999999999999999       0.20168924081677975     
  0.16000000000000000       0.21149258974214269     
  0.17000000000000001       0.22074624897489550     
  0.18000000000000002       0.22945547117093223     
  0.19000000000000003       0.23762936829397049     
  0.20000000000000004       0.24528043065756980     
  0.21000000000000005       0.25242402909743100     
  0.22000000000000006       0.25907791639823813     
  0.23000000000000007       0.26526174197439029     
  0.24000000000000007       0.27099659128440429     
  0.25000000000000006       0.27630455878118682     
  0.26000000000000006       0.28120836056508830     
  0.27000000000000007       0.28573099046653555     
  0.28000000000000008       0.28989542114380901     
  0.29000000000000009       0.29372434999663538     
  0.30000000000000010       0.29723998828650972     
  0.31000000000000011       0.30046389080894015     
  0.32000000000000012       0.30341682274933862     
  0.33000000000000013       0.30611865992873627     
  0.34000000000000014       0.30858831845812285     
  0.35000000000000014       0.31084370982057186     
  0.36000000000000015       0.31290171754134322     
  0.37000000000000016       0.31477819184602712     
  0.38000000000000017       0.31648795901005194     
  0.39000000000000018       0.31804484244093234     
  0.40000000000000019       0.31946169288500098     
  0.41000000000000020       0.32075042549649829     
  0.42000000000000021       0.32192206183708133     
  0.43000000000000022       0.32298677518027058     
  0.44000000000000022       0.32395393777370990     
  0.45000000000000023       0.32483216896026246     
  0.46000000000000024       0.32562938327665836     
  0.47000000000000025       0.32635283783672919     
  0.48000000000000026       0.32700917846696625     
  0.49000000000000027       0.32760448419765748     
  0.50000000000000022       0.32814430982570836     
  0.51000000000000023       0.32863372635808863     
  0.52000000000000024       0.32907735922032116     
  0.53000000000000025       0.32947942417482134     
  0.54000000000000026       0.32984376094163675     
  0.55000000000000027       0.33017386455106629     
  0.56000000000000028       0.33047291448566157     
  0.57000000000000028       0.33074380168970280     
  0.58000000000000029       0.33098915353885899     
  0.59000000000000030       0.33121135687239334     
  0.60000000000000031       0.33141257919608702     
  0.61000000000000032       0.33159478816673921     
  0.62000000000000033       0.33175976946939811     
  0.63000000000000034       0.33190914319694265     
  0.64000000000000035       0.33204437883871207     
  0.65000000000000036       0.33216680898097473     
  0.66000000000000036       0.33227764181742853     
  0.67000000000000037       0.33237797256284973     
  0.68000000000000038       0.33246879385772693     
  0.69000000000000039       0.33255100524625514     
  0.70000000000000040       0.33262542180468957     
  0.71000000000000041       0.33269278199169799     
  0.72000000000000042       0.33275375478720359     
  0.73000000000000043       0.33280894618123841     
  0.74000000000000044       0.33285890506960092     
  0.75000000000000044       0.33290412860862700     
  0.76000000000000045       0.33294506707717048     
  0.77000000000000046       0.33298212828994977     
  0.78000000000000047       0.33301568160272615     
  0.79000000000000048       0.33304606154637356     
  0.80000000000000049       0.33307357112370722     
  0.81000000000000050       0.33309848480004522     
  0.82000000000000051       0.33312105121574043     
  0.83000000000000052       0.33314149564648049     
  0.84000000000000052       0.33316002223483304     
  0.85000000000000053       0.33317681601446758     
  0.86000000000000054       0.33319204474654779     
  0.87000000000000055       0.33320586058605506     
  0.88000000000000056       0.33321840159422011     
  0.89000000000000057       0.33322979311177475     
  0.90000000000000058       0.33324014900643539     
  0.91000000000000059       0.33324957280682083     
  0.92000000000000060       0.33325815873392406     
  0.93000000000000060       0.33326599264027584     
  0.94000000000000061       0.33327315286604553     
  0.95000000000000062       0.33327971102052206     
  0.96000000000000063       0.33328573269669165     
  0.97000000000000064       0.33329127812598058     
  0.98000000000000065       0.33329640277964540     
  0.99000000000000066       0.33330115792277615     
   1.0000000000000007       0.33330559112640390     
   1.0100000000000007       0.33330974674280306     
   1.0200000000000007       0.33331366634871462     
   1.0300000000000007       0.33331738916089598     
   1.0400000000000007       0.33332095242813237     
   1.0500000000000007       0.33332439180362222     
   1.0600000000000007       0.33332774170143692     
   1.0700000000000007       0.33333103564061295     
   1.0800000000000007       0.33333430658030583     
   1.0900000000000007       0.33333758724934831     
   1.1000000000000008       0.33334091047349684     
   1.1100000000000008       0.33334430950363103     
   1.1200000000000008       0.33334781834817528     
   1.1300000000000008       0.33335147211305705     
   1.1400000000000008       0.33335530735258662     
   1.1500000000000008       0.33335936243475167     
   1.1600000000000008       0.33336367792455962     
   1.1700000000000008       0.33336829698923925     
   1.1800000000000008       0.33337326582932364     
   1.1900000000000008       0.33337863413989366     
   1.2000000000000008       0.33338445560655017     
   1.2100000000000009       0.33339078844101966     
   1.2200000000000009       0.33339769596169866     
   1.2300000000000009       0.33340524722484277     
   1.2400000000000009       0.33341351771264338     
   1.2500000000000009       0.33342259008492903     
   1.2600000000000009       0.33343255500188645     
   1.2700000000000009       0.33344351202584094     
   1.2800000000000009       0.33345557061089792     
   1.2900000000000009       0.33346885119008518     
   1.3000000000000009       0.33348348637053743     
   1.3100000000000009       0.33349962224828156     
   1.3200000000000010       0.33351741985528721     
   1.3300000000000010       0.33353705675265782     
   1.3400000000000010       0.33355872878517623     
   1.3500000000000010       0.33358265201385812     
   1.3600000000000010       0.33360906484476277     
   1.3700000000000010       0.33363823037402818     
   1.3800000000000010       0.33367043897096432     
   1.3900000000000010       0.33370601112306925     
   1.4000000000000010       0.33374530056901452     
   1.4100000000000010       0.33378869774799397     
   1.4200000000000010       0.33383663359635379     
   1.4300000000000010       0.33388958372510474     
   1.4400000000000011       0.33394807301476881     
   1.4500000000000011       0.33401268066703738     
   1.4600000000000011       0.33408404575583561     
   1.4700000000000011       0.33416287332371009     
   1.4800000000000011       0.33424994107277711     
   1.4900000000000011       0.33434610670289505     
   1.5000000000000011       0.33445231595312458     
   1.5100000000000011       0.33456961140581604     
   1.5200000000000011       0.33469914211579205     
   1.5300000000000011       0.33484217412984690     
   1.5400000000000011       0.33500010196407964     
   1.5500000000000012       0.33517446110815657     
   1.5600000000000012       0.33536694162621800     
   1.5700000000000012       0.33557940292349731     
   1.5800000000000012       0.33581388974539461     
   1.5900000000000012       0.33607264947129917     
   1.6000000000000012       0.33635815075828907     
   1.6100000000000012       0.33667310357928987     
   1.6200000000000012       0.33702048068554374     
   1.6300000000000012       0.33740354050335469     
   1.6400000000000012       0.33782585144895566     
   1.6500000000000012       0.33829131761169839     
   1.6600000000000013       0.33880420571314535     
   1.6700000000000013       0.33936917319641485     
   1.6800000000000013       0.33999129723447652     
   1.6900000000000013       0.34067610436609153     
   1.7000000000000013       0.34142960037164299     
   1.7100000000000013       0.34225829988614875     
   1.7200000000000013       0.34316925511128099     
   1.7300000000000013       0.34417008283046052     
   1.7400000000000013       0.34526898874976841     
   1.7500000000000013       0.34647478798196046     
   1.7600000000000013       0.34779692026190090     
   1.7700000000000014       0.34924545823148362     
   1.7800000000000014       0.35083110686496338     
   1.7900000000000014       0.35256519182899737     
   1.8000000000000014       0.35445963429646721     
   1.8100000000000014       0.35652690947490911     
   1.8200000000000014       0.35877998588977850     
   1.8300000000000014       0.36123224230659945     
   1.8400000000000014       0.36389735911731069     
   1.8500000000000014       0.36678918109423536     
   1.8600000000000014       0.36992154867487698     
   1.8700000000000014       0.37330809543077909     
   1.8800000000000014       0.37696201014305863     
   1.8900000000000015       0.38089576300095146     
   1.9000000000000015       0.38512079689217543     
   1.9100000000000015       0.38964718658079200     
   1.9200000000000015       0.39448327075699030     
   1.9300000000000015       0.39963526444299596     
   1.9400000000000015       0.40510686195186052     
   1.9500000000000015       0.41089884336877613     
   1.9600000000000015       0.41700870014960795     
   1.9700000000000015       0.42343029765021750     
   1.9800000000000015       0.43015359391951336     
   1.9900000000000015       0.43716443460645477     
   2.0000000000000013       0.44444444307034298     
   2.0100000000000011       0.45197102253828136     
   2.0200000000000009       0.45971748333186241     
   2.0300000000000007       0.46765330284914675     
   2.0400000000000005       0.47574451937893764     
   2.0500000000000003       0.48395425336444653     
   2.0600000000000001       0.49224334200016573     
   2.0699999999999998       0.50057106571694510     
   2.0799999999999996       0.50889593888564710     
   2.0899999999999994       0.51717653257974772     
   2.0999999999999992       0.52537229495472071     
   2.1099999999999990       0.53344433497264154     
   2.1199999999999988       0.54135613780570468     
   2.1299999999999986       0.54907418501241889     
   2.1399999999999983       0.55656845899602669     
   2.1499999999999981       0.56381281868075417     
   2.1599999999999979       0.57078524107586093     
   2.1699999999999977       0.57746793077190983     
   2.1799999999999975       0.58384730586925004     
   2.1899999999999973       0.58991387397733752     
   2.1999999999999971       0.59566201552912623     
   2.2099999999999969       0.60108969368831955     
   2.2199999999999966       0.60619811069874141     
   2.2299999999999964       0.61099132985308058     
   2.2399999999999962       0.61547588062504510     
   2.2499999999999960       0.61966036221760146     
   2.2599999999999958       0.62355505812042222     
   2.2699999999999956       0.62717157149393554     
   2.2799999999999954       0.63052248850625936     
   2.2899999999999952       0.63362107428745273     
   2.2999999999999949       0.63648100402436136     
   2.3099999999999947       0.63911612994374256     
   2.3199999999999945       0.64154028352950054     
   2.3299999999999943       0.64376711127297226     
   2.3399999999999941       0.64580994152685878     
   2.3499999999999939       0.64768167957793021     
   2.3599999999999937       0.64939472782152363     
   2.3699999999999934       0.65096092786404769     
   2.3799999999999932       0.65239152145398849     
   2.3899999999999930       0.65369712730875384     
   2.3999999999999928       0.65488773113184584     
   2.4099999999999926       0.65597268637656614     
   2.4199999999999924       0.65696072358867752     
   2.4299999999999922       0.65785996643629141     
   2.4399999999999920       0.65867795280050623     
   2.4499999999999917       0.65942165954779808     
   2.4599999999999915       0.66009752983102232     
   2.4699999999999913       0.66071150196807393     
   2.4799999999999911       0.66126903912522894     
   2.4899999999999909       0.66177515918686491     
   2.4999999999999907       0.66223446432576338     
   2.5099999999999905       0.66265116990051054     
   2.5199999999999902       0.66302913240057482     
   2.5299999999999900       0.66337187623754812     
   2.5399999999999898       0.66368261924492600     
   2.5499999999999896       0.66396429680037594     
   2.5599999999999894       0.66421958452584440     
   2.5699999999999892       0.66445091955331603     
   2.5799999999999890       0.66466052036927137     
   2.5899999999999888       0.66485040526997419     
   2.5999999999999885       0.66502240947384073     
   2.6099999999999883       0.66517820094720159     
   2.6199999999999881       0.66531929500645837     
   2.6299999999999879       0.66544706776385765     
   2.6399999999999877       0.66556276848607587     
   2.6499999999999875       0.66566753093531839     
   2.6599999999999873       0.66576238376186303     
   2.6699999999999871       0.66584826001528130     
   2.6799999999999868       0.66592600583915418     
   2.6899999999999866       0.66599638841139286     
   2.6999999999999864       0.66606010318898068     
   2.7099999999999862       0.66611778051278381     
   2.7199999999999860       0.66616999162455126     
   2.7299999999999858       0.66621725414492827     
   2.7399999999999856       0.66626003705784631     
   2.7499999999999853       0.66629876524349585     
   2.7599999999999851       0.66633382359885640     
   2.7699999999999849       0.66636556078185849     
   2.7799999999999847       0.66639429261231864     
   2.7899999999999845       0.66642030516022055     
   2.7999999999999843       0.66644385754935298     
   2.8099999999999841       0.66646518450198711     
   2.8199999999999839       0.66648449864815329     
   2.8299999999999836       0.66650199262102017     
   2.8399999999999834       0.66651784095804467     
   2.8499999999999832       0.66653220182587081     
   2.8599999999999830       0.66654521858533411     
   2.8699999999999828       0.66655702121155247     
   2.8799999999999826       0.66656772758270366     
   2.8899999999999824       0.66657744464991342     
   2.8999999999999821       0.66658626949957289     
   2.9099999999999819       0.66659429031838779     
   2.9199999999999817       0.66660158727055319     
   2.9299999999999815       0.66660823329562546     
   2.9399999999999813       0.66661429483487944     
   2.9499999999999811       0.66661983249329726     
   2.9599999999999809       0.66662490164367616     
   2.9699999999999807       0.66662955297881965     
   2.9799999999999804       0.66663383301724399     
   2.9899999999999802       0.66663778456739820     
   2.9999999999999800       0.66664144715500584     
   3.0099999999999798       0.66664485741773483     
   3.0199999999999796       0.66664804947112966     
   3.0299999999999794       0.66665105524942814     
   3.0399999999999792       0.66665390482465436     
   3.0499999999999790       0.66665662670715142     
   3.0599999999999787       0.66665924813056066     
   3.0699999999999785       0.66666179532406400     
   3.0799999999999783       0.66666429377462222     
   3.0899999999999781       0.66666676848180362     
   3.0999999999999779       0.66666924420775742     
   3.1099999999999777       0.66667174572482135     
   3.1199999999999775       0.66667429806322687     
   3.1299999999999772       0.66667692676137691     
   3.1399999999999770       0.66667965812119234     
   3.1499999999999768       0.66668251947107560     
   3.1599999999999766       0.66668553943909048     
   3.1699999999999764       0.66668874823912427     
   3.1799999999999762       0.66669217797282554     
   3.1899999999999760       0.66669586295037098     
   3.1999999999999758       0.66669984003321570     
   3.2099999999999755       0.66670414900225605     
   3.2199999999999753       0.66670883295504113     
   3.2299999999999751       0.66671393873598317     
   3.2399999999999749       0.66671951740382129     
   3.2499999999999747       0.66672562474096553     
   3.2599999999999745       0.66673232180975095     
   3.2699999999999743       0.66673967556108371     
   3.2799999999999740       0.66674775950147669     
   3.2899999999999738       0.66675665442503085     
   3.2999999999999736       0.66676644921752759     
   3.3099999999999734       0.66677724174051622     
   3.3199999999999732       0.66678913980400656     
   3.3299999999999730       0.66680226223725514     
   3.3399999999999728       0.66681674006800040     
   3.3499999999999726       0.66683271782158071     
   3.3599999999999723       0.66685035495243117     
   3.3699999999999721       0.66686982742168766     
   3.3799999999999719       0.66689132943595786     
   3.3899999999999717       0.66691507536378625     
   3.3999999999999715       0.66694130184788569     
   3.4099999999999713       0.66697027013297205     
   3.4199999999999711       0.66700226863086520     
   3.4299999999999708       0.66703761574658105     
   3.4399999999999706       0.66707666299128254     
   3.4499999999999704       0.66711979841031310     
   3.4599999999999702       0.66716745035707392     
   3.4699999999999700       0.66722009164614471     
   3.4799999999999698       0.66727824412193548     
   3.4899999999999696       0.66734248368212201     
   3.4999999999999694       0.66741344579830353     
   3.5099999999999691       0.66749183157955805     
   3.5199999999999689       0.66757841442796206     
   3.5299999999999687       0.66767404733851354     
   3.5399999999999685       0.66777967089933377     
   3.5499999999999683       0.66789632205129845     
   3.5599999999999681       0.66802514366938148     
   3.5699999999999679       0.66816739503079914     
   3.5799999999999677       0.66832446323733474     
   3.5899999999999674       0.66849787566088148     
   3.5999999999999672       0.66868931348189065     
   3.6099999999999670       0.66890062638987846     
   3.6199999999999668       0.66913384851289093     
   3.6299999999999666       0.66939121563852622     
   3.6399999999999664       0.66967518378211344     
   3.6499999999999662       0.66998844914729705     
   3.6599999999999659       0.67033396950980706     
   3.6699999999999657       0.67071498703560606     
   3.6799999999999655       0.67113505251887584     
   3.6899999999999653       0.67159805099208569     
   3.6999999999999651       0.67210822861832265     
   3.7099999999999649       0.67267022072342064     
   3.7199999999999647       0.67328908076055038     
   3.7299999999999645       0.67397030992072449     
   3.7399999999999642       0.67471988700718943     
   3.7499999999999640       0.67554429807780325     
   3.7599999999999638       0.67645056522517433     
   3.7699999999999636       0.67744627370785226     
   3.7799999999999634       0.67853959646585027     
   3.7899999999999632       0.67973931484961547     
   3.7999999999999630       0.68105483416388168     
   3.8099999999999627       0.68249619237860104     
   3.8199999999999625       0.68407406009283622     
   3.8299999999999623       0.68579972956108393     
   3.8399999999999621       0.68768509031588920     
   3.8499999999999619       0.68974258866091276     
   3.8599999999999617       0.69198516808534727     
   3.8699999999999615       0.69442618749008256     
   3.8799999999999613       0.69707931405098422     
   3.8899999999999610       0.69995838761417717     
   3.8999999999999608       0.70307725376685148     
   3.9099999999999606       0.70644956320325647     
   3.9199999999999604       0.71008853575844888     
   3.9299999999999602       0.71400668855734117     
   3.9399999999999600       0.71821552915882814     
   3.9499999999999598       0.72272521638123777     
   3.9599999999999596       0.72754419366520118     
   3.9699999999999593       0.73267880231492777     
   3.9799999999999591       0.73813288466319105     
   3.9899999999999589       0.74390738997982808     
   3.9999999999999587       0.74999999858293043     
   4.0099999999999589       0.75640478186034787     
   4.0199999999999587       0.76311191747458285     
   4.0299999999999585       0.77010747960378578     
   4.0399999999999583       0.77737332338663911     
   4.0499999999999581       0.78488708057826351     
   4.0599999999999579       0.79262227968849241     
   4.0699999999999577       0.80054859861610161     
   4.0799999999999574       0.80863225124376559     
   4.0899999999999572       0.81683650203138758     
   4.0999999999999570       0.82512229491023537     
   4.1099999999999568       0.83344897541107665     
   4.1199999999999566       0.84177507865726653     
   4.1299999999999564       0.85005915125488374     
   4.1399999999999562       0.85826057270024603     
   4.1499999999999559       0.86634034195963305     
   4.1599999999999557       0.87426179735327791     
   4.1699999999999555       0.88199124252912586     
   4.1799999999999553       0.88949845765290592     
   4.1899999999999551       0.89675708232993001     
   4.1999999999999549       0.90374486450949998     
   4.2099999999999547       0.91044377703260759     
   4.2199999999999545       0.91684001000132653     
   4.2299999999999542       0.92292385236614038     
   4.2399999999999540       0.92868947981935379     
   4.2499999999999538       0.93413466820059821     
   4.2599999999999536       0.93926045226688304     
   4.2699999999999534       0.94407074906877997     
   4.2799999999999532       0.94857196358574891     
   4.2899999999999530       0.95277259201052955     
   4.2999999999999527       0.95668283542614585     
   4.3099999999999525       0.96031423384400405     
   4.3199999999999523       0.96367932787158983     
   4.3299999999999521       0.96679135280106021     
   4.3399999999999519       0.96966396774979990     
   4.3499999999999517       0.97231102068796471     
   4.3599999999999515       0.97474634876601607     
   4.3699999999999513       0.97698361228976072     
   4.3799999999999510       0.97903615994586002     
   4.3899999999999508       0.98091692241154904     
   4.3999999999999506       0.98263833123935562     
   4.4099999999999504       0.98421225984235861     
   4.4199999999999502       0.98564998347370958     
   4.4299999999999500       0.98696215525680087     
   4.4399999999999498       0.98815879554708930     
   4.4499999999999496       0.98924929216689694     
   4.4599999999999493       0.99024240933044982     
   4.4699999999999491       0.99114630335252707     
   4.4799999999999489       0.99196854350015606     
   4.4899999999999487       0.99271613659536539     
   4.4999999999999485       0.99339555420412140     
   4.5099999999999483       0.99401276145003659     
   4.5199999999999481       0.99457324667081093     
   4.5299999999999478       0.99508205129117577     
   4.5399999999999476       0.99554379941988358     
   4.5499999999999474       0.99596272679158815     
   4.5599999999999472       0.99634270876948994     
   4.5699999999999470       0.99668728720337130     
   4.5799999999999468       0.99699969600218197     
   4.5899999999999466       0.99728288533266030     
   4.5999999999999464       0.99753954439725379     
   4.6099999999999461       0.99777212277759419     
   4.6199999999999459       0.99798285035537226     
   4.6299999999999457       0.99817375584179391     
   4.6399999999999455       0.99834668396126125     
   4.6499999999999453       0.99850331134506798     
   4.6599999999999451       0.99864516119785163     
   4.6699999999999449       0.99877361680380605     
   4.6799999999999446       0.99888993394182013     
   4.6899999999999444       0.99899525227921104     
   4.6999999999999442       0.99909060581303955     
   4.7099999999999440       0.99917693242635341     
   4.7199999999999438       0.99925508262430707     
   4.7299999999999436       0.99932582751238230     
   4.7399999999999434       0.99938986607574787     
   4.7499999999999432       0.99944783181548813     
   4.7599999999999429       0.99950029879408209     
   4.7699999999999427       0.99954778713900694     
   4.7799999999999425       0.99959076805010794     
   4.7899999999999423       0.99962966835297484     
   4.7999999999999421       0.99966487463751053     
   4.8099999999999419       0.99969673701784723     
   4.8199999999999417       0.99972557254689975     
   4.8299999999999415       0.99975166831618523     
   4.8399999999999412       0.99977528426903339     
   4.8499999999999410       0.99979665575293686     
   4.8599999999999408       0.99981599583465164     
   4.8699999999999406       0.99983349739958127     
   4.8799999999999404       0.99984933505516527     
   4.8899999999999402       0.99986366685623029     
   4.8999999999999400       0.99987663586868869     
   4.9099999999999397       0.99988837158651089     
   4.9199999999999395       0.99989899121555592     
   4.9299999999999393       0.99990860083662803     
   4.9399999999999391       0.99991729645899208     
   4.9499999999999389       0.99992516497457384     
   4.9599999999999387       0.99993228502211906     
   4.9699999999999385       0.99993872776974968     
   4.9799999999999383       0.99994455762355872     
   4.9899999999999380       0.99994983286919981     
   4.9999999999999378       0.99995460625276289     
   5.0099999999999376       0.99995892550665599     
   5.0199999999999374       0.99996283382567486     
   5.0299999999999372       0.99996637029795787     
   5.0399999999999370       0.99996957029508338     
   5.0499999999999368       0.99997246582517352     
   5.0599999999999365       0.99997508585250072     
   5.0699999999999363       0.99997745658675996     
   5.0799999999999361       0.99997960174488976     
   5.0899999999999359       0.99998154278802887     
   5.0999999999999357       0.99998329913597395     
   5.1099999999999355       0.99998488836126498     
   5.1199999999999353       0.99998632636483398     
   5.1299999999999351       0.99998762753496340     
   5.1399999999999348       0.99998880489113839     
   5.1499999999999346       0.99998987021422758     
   5.1599999999999344       0.99999083416428958     
   5.1699999999999342       0.99999170638717938     
   5.1799999999999340       0.99999249561102077     
   5.1899999999999338       0.99999320973350470     
   5.1999999999999336       0.99999385590088596     
   5.2099999999999334       0.99999444057946985     
   5.2199999999999331       0.99999496962029777     
   5.2299999999999329       0.99999544831768183     
   5.2399999999999327       0.99999588146217155     
   5.2499999999999325       0.99999627338848363     
   5.2599999999999323       0.99999662801887013     
   5.2699999999999321       0.99999694890236368     
   5.2799999999999319       0.99999723925028761     
   5.2899999999999316       0.99999750196838955     
   5.2999999999999314       0.99999773968591554     
   5.3099999999999312       0.99999795478192022     
   5.3199999999999310       0.99999814940907272     
   5.3299999999999308       0.99999832551519885     
   5.3399999999999306       0.99999848486277154     
   5.3499999999999304       0.99999862904654924     
   5.3599999999999302       0.99999875950953376     
   5.3699999999999299       0.99999887755741224     
   5.3799999999999297       0.99999898437162160     
   5.3899999999999295       0.99999908102117363     
   5.3999999999999293       0.99999916847335335     
   5.4099999999999291       0.99999924760339753     
   5.4199999999999289       0.99999931920325480     
   5.4299999999999287       0.99999938398951105     
   5.4399999999999284       0.99999944261056173     
   5.4499999999999282       0.99999949565309942     
   5.4599999999999280       0.99999954364798704     
   5.4699999999999278       0.99999958707556902     
   5.4799999999999276       0.99999962637048012     
   5.4899999999999274       0.99999966192599388     
   5.4999999999999272       0.99999969409795952     
   5.5099999999999270       0.99999972320836328     
   5.5199999999999267       0.99999974954855053     
   5.5299999999999265       0.99999977338214086     
   5.5399999999999263       0.99999979494766811     
   5.5499999999999261       0.99999981446096653     
   5.5599999999999259       0.99999983211733101     
   5.5699999999999257       0.99999984809347220     
   5.5799999999999255       0.99999986254928375     
   5.5899999999999253       0.99999987562944392     
   5.5999999999999250       0.99999988746486312     
   5.6099999999999248       0.99999989817399404     
   5.6199999999999246       0.99999990786401682     
   5.6299999999999244       0.99999991663191257     
   5.6399999999999242       0.99999992456543341     
   5.6499999999999240       0.99999993174398005     
   5.6599999999999238       0.99999993823939792     
   5.6699999999999235       0.99999994411669524     
   5.6799999999999233       0.99999994943469417     
   5.6899999999999231       0.99999995424661858     
   5.6999999999999229       0.99999995860062796     
   5.7099999999999227       0.99999996254029877     
   5.7199999999999225       0.99999996610506015     
   5.7299999999999223       0.99999996933058977     
   5.7399999999999221       0.99999997224916981     
   5.7499999999999218       0.99999997489001025     
   5.7599999999999216       0.99999997727954160     
   5.7699999999999214       0.99999997944167884     
   5.7799999999999212       0.99999998139806168     
   5.7899999999999210       0.99999998316827021     
   5.7999999999999208       0.99999998477002094     
   5.8099999999999206       0.99999998621934505     
   5.8199999999999203       0.99999998753074770     
   5.8299999999999201       0.99999998871735374     
   5.8399999999999199       0.99999998979103955     
   5.8499999999999197       0.99999999076255053     
   5.8599999999999195       0.99999999164161002     
   5.8699999999999193       0.99999999243701609     
   5.8799999999999191       0.99999999315672916     
   5.8899999999999189       0.99999999380795235     
   5.8999999999999186       0.99999999439720366     
   5.9099999999999184       0.99999999493038016     
   5.9199999999999182       0.99999999541281837     
   5.9299999999999180       0.99999999584934640     
   5.9399999999999178       0.99999999624433344     
   5.9499999999999176       0.99999999660173211     
   5.9599999999999174       0.99999999692512009     
   5.9699999999999172       0.99999999721773358     
   5.9799999999999169       0.99999999748250135     
   5.9899999999999167       0.99999999772207293     
   5.9999999999999165       0.99999999793884620     
   6.0099999999999163       0.99999999813499107     
   6.0199999999999161       0.99999999831247000     
   6.0299999999999159       0.99999999847305976     
   6.0399999999999157       0.99999999861836741     
   6.0499999999999154       0.99999999874984713     
   6.0599999999999152       0.99999999886881474     
   6.0699999999999150       0.99999999897646141     
   6.0799999999999148       0.99999999907386394     
   6.0899999999999146       0.99999999916199744     
   6.0999999999999144       0.99999999924174388     
   6.1099999999999142       0.99999999931390138     
   6.1199999999999140       0.99999999937919226     
   6.1299999999999137       0.99999999943826989     
   6.1399999999999135       0.99999999949172569     
   6.1499999999999133       0.99999999954009455     
   6.1599999999999131       0.99999999958386010     
   6.1699999999999129       0.99999999962346120     
   6.1799999999999127       0.99999999965929354     
   6.1899999999999125       0.99999999969171605     
   6.1999999999999122       0.99999999972105302     
   6.2099999999999120       0.99999999974759846     
   6.2199999999999118       0.99999999977161746     
   6.2299999999999116       0.99999999979335108     
   6.2399999999999114       0.99999999981301635     
   6.2499999999999112       0.99999999983081012     
   6.2599999999999110       0.99999999984691057     
   6.2699999999999108       0.99999999986147892     
   6.2799999999999105       0.99999999987466115     
   6.2899999999999103       0.99999999988658861     
   6.2999999999999101       0.99999999989738120     
   6.3099999999999099       0.99999999990714672     
   6.3199999999999097       0.99999999991598276     
   6.3299999999999095       0.99999999992397814     
   6.3399999999999093       0.99999999993121247     
   6.3499999999999091       0.99999999993775834     
   6.3599999999999088       0.99999999994368161     
   6.3699999999999086       0.99999999994904087     
   6.3799999999999084       0.99999999995389033     
   6.3899999999999082       0.99999999995827826     
   6.3999999999999080       0.99999999996224853     
   6.4099999999999078       0.99999999996584110     
   6.4199999999999076       0.99999999996909184     
   6.4299999999999073       0.99999999997203304     
   6.4399999999999071       0.99999999997469446     
   6.4499999999999069       0.99999999997710276     
   6.4599999999999067       0.99999999997928157     
   6.4699999999999065       0.99999999998125322     
   6.4799999999999063       0.99999999998303712     
   6.4899999999999061       0.99999999998465139     
   6.4999999999999059       0.99999999998611200     
   6.5099999999999056       0.99999999998743361     
   6.5199999999999054       0.99999999998862954     
   6.5299999999999052       0.99999999998971145     
   6.5399999999999050       0.99999999999069056     
   6.5499999999999048       0.99999999999157652     
   6.5599999999999046       0.99999999999237810     
   6.5699999999999044       0.99999999999310341     
   6.5799999999999041       0.99999999999375966     
   6.5899999999999039       0.99999999999435352     
   6.5999999999999037       0.99999999999489086     
   6.6099999999999035       0.99999999999537703     
   6.6199999999999033       0.99999999999581712     
   6.6299999999999031       0.99999999999621503     
   6.6399999999999029       0.99999999999657518     
   6.6499999999999027       0.99999999999690115     
   6.6599999999999024       0.99999999999719602     
   6.6699999999999022       0.99999999999746292     
   6.6799999999999020       0.99999999999770417     
   6.6899999999999018       0.99999999999792266     
   6.6999999999999016       0.99999999999812028     
   6.7099999999999014       0.99999999999829925     
   6.7199999999999012       0.99999999999846123     
   6.7299999999999010       0.99999999999860745     
   6.7399999999999007       0.99999999999874012     
   6.7499999999999005       0.99999999999886002     
   6.7599999999999003       0.99999999999896849     
   6.7699999999999001       0.99999999999906664     
   6.7799999999998999       0.99999999999915545     
   6.7899999999998997       0.99999999999923583     
   6.7999999999998995       0.99999999999930855     
   6.8099999999998992       0.99999999999937428     
   6.8199999999998990       0.99999999999943379     
   6.8299999999998988       0.99999999999948763     
   6.8399999999998986       0.99999999999953648     
   6.8499999999998984       0.99999999999958045     
   6.8599999999998982       0.99999999999962041     
   6.8699999999998980       0.99999999999965672     
   6.8799999999998978       0.99999999999968925     
   6.8899999999998975       0.99999999999971889     
   6.8999999999998973       0.99999999999974554     
   6.9099999999998971       0.99999999999976963     
   6.9199999999998969       0.99999999999979172     
   6.9299999999998967       0.99999999999981137     
   6.9399999999998965       0.99999999999982947     
   6.9499999999998963       0.99999999999984557     
   6.9599999999998960       0.99999999999986022     
   6.9699999999998958       0.99999999999987355     
   6.9799999999998956       0.99999999999988554     
   6.9899999999998954       0.99999999999989653     
   6.9999999999998952       0.99999999999990641     
   7.0099999999998950       0.99999999999991529     
   7.0199999999998948       0.99999999999992328     
   7.0299999999998946       0.99999999999993072     
   7.0399999999998943       0.99999999999993738     
   7.0499999999998941       0.99999999999994316     
   7.0599999999998939       0.99999999999994860     
   7.0699999999998937       0.99999999999995348     
   7.0799999999998935       0.99999999999995792     
   7.0899999999998933       0.99999999999996192     
   7.0999999999998931       0.99999999999996547     
   7.1099999999998929       0.99999999999996891     
   7.1199999999998926       0.99999999999997169     
   7.1299999999998924       0.99999999999997435     
   7.1399999999998922       0.99999999999997691     
   7.1499999999998920       0.99999999999997913     
   7.1599999999998918       0.99999999999998102     
   7.1699999999998916       0.99999999999998279     
   7.1799999999998914       0.99999999999998446     
   7.1899999999998911       0.99999999999998590     
   7.1999999999998909       0.99999999999998723     
   7.2099999999998907       0.99999999999998845     
   7.2199999999998905       0.99999999999998945     
   7.2299999999998903       0.99999999999999067     
   7.2399999999998901       0.99999999999999156     
   7.2499999999998899       0.99999999999999212     
   7.2599999999998897       0.99999999999999301     
   7.2699999999998894       0.99999999999999378     
   7.2799999999998892       0.99999999999999423     
   7.2899999999998890       0.99999999999999478     
   7.2999999999998888       0.99999999999999523     
   7.3099999999998886       0.99999999999999567     
   7.3199999999998884       0.99999999999999611     
   7.3299999999998882       0.99999999999999645     
   7.3399999999998879       0.99999999999999689     
   7.3499999999998877       0.99999999999999700     
   7.3599999999998875       0.99999999999999734     
   7.3699999999998873       0.99999999999999778     
   7.3799999999998871       0.99999999999999789     
   7.3899999999998869       0.99999999999999789     
   7.3999999999998867       0.99999999999999822     
   7.4099999999998865       0.99999999999999833     
   7.4199999999998862       0.99999999999999867     
   7.4299999999998860       0.99999999999999867     
   7.4399999999998858       0.99999999999999878     
   7.4499999999998856       0.99999999999999878     
   7.4599999999998854       0.99999999999999911     
   7.4699999999998852       0.99999999999999911     
   7.4799999999998850       0.99999999999999922     
   7.4899999999998847       0.99999999999999922     
   7.4999999999998845       0.99999999999999922     
   7.5099999999998843       0.99999999999999922     
   7.5199999999998841       0.99999999999999956     
   7.5299999999998839       0.99999999999999956     
   7.5399999999998837       0.99999999999999956     
   7.5499999999998835       0.99999999999999956     
   7.5599999999998833       0.99999999999999956     
   7.5699999999998830       0.99999999999999967     
   7.5799999999998828       0.99999999999999967     
   7.5899999999998826       0.99999999999999967     
   7.5999999999998824       0.99999999999999967     
   7.6099999999998822       0.99999999999999967     
   7.6199999999998820       0.99999999999999967     
   7.6299999999998818       0.99999999999999967     
   7.6399999999998816       0.99999999999999967     
   7.6499999999998813       0.99999999999999967     
   7.6599999999998811       0.99999999999999967     
   7.6699999999998809       0.99999999999999967     
   7.6799999999998807        1.0000000000000000     
   7.6899999999998805        1.0000000000000000     
   7.6999999999998803        1.0000000000000000     
   7.7099999999998801        1.0000000000000000     
   7.7199999999998798        1.0000000000000000     
   7.7299999999998796        1.0000000000000000     
   7.7399999999998794        1.0000000000000000     
   7.7499999999998792        1.0000000000000000     
   7.7599999999998790        1.0000000000000000     
   7.7699999999998788        1.0000000000000000     
   7.7799999999998786        1.0000000000000000     
   7.7899999999998784        1.0000000000000000     
   7.7999999999998781        1.0000000000000000     
   7.8099999999998779        1.0000000000000000     
   7.8199999999998777        1.0000000000000000     
   7.8299999999998775        1.0000000000000000     
   7.8399999999998773        1.0000000000000000     
   7.8499999999998771        1.0000000000000000     
   7.8599999999998769        1.0000000000000000     
   7.8699999999998766        1.0000000000000000     
   7.8799999999998764        1.0000000000000000     
   7.8899999999998762        1.0000000000000000     
   7.8999999999998760        1.0000000000000000     
   7.9099999999998758        1.0000000000000000     
   7.9199999999998756        1.0000000000000000     
   7.9299999999998754        1.0000000000000000     
   7.9399999999998752        1.0000000000000000     
   7.9499999999998749        1.0000000000000000     
   7.9599999999998747        1.0000000000000000     
   7.9699999999998745        1.0000000000000000     
   7.9799999999998743        1.0000000000000000     
   7.9899999999998741        1.0000000000000000     
   7.9999999999998739        1.0000000000000000     
   8.0099999999998737        1.0000000000000000     
   8.0199999999998735        1.0000000000000000     
   8.0299999999998732        1.0000000000000000     
   8.0399999999998730        1.0000000000000000     
   8.0499999999998728        1.0000000000000000     
   8.0599999999998726        1.0000000000000000     
   8.0699999999998724        1.0000000000000000     
   8.0799999999998722        1.0000000000000000     
   8.0899999999998720        1.0000000000000000     
   8.0999999999998717        1.0000000000000000     
   8.1099999999998715        1.0000000000000000     
   8.1199999999998713        1.0000000000000000     
   8.1299999999998711        1.0000000000000000     
   8.1399999999998709        1.0000000000000000     
   8.1499999999998707        1.0000000000000000     
   8.1599999999998705        1.0000000000000000     
   8.1699999999998703        1.0000000000000000     
   8.1799999999998700        1.0000000000000000     
   8.1899999999998698        1.0000000000000000     
   8.1999999999998696        1.0000000000000000     
   8.2099999999998694        1.0000000000000000     
   8.2199999999998692        1.0000000000000000     
   8.2299999999998690        1.0000000000000000     
   8.2399999999998688        1.0000000000000000     
   8.2499999999998685        1.0000000000000000     
   8.2599999999998683        1.0000000000000000     
   8.2699999999998681        1.0000000000000000     
   8.2799999999998679        1.0000000000000000     
   8.2899999999998677        1.0000000000000000     
   8.2999999999998675        1.0000000000000000     
   8.3099999999998673        1.0000000000000000     
   8.3199999999998671        1.0000000000000000     
   8.3299999999998668        1.0000000000000000     
   8.3399999999998666        1.0000000000000000     
   8.3499999999998664        1.0000000000000000     
   8.3599999999998662        1.0000000000000000     
   8.3699999999998660        1.0000000000000000     
   8.3799999999998658        1.0000000000000000     
   8.3899999999998656        1.0000000000000000     
   8.3999999999998654        1.0000000000000000     
   8.4099999999998651        1.0000000000000000     
   8.4199999999998649        1.0000000000000000     
   8.4299999999998647        1.0000000000000000     
   8.4399999999998645        1.0000000000000000     
   8.4499999999998643        1.0000000000000000     
   8.4599999999998641        1.0000000000000000     
   8.4699999999998639        1.0000000000000000     
   8.4799999999998636        1.0000000000000000     
   8.4899999999998634        1.0000000000000000     
   8.4999999999998632        1.0000000000000000     
   8.5099999999998630        1.0000000000000000     
   8.5199999999998628        1.0000000000000000     
   8.5299999999998626        1.0000000000000000     
   8.5399999999998624        1.0000000000000000     
   8.5499999999998622        1.0000000000000000     
   8.5599999999998619        1.0000000000000000     
   8.5699999999998617        1.0000000000000000     
   8.5799999999998615        1.0000000000000000     
   8.5899999999998613        1.0000000000000000     
   8.5999999999998611        1.0000000000000000     
   8.6099999999998609        1.0000000000000000     
   8.6199999999998607        1.0000000000000000     
   8.6299999999998604        1.0000000000000000     
   8.6399999999998602        1.0000000000000000     
   8.6499999999998600        1.0000000000000000     
   8.6599999999998598        1.0000000000000000     
   8.6699999999998596        1.0000000000000000     
   8.6799999999998594        1.0000000000000000     
   8.6899999999998592        1.0000000000000000     
   8.6999999999998590        1.0000000000000000     
   8.7099999999998587        1.0000000000000000     
   8.7199999999998585        1.0000000000000000     
   8.7299999999998583        1.0000000000000000     
   8.7399999999998581        1.0000000000000000     
   8.7499999999998579        1.0000000000000000     
   8.7599999999998577        1.0000000000000000     
   8.7699999999998575        1.0000000000000000     
   8.7799999999998573        1.0000000000000000     
   8.7899999999998570        1.0000000000000000     
   8.7999999999998568        1.0000000000000000     
   8.8099999999998566        1.0000000000000000     
   8.8199999999998564        1.0000000000000000     
   8.8299999999998562        1.0000000000000000     
   8.8399999999998560        1.0000000000000000     
   8.8499999999998558        1.0000000000000000     
   8.8599999999998555        1.0000000000000000     
   8.8699999999998553        1.0000000000000000     
   8.8799999999998551        1.0000000000000000     
   8.8899999999998549        1.0000000000000000     
   8.8999999999998547        1.0000000000000000     
   8.9099999999998545        1.0000000000000000     
   8.9199999999998543        1.0000000000000000     
   8.9299999999998541        1.0000000000000000     
   8.9399999999998538        1.0000000000000000     
   8.9499999999998536        1.0000000000000000     
   8.9599999999998534        1.0000000000000000     
   8.9699999999998532        1.0000000000000000     
   8.9799999999998530        1.0000000000000000     
   8.9899999999998528        1.0000000000000000     
   8.9999999999998526        1.0000000000000000     
   9.0099999999998523        1.0000000000000000     
   9.0199999999998521        1.0000000000000000     
   9.0299999999998519        1.0000000000000000     
   9.0399999999998517        1.0000000000000000     
   9.0499999999998515        1.0000000000000000     
   9.0599999999998513        1.0000000000000000     
   9.0699999999998511        1.0000000000000000     
   9.0799999999998509        1.0000000000000000     
   9.0899999999998506        1.0000000000000000     
   9.0999999999998504        1.0000000000000000     
   9.1099999999998502        1.0000000000000000     
   9.1199999999998500        1.0000000000000000     
   9.1299999999998498        1.0000000000000000     
   9.1399999999998496        1.0000000000000000     
   9.1499999999998494        1.0000000000000000     
   9.1599999999998492        1.0000000000000000     
   9.1699999999998489        1.0000000000000000     
   9.1799999999998487        1.0000000000000000     
   9.1899999999998485        1.0000000000000000     
   9.1999999999998483        1.0000000000000000     
   9.2099999999998481        1.0000000000000000     
   9.2199999999998479        1.0000000000000000     
   9.2299999999998477        1.0000000000000000     
   9.2399999999998474        1.0000000000000000     
   9.2499999999998472        1.0000000000000000     
   9.2599999999998470        1.0000000000000000     
   9.2699999999998468        1.0000000000000000     
   9.2799999999998466        1.0000000000000000     
   9.2899999999998464        1.0000000000000000     
   9.2999999999998462        1.0000000000000000     
   9.3099999999998460        1.0000000000000000     
   9.3199999999998457        1.0000000000000000     
   9.3299999999998455        1.0000000000000000     
   9.3399999999998453        1.0000000000000000     
   9.3499999999998451        1.0000000000000000     
   9.3599999999998449        1.0000000000000000     
   9.3699999999998447        1.0000000000000000     
   9.3799999999998445        1.0000000000000000     
   9.3899999999998442        1.0000000000000000     
   9.3999999999998440        1.0000000000000000     
   9.4099999999998438        1.0000000000000000     
   9.4199999999998436        1.0000000000000000     
   9.4299999999998434        1.0000000000000000     
   9.4399999999998432        1.0000000000000000     
   9.4499999999998430        1.0000000000000000     
   9.4599999999998428        1.0000000000000000     
   9.4699999999998425        1.0000000000000000     
   9.4799999999998423        1.0000000000000000     
   9.4899999999998421        1.0000000000000000     
   9.4999999999998419        1.0000000000000000     
   9.5099999999998417        1.0000000000000000     
   9.5199999999998415        1.0000000000000000     
   9.5299999999998413        1.0000000000000000     
   9.5399999999998411        1.0000000000000000     
   9.5499999999998408        1.0000000000000000     
   9.5599999999998406        1.0000000000000000     
   9.5699999999998404        1.0000000000000000     
   9.5799999999998402        1.0000000000000000     
   9.5899999999998400        1.0000000000000000     
   9.5999999999998398        1.0000000000000000     
   9.6099999999998396        1.0000000000000000     
   9.6199999999998393        1.0000000000000000     
   9.6299999999998391        1.0000000000000000     
   9.6399999999998389        1.0000000000000000     
   9.6499999999998387        1.0000000000000000     
   9.6599999999998385        1.0000000000000000     
   9.6699999999998383        1.0000000000000000     
   9.6799999999998381        1.0000000000000000     
   9.6899999999998379        1.0000000000000000     
   9.6999999999998376        1.0000000000000000     
   9.7099999999998374        1.0000000000000000     
   9.7199999999998372        1.0000000000000000     
   9.7299999999998370        1.0000000000000000     
   9.7399999999998368        1.0000000000000000     
   9.7499999999998366        1.0000000000000000     
   9.7599999999998364        1.0000000000000000     
   9.7699999999998361        1.0000000000000000     
   9.7799999999998359        1.0000000000000000     
   9.7899999999998357        1.0000000000000000     
   9.7999999999998355        1.0000000000000000     
   9.8099999999998353        1.0000000000000000     
   9.8199999999998351        1.0000000000000000     
   9.8299999999998349        1.0000000000000000     
   9.8399999999998347        1.0000000000000000     
   9.8499999999998344        1.0000000000000000     
   9.8599999999998342        1.0000000000000000     
   9.8699999999998340        1.0000000000000000     
   9.8799999999998338        1.0000000000000000     
   9.8899999999998336        1.0000000000000000     
   9.8999999999998334        1.0000000000000000     
   9.9099999999998332        1.0000000000000000     
   9.9199999999998330        1.0000000000000000     
   9.9299999999998327        1.0000000000000000     
   9.9399999999998325        1.0000000000000000     
   9.9499999999998323        1.0000000000000000     
   9.9599999999998321        1.0000000000000000     
   9.9699999999998319        1.0000000000000000     
   9.9799999999998317        1.0000000000000000     
   9.9899999999998315        1.0000000000000000     
   9.9999999999998312        1.0000000000000000     
