   0.0000000000000000        1.1237424438161419E-019
   1.0000000000000000E-002   1.0253527986594861E-002
   2.0000000000000000E-002   2.0489547448500452E-002
   2.9999999999999999E-002   3.0690644400798845E-002
   4.0000000000000001E-002   4.0839593433955192E-002
   5.0000000000000003E-002   5.0919450717314650E-002
   6.0000000000000005E-002   6.0913645397780276E-002
   7.0000000000000007E-002   7.0806068760666252E-002
   8.0000000000000002E-002   8.0581160451306269E-002
   8.9999999999999997E-002   9.0223990988199554E-002
   9.9999999999999992E-002   9.9720339740519359E-002
  0.10999999999999999       0.10905676750347648     
  0.11999999999999998       0.11822068279190849     
  0.12999999999999998       0.12720040099122623     
  0.13999999999999999       0.13598519555878189     
  0.14999999999999999       0.14456534055846357     
  0.16000000000000000       0.15293214393488055     
  0.17000000000000001       0.16107797108645042     
  0.18000000000000002       0.16899625847261160     
  0.19000000000000003       0.17668151718137526     
  0.20000000000000004       0.18412932658084624     
  0.21000000000000005       0.19133631837333434     
  0.22000000000000006       0.19830015155487590     
  0.23000000000000007       0.20501947894903297     
  0.24000000000000007       0.21149390612568961     
  0.25000000000000006       0.21772394362888836     
  0.26000000000000006       0.22371095351988823     
  0.27000000000000007       0.22945709129168379     
  0.28000000000000008       0.23496524422987394     
  0.29000000000000009       0.24023896728402902     
  0.30000000000000010       0.24528241747670362     
  0.31000000000000011       0.25010028781783322     
  0.32000000000000012       0.25469774161479408     
  0.33000000000000013       0.25908034797744423     
  0.34000000000000014       0.26325401921739006     
  0.35000000000000014       0.26722495073581670     
  0.36000000000000015       0.27099956388814556     
  0.37000000000000016       0.27458445220986022     
  0.38000000000000017       0.27798633128868910     
  0.39000000000000018       0.28121199247601875     
  0.40000000000000019       0.28426826054648008     
  0.41000000000000020       0.28716195533998901     
  0.42000000000000021       0.28989985735571971     
  0.43000000000000022       0.29248867721257343     
  0.44000000000000022       0.29493502884545547     
  0.45000000000000023       0.29724540627067064     
  0.46000000000000024       0.29942616372620884     
  0.47000000000000025       0.30148349897293925     
  0.48000000000000026       0.30342343952979683     
  0.49000000000000027       0.30525183160912589     
  0.50000000000000022       0.30697433151647124     
  0.51000000000000023       0.30859639928148536     
  0.52000000000000024       0.31012329429242597     
  0.53000000000000025       0.31156007271525005     
  0.54000000000000026       0.31291158648884471     
  0.55000000000000027       0.31418248370001173     
  0.56000000000000028       0.31537721015483317     
  0.57000000000000028       0.31650001197662053     
  0.58000000000000029       0.31755493907447341     
  0.59000000000000030       0.31854584934015645     
  0.60000000000000031       0.31947641344445016     
  0.61000000000000032       0.32035012011705910     
  0.62000000000000033       0.32117028180649881     
  0.63000000000000034       0.32194004062801745     
  0.64000000000000035       0.32266237451849122     
  0.65000000000000036       0.32334010352732956     
  0.66000000000000036       0.32397589618168560     
  0.67000000000000037       0.32457227587280923     
  0.68000000000000038       0.32513162721805067     
  0.69000000000000039       0.32565620236002457     
  0.70000000000000040       0.32614812717069158     
  0.71000000000000041       0.32660940733372368     
  0.72000000000000042       0.32704193428347150     
  0.73000000000000043       0.32744749098326809     
  0.74000000000000044       0.32782775752964222     
  0.75000000000000044       0.32818431657242375     
  0.76000000000000045       0.32851865854363033     
  0.77000000000000046       0.32883218669058784     
  0.78000000000000047       0.32912622191090818     
  0.79000000000000048       0.32940200738880993     
  0.80000000000000049       0.32966071303384831     
  0.81000000000000050       0.32990343972443703     
  0.82000000000000051       0.33013122335965928     
  0.83000000000000052       0.33034503872373439     
  0.84000000000000052       0.33054580316829735     
  0.85000000000000053       0.33073438011816170     
  0.86000000000000054       0.33091158240674390     
  0.87000000000000055       0.33107817544764961     
  0.88000000000000056       0.33123488024915521     
  0.89000000000000057       0.33138237627851452     
  0.90000000000000058       0.33152130418308384     
  0.91000000000000059       0.33165226837533174     
  0.92000000000000060       0.33177583948875838     
  0.93000000000000060       0.33189255671173573     
  0.94000000000000061       0.33200293000617614     
  0.95000000000000062       0.33210744221785243     
  0.96000000000000063       0.33220655108505581     
  0.97000000000000064       0.33230069115216898     
  0.98000000000000065       0.33239027559455286     
  0.99000000000000066       0.33247569796101994     
   1.0000000000000007       0.33255733384001435     
   1.0100000000000007       0.33263554245544663     
   1.0200000000000007       0.33271066819800704     
   1.0300000000000007       0.33278304209760456     
   1.0400000000000007       0.33285298324247542     
   1.0500000000000007       0.33292080015033099     
   1.0600000000000007       0.33298679209682502     
   1.0700000000000007       0.33305125040648720     
   1.0800000000000007       0.33311445971116016     
   1.0900000000000007       0.33317669918090165     
   1.1000000000000008       0.33323824373220828     
   1.1100000000000008       0.33329936521835107     
   1.1200000000000008       0.33336033360657047     
   1.1300000000000008       0.33342141814678555     
   1.1400000000000008       0.33348288853648506     
   1.1500000000000008       0.33354501608638865     
   1.1600000000000008       0.33360807489149896     
   1.1700000000000008       0.33367234301211174     
   1.1800000000000008       0.33373810366939227     
   1.1900000000000008       0.33380564646011401     
   1.2000000000000008       0.33387526859518052     
   1.2100000000000009       0.33394727616659753     
   1.2200000000000009       0.33402198544756073     
   1.2300000000000009       0.33409972423039846     
   1.2400000000000009       0.33418083320713460     
   1.2500000000000009       0.33426566739746694     
   1.2600000000000009       0.33435459762903957     
   1.2700000000000009       0.33444801207487412     
   1.2800000000000009       0.33454631785290534     
   1.2900000000000009       0.33464994269255821     
   1.3000000000000009       0.33475933667333618     
   1.3100000000000009       0.33487497404036914     
   1.3200000000000010       0.33499735510184842     
   1.3300000000000010       0.33512700821322200     
   1.3400000000000010       0.33526449185292057     
   1.3500000000000010       0.33541039679426360     
   1.3600000000000010       0.33556534837800928     
   1.3700000000000010       0.33573000888975907     
   1.3800000000000010       0.33590508004613412     
   1.3900000000000010       0.33609130559323303     
   1.4000000000000010       0.33628947402037973     
   1.4100000000000010       0.33650042139161157     
   1.4200000000000010       0.33672503429657413     
   1.4300000000000010       0.33696425292167653     
   1.4400000000000011       0.33721907424127240     
   1.4500000000000011       0.33749055532745004     
   1.4600000000000011       0.33777981677555657     
   1.4700000000000011       0.33808804624091748     
   1.4800000000000011       0.33841650208026902     
   1.4900000000000011       0.33876651708918826     
   1.5000000000000011       0.33913950232424733     
   1.5100000000000011       0.33953695099567610     
   1.5200000000000011       0.33996044241299878     
   1.5300000000000011       0.34041164596235335     
   1.5400000000000011       0.34089232508995587     
   1.5500000000000012       0.34140434126143476     
   1.5600000000000012       0.34194965786148940     
   1.5700000000000012       0.34253034399243631     
   1.5800000000000012       0.34314857812378169     
   1.5900000000000012       0.34380665153785922     
   1.6000000000000012       0.34450697150885645     
   1.6100000000000012       0.34525206414422627     
   1.6200000000000012       0.34604457680850714     
   1.6300000000000012       0.34688728004004682     
   1.6400000000000012       0.34778306886107324     
   1.6500000000000012       0.34873496337107451     
   1.6600000000000013       0.34974610850265914     
   1.6700000000000013       0.35081977280814586     
   1.6800000000000013       0.35195934613428670     
   1.6900000000000013       0.35316833603199299     
   1.7000000000000013       0.35445036273809066     
   1.7100000000000013       0.35580915255732298     
   1.7200000000000013       0.35724852946553315     
   1.7300000000000013       0.35877240474971167     
   1.7400000000000013       0.36038476449801427     
   1.7500000000000013       0.36208965475362936     
   1.7600000000000013       0.36389116415123057     
   1.7700000000000014       0.36579340386453246     
   1.7800000000000014       0.36780048470901333     
   1.7900000000000014       0.36991649126605647     
   1.8000000000000014       0.37214545292443546     
   1.8100000000000014       0.37449131177306888     
   1.8200000000000014       0.37695788732596552     
   1.8300000000000014       0.37954883811680923     
   1.8400000000000014       0.38226762026706562     
   1.8500000000000014       0.38511744320773222     
   1.8600000000000014       0.38810122282062270     
   1.8700000000000014       0.39122153235946744     
   1.8800000000000014       0.39448055161277740     
   1.8900000000000015       0.39788001487734492     
   1.9000000000000015       0.40142115842084086     
   1.9100000000000015       0.40510466822088936     
   1.9200000000000015       0.40893062887231207     
   1.9300000000000015       0.41289847464938484     
   1.9400000000000015       0.41700694379096714     
   1.9500000000000015       0.42125403713786730     
   1.9600000000000015       0.42563698228846442     
   1.9700000000000015       0.43015220444517349     
   1.9800000000000015       0.43479530509622638     
   1.9900000000000015       0.43956104961060477     
   2.0000000000000013       0.44444336471635876     
   2.0100000000000011       0.44943534668300056     
   2.0200000000000009       0.45452928083817157     
   2.0300000000000007       0.45971667282045520     
   2.0400000000000005       0.46498829170920875     
   2.0500000000000003       0.47033422488617349     
   2.0600000000000001       0.47574394418166421     
   2.0699999999999998       0.48120638255142550     
   2.0799999999999996       0.48671002023070226     
   2.0899999999999994       0.49224297903247555     
   2.0999999999999992       0.49779312320920571     
   2.1099999999999990       0.50334816509330838     
   2.1199999999999988       0.50889577358044091     
   2.1299999999999986       0.51442368342879108     
   2.1399999999999983       0.51991980332133014     
   2.1499999999999981       0.52537232067773088     
   2.1599999999999979       0.53076980130637830     
   2.1699999999999977       0.53610128214960706     
   2.1799999999999975       0.54135635558924633     
   2.1899999999999973       0.54652524403462754     
   2.1999999999999971       0.55159886380001688     
   2.2099999999999969       0.55656887758041773     
   2.2199999999999966       0.56142773514138011     
   2.2299999999999964       0.56616870213803061     
   2.2399999999999962       0.57078587726018759     
   2.2499999999999960       0.57527419815521985     
   2.2599999999999958       0.57962943680125256     
   2.2699999999999956       0.58384818518554549     
   2.2799999999999954       0.58792783228381640     
   2.2899999999999952       0.59186653343532658     
   2.2999999999999949       0.59566317326701379     
   2.3099999999999947       0.59931732334059917     
   2.3199999999999945       0.60282919568343529     
   2.3299999999999943       0.60619959332166662     
   2.3399999999999941       0.60942985886831236     
   2.3499999999999939       0.61252182213452933     
   2.3599999999999937       0.61547774763491070     
   2.3699999999999934       0.61830028275198679     
   2.3799999999999932       0.62099240721585580     
   2.3899999999999930       0.62355738444545017     
   2.3999999999999928       0.62599871519201655     
   2.4099999999999926       0.62832009382500720     
   2.4199999999999924       0.63052536750789334     
   2.4299999999999922       0.63261849842755369     
   2.4399999999999920       0.63460352916662444     
   2.4499999999999917       0.63648455124384307     
   2.4599999999999915       0.63826567679285795     
   2.4699999999999913       0.63995101330489346     
   2.4799999999999911       0.64154464132442035     
   2.4899999999999909       0.64305059495892991     
   2.4999999999999907       0.64447284504314084     
   2.5099999999999905       0.64581528478369310     
   2.5199999999999902       0.64708171770166434     
   2.5299999999999900       0.64827584768629010     
   2.5399999999999898       0.64940127097329292     
   2.5499999999999896       0.65046146986429243     
   2.5599999999999894       0.65145980800963799     
   2.5699999999999892       0.65239952708446836     
   2.5799999999999890       0.65328374469702299     
   2.5899999999999888       0.65411545337812527     
   2.5999999999999885       0.65489752051141459     
   2.6099999999999883       0.65563268907482264     
   2.6199999999999881       0.65632357907461958     
   2.6299999999999879       0.65697268956417643     
   2.6399999999999877       0.65758240114990263     
   2.6499999999999875       0.65815497889685226     
   2.6599999999999873       0.65869257555584071     
   2.6699999999999871       0.65919723504278493     
   2.6799999999999868       0.65967089610915741     
   2.6899999999999866       0.66011539615007708     
   2.6999999999999864       0.66053247510343038     
   2.7099999999999862       0.66092377939982005     
   2.7199999999999860       0.66129086592882202     
   2.7299999999999858       0.66163520599222370     
   2.7399999999999856       0.66195818921953264     
   2.7499999999999853       0.66226112742517729     
   2.7599999999999851       0.66254525839048117     
   2.7699999999999849       0.66281174955674393     
   2.7799999999999847       0.66306170161857358     
   2.7899999999999845       0.66329615200913772     
   2.7999999999999843       0.66351607827113546     
   2.8099999999999841       0.66372240130918880     
   2.8199999999999839       0.66391598852094169     
   2.8299999999999836       0.66409765680554711     
   2.8399999999999834       0.66426817544940853     
   2.8499999999999832       0.66442826888999218     
   2.8599999999999830       0.66457861935939122     
   2.8699999999999828       0.66471986941000327     
   2.8799999999999826       0.66485262432521586     
   2.8899999999999824       0.66497745441849010     
   2.8999999999999821       0.66509489722456150     
   2.9099999999999819       0.66520545958678079     
   2.9199999999999817       0.66530961964480695     
   2.9299999999999815       0.66540782872703885     
   2.9399999999999813       0.66550051315226355     
   2.9499999999999811       0.66558807594507297     
   2.9599999999999809       0.66567089846960059     
   2.9699999999999807       0.66574934198618363     
   2.9799999999999804       0.66582374913546138     
   2.9899999999999802       0.66589444535445563     
   2.9999999999999800       0.66596174022905485     
   3.0099999999999798       0.66602592878731370     
   3.0199999999999796       0.66608729273786393     
   3.0299999999999794       0.66614610165770405     
   3.0399999999999792       0.66620261413348225     
   3.0499999999999790       0.66625707886040997     
   3.0599999999999787       0.66630973570276530     
   3.0699999999999785       0.66636081671991265     
   3.0799999999999783       0.66641054716174131     
   3.0899999999999781       0.66645914643725834     
   3.0999999999999779       0.66650682906009695     
   3.1099999999999777       0.66655380557461852     
   3.1199999999999775       0.66660028346622802     
   3.1299999999999772       0.66664646805950911     
   3.1399999999999770       0.66669256340772698     
   3.1499999999999768       0.66673877317727293     
   3.1599999999999766       0.66678530153055060     
   3.1699999999999764       0.66683235401084884     
   3.1799999999999762       0.66688013843271887     
   3.1899999999999760       0.66692886578142907     
   3.1999999999999758       0.66697875112502991     
   3.2099999999999755       0.66703001454265465     
   3.2199999999999753       0.66708288207268407     
   3.2299999999999751       0.66713758668445522     
   3.2399999999999749       0.66719436927726028     
   3.2499999999999747       0.66725347971043369     
   3.2599999999999745       0.66731517786837824     
   3.2699999999999743       0.66737973476449364     
   3.2799999999999740       0.66744743368799109     
   3.2899999999999738       0.66751857139770188     
   3.2999999999999736       0.66759345936705150     
   3.3099999999999734       0.66767242508442226     
   3.3199999999999732       0.66775581341327239     
   3.3299999999999730       0.66784398801636458     
   3.3399999999999728       0.66793733284859724     
   3.3499999999999726       0.66803625372292919     
   3.3599999999999723       0.66814117995397904     
   3.3699999999999721       0.66825256608383310     
   3.3799999999999719       0.66837089369467717     
   3.3899999999999717       0.66849667331274487     
   3.3999999999999715       0.66863044640810754     
   3.4099999999999713       0.66877278749460445     
   3.4199999999999711       0.66892430633416844     
   3.4299999999999708       0.66908565024950395     
   3.4399999999999706       0.66925750654880589     
   3.4499999999999704       0.66944060506584691     
   3.4599999999999702       0.66963572081829603     
   3.4699999999999700       0.66984367678650913     
   3.4799999999999698       0.67006534681440844     
   3.4899999999999696       0.67030165863315350     
   3.4999999999999694       0.67055359700731587     
   3.5099999999999691       0.67082220700209649     
   3.5199999999999689       0.67110859736867912     
   3.5299999999999687       0.67141394404320975     
   3.5399999999999685       0.67173949375294617     
   3.5499999999999683       0.67208656772094966     
   3.5599999999999681       0.67245656545816146     
   3.5699999999999679       0.67285096862876570     
   3.5799999999999677       0.67327134497155516     
   3.5899999999999674       0.67371935225618340     
   3.5999999999999672       0.67419674224907811     
   3.6099999999999670       0.67470536465907349     
   3.6199999999999668       0.67524717102756082     
   3.6299999999999666       0.67582421852220609     
   3.6399999999999664       0.67643867358680021     
   3.6499999999999662       0.67709281539288579     
   3.6599999999999659       0.67778903903102317     
   3.6699999999999657       0.67852985837139379     
   3.6799999999999655       0.67931790851443841     
   3.6899999999999653       0.68015594774280042     
   3.6999999999999651       0.68104685887580374     
   3.7099999999999649       0.68199364991726508     
   3.7199999999999647       0.68299945387665162     
   3.7299999999999645       0.68406752763272660     
   3.7399999999999642       0.68520124969788709     
   3.7499999999999640       0.68640411673091595     
   3.7599999999999638       0.68767973863588816     
   3.7699999999999636       0.68903183207611640     
   3.7799999999999634       0.69046421222455967     
   3.7899999999999632       0.69198078256668660     
   3.7999999999999630       0.69358552256898998     
   3.8099999999999627       0.69528247302678592     
   3.8199999999999625       0.69707571890945619     
   3.8299999999999623       0.69896936953061095     
   3.8399999999999621       0.70096753588572014     
   3.8499999999999619       0.70307430502134682     
   3.8599999999999617       0.70529371132916052     
   3.8699999999999615       0.70762970469521180     
   3.8799999999999613       0.71008611548113310     
   3.8899999999999610       0.71266661636974371     
   3.8999999999999608       0.71537468117307090     
   3.9099999999999606       0.71821354077630817     
   3.9199999999999604       0.72118613647620311     
   3.9299999999999602       0.72429507106612379     
   3.9399999999999600       0.72754255812116642     
   3.9499999999999598       0.73093037004327799     
   3.9599999999999596       0.73445978553581126     
   3.9699999999999593       0.73813153728610781     
   3.9799999999999591       0.74194576073947616     
   3.9899999999999589       0.74590194494411177     
   3.9999999999999587       0.74999888652878621     
   4.0099999999999589       0.75423464793851280     
   4.0199999999999587       0.75860652109224347     
   4.0299999999999585       0.76311099763590529     
   4.0399999999999583       0.76774374693893066     
   4.0499999999999581       0.77249960291912023     
   4.0599999999999579       0.77737256067644633     
   4.0699999999999577       0.78235578377029935     
   4.0799999999999574       0.78744162278751662     
   4.0899999999999572       0.79262164562303239     
   4.0999999999999570       0.79788667963652016     
   4.1099999999999568       0.80322686556396727     
   4.1199999999999566       0.80863172276205286     
   4.1299999999999564       0.81409022505647355     
   4.1399999999999562       0.81959088616473785     
   4.1499999999999559       0.82512185338225796     
   4.1599999999999557       0.83067100796987259     
   4.1699999999999555       0.83622607047289732     
   4.1799999999999553       0.84177470904597251     
   4.1899999999999551       0.84730464876194622     
   4.1999999999999549       0.85280377985145039     
   4.2099999999999547       0.85826026285409640     
   4.2199999999999545       0.86366262876095812     
   4.2299999999999542       0.86899987238606180     
   4.2399999999999540       0.87426153741469692     
   4.2499999999999538       0.87943779182856652     
   4.2599999999999536       0.88451949269049857     
   4.2699999999999534       0.88949823957260776     
   4.2799999999999532       0.89436641621847857     
   4.2899999999999530       0.89911722033057384     
   4.2999999999999527       0.90374468165752730     
   4.3099999999999525       0.90824366881329210     
   4.3199999999999523       0.91260988548400590     
   4.3299999999999521       0.91683985686403358     
   4.3399999999999519       0.92093090730690974     
   4.3499999999999517       0.92488113027951491     
   4.3599999999999515       0.92868935176934908     
   4.3699999999999513       0.93235508831854386     
   4.3799999999999510       0.93587850084754887     
   4.3899999999999508       0.93926034539152414     
   4.3999999999999506       0.94250192180819126     
   4.4099999999999504       0.94560502143288916     
   4.4199999999999502       0.94857187456000636     
   4.4299999999999500       0.95140509852484623     
   4.4399999999999498       0.95410764705081386     
   4.4499999999999496       0.95668276141731845     
   4.4599999999999493       0.95913392389746310     
   4.4699999999999491       0.96146481381364779     
   4.4799999999999489       0.96367926646588309     
   4.4899999999999487       0.96578123510297731     
   4.4999999999999485       0.96777475603164731     
   4.5099999999999483       0.96966391689353582     
   4.5199999999999481       0.97145282808462674     
   4.5299999999999478       0.97314559724585914     
   4.5399999999999476       0.97474630671663487     
   4.5499999999999474       0.97625899381440739     
   4.5599999999999472       0.97768763378201518     
   4.5699999999999470       0.97903612522980288     
   4.5799999999999468       0.98030827789032016     
   4.5899999999999466       0.98150780249914993     
   4.5999999999999464       0.98263830261508678     
   4.6099999999999461       0.98370326819575149     
   4.6199999999999459       0.98470607075039185     
   4.6299999999999457       0.98564995989898818     
   4.6399999999999455       0.98653806117579823     
   4.6499999999999453       0.98737337492541599     
   4.6599999999999451       0.98815877615001113     
   4.6699999999999449       0.98889701517722550     
   4.6799999999999446       0.98959071902921103     
   4.6899999999999444       0.99024239338390529     
   4.6999999999999442       0.99085442503026788     
   4.7099999999999440       0.99142908472894264     
   4.7199999999999438       0.99196853039949973     
   4.7299999999999436       0.99247481056411646     
   4.7399999999999434       0.99294986798592089     
   4.7499999999999432       0.99339554344778624     
   4.7599999999999429       0.99381357962437755     
   4.7699999999999427       0.99420562500663323     
   4.7799999999999425       0.99457323784363239     
   4.7899999999999423       0.99491789007199349     
   4.7999999999999421       0.99524097120763022     
   4.8099999999999419       0.99554379217882971     
   4.8199999999999417       0.99582758908334690     
   4.8299999999999415       0.99609352685543240     
   4.8399999999999412       0.99634270283157633     
   4.8499999999999410       0.99657615020629520     
   4.8599999999999408       0.99679484137142127     
   4.8699999999999406       0.99699969113425790     
   4.8799999999999404       0.99719155981159213     
   4.8899999999999402       0.99737125619792122     
   4.8999999999999400       0.99753954040744086     
   4.9099999999999397       0.99769712659032261     
   4.9199999999999395       0.99784468552462746     
   4.9299999999999393       0.99798284708589968     
   4.9399999999999391       0.99811220259701694     
   4.9499999999999389       0.99823330706133573     
   4.9599999999999387       0.99834668128249937     
   4.9699999999999385       0.99845281387456231     
   4.9799999999999383       0.99855216316625173     
   4.9899999999999380       0.99864515900335793     
   4.9999999999999378       0.99873220445327160     
   5.0099999999999376       0.99881367741578619     
   5.0199999999999374       0.99888993214424315     
   5.0299999999999372       0.99896130068105304     
   5.0399999999999370       0.99902809421164596     
   5.0499999999999368       0.99909060434071784     
   5.0599999999999365       0.99914910429465653     
   5.0699999999999363       0.99920385005384749     
   5.0799999999999361       0.99925508141847397     
   5.0899999999999359       0.99930302301132035     
   5.0999999999999357       0.99934788522090778     
   5.1099999999999355       0.99938986508822991     
   5.1199999999999353       0.99942914714015207     
   5.1299999999999351       0.99946590417246350     
   5.1399999999999348       0.99950029798539131     
   5.1499999999999346       0.99953248007429696     
   5.1599999999999344       0.99956259227809952     
   5.1699999999999342       0.99959076738788877     
   5.1799999999999340       0.99961712971805472     
   5.1899999999999338       0.99964179564209765     
   5.1999999999999336       0.99966487409525007     
   5.2099999999999334       0.99968646704585973     
   5.2199999999999331       0.99970666993739676     
   5.2299999999999329       0.99972557210288260     
   5.2399999999999327       0.99974325715335766     
   5.2499999999999325       0.99975980334202053     
   5.2599999999999323       0.99977528390546466     
   5.2699999999999321       0.99978976738346959     
   5.2799999999999319       0.99980331791860977     
   5.2899999999999316       0.99981599553696399     
   5.2999999999999314       0.99982785641108041     
   5.3099999999999312       0.99983895310629334     
   5.3199999999999310       0.99984933481142224     
   5.3299999999999308       0.99985904755485155     
   5.3399999999999306       0.99986813440686106     
   5.3499999999999304       0.99987663566911866     
   5.3599999999999302       0.99988458905208688     
   5.3699999999999299       0.99989202984115266     
   5.3799999999999297       0.99989899105215485     
   5.3899999999999295       0.99990550357698982     
   5.3999999999999293       0.99991159631992554     
   5.4099999999999291       0.99991729632520487     
   5.4199999999999289       0.99992262889649597     
   5.4299999999999287       0.99992761770869520     
   5.4399999999999284       0.99993228491258124     
   5.4499999999999282       0.99993665123276865     
   5.4599999999999280       0.99994073605938461     
   5.4699999999999278       0.99994455753387423     
   5.4799999999999276       0.99994813262929327     
   5.4899999999999274       0.99995147722547273     
   5.4999999999999272       0.99995460617933374     
   5.5099999999999270       0.99995753339071680     
   5.5199999999999267       0.99996027186396230     
   5.5299999999999265       0.99996283376555517     
   5.5399999999999263       0.99996523047804586     
   5.5499999999999261       0.99996747265052888     
   5.5599999999999259       0.99996957024585997     
   5.5699999999999257       0.99997153258484772     
   5.5799999999999255       0.99997336838759709     
   5.5899999999999253       0.99997508581219918     
   5.5999999999999250       0.99997669249093590     
   5.6099999999999248       0.99997819556414058     
   5.6199999999999246       0.99997960171189459     
   5.6299999999999244       0.99998091718368054     
   5.6399999999999242       0.99998214782612760     
   5.6499999999999240       0.99998329910895933     
   5.6599999999999238       0.99998437614928992     
   5.6699999999999235       0.99998538373434431     
   5.6799999999999233       0.99998632634271678     
   5.6899999999999231       0.99998720816425912     
   5.6999999999999229       0.99998803311869555     
   5.7099999999999227       0.99998880487302921     
   5.7199999999999225       0.99998952685783538     
   5.7299999999999223       0.99999020228249602     
   5.7399999999999221       0.99999083414946244     
   5.7499999999999218       0.99999142526759155     
   5.7599999999999216       0.99999197826463027     
   5.7699999999999214       0.99999249559888259     
   5.7799999999999212       0.99999297957014288     
   5.7899999999999210       0.99999343232990956     
   5.7999999999999208       0.99999385589094780     
   5.8099999999999206       0.99999425213623205     
   5.8199999999999203       0.99999462282731599     
   5.8299999999999201       0.99999496961216117     
   5.8399999999999199       0.99999529403245901     
   5.8499999999999197       0.99999559753048572     
   5.8599999999999195       0.99999588145550977     
   5.8699999999999193       0.99999614706979090     
   5.8799999999999191       0.99999639555418984     
   5.8899999999999189       0.99999662801341571     
   5.8999999999999186       0.99999684548093926     
   5.9099999999999184       0.99999704892358299     
   5.9199999999999182       0.99999723924582218     
   5.9299999999999180       0.99999741729380320     
   5.9399999999999178       0.99999758385910520     
   5.9499999999999176       0.99999773968225947     
   5.9599999999999174       0.99999788545604051     
   5.9699999999999172       0.99999802182854658     
   5.9799999999999169       0.99999814940607934     
   5.9899999999999167       0.99999826875584086     
   5.9999999999999165       0.99999838040845390     
   6.0099999999999163       0.99999848486032095     
   6.0199999999999161       0.99999858257583141     
   6.0299999999999159       0.99999867398942577     
   6.0399999999999157       0.99999875950752737     
   6.0499999999999154       0.99999883951034840     
   6.0599999999999152       0.99999891435358113     
   6.0699999999999150       0.99999898436997869     
   6.0799999999999148       0.99999904987083410     
   6.0899999999999146       0.99999911114736528     
   6.0999999999999144       0.99999916847200832     
   6.1099999999999142       0.99999922209963055     
   6.1199999999999140       0.99999927226866114     
   6.1299999999999137       0.99999931920215346     
   6.1399999999999135       0.99999936310877535     
   6.1499999999999133       0.99999940418373712     
   6.1599999999999131       0.99999944260966001     
   6.1699999999999129       0.99999947855738747     
   6.1799999999999127       0.99999951218674443     
   6.1899999999999125       0.99999954364724875     
   6.1999999999999122       0.99999957307877596     
   6.2099999999999120       0.99999960061217985     
   6.2199999999999118       0.99999962636987572     
   6.2299999999999116       0.99999965046638339     
   6.2399999999999114       0.99999967300883830     
   6.2499999999999112       0.99999969409746481     
   6.2599999999999110       0.99999971382602471     
   6.2699999999999108       0.99999973228223205     
   6.2799999999999105       0.99999974954814530     
   6.2899999999999103       0.99999976570052918     
   6.2999999999999101       0.99999978081119856     
   6.3099999999999099       0.99999979494733660     
   6.3199999999999097       0.99999980817179335     
   6.3299999999999095       0.99999982054336600     
   6.3399999999999093       0.99999983211705956     
   6.3499999999999091       0.99999984294433142     
   6.3599999999999088       0.99999985307332073     
   6.3699999999999086       0.99999986254906126     
   6.3799999999999084       0.99999987141368329     
   6.3899999999999082       0.99999987970659954     
   6.3999999999999080       0.99999988746468105     
   6.4099999999999078       0.99999989472242057     
   6.4199999999999076       0.99999990151208717     
   6.4299999999999073       0.99999990786386783     
   6.4399999999999071       0.99999991380600317     
   6.4499999999999069       0.99999991936491262     
   6.4599999999999067       0.99999992456531139     
   6.4699999999999065       0.99999992943032090     
   6.4799999999999063       0.99999993398157117     
   6.4899999999999061       0.99999993823929823     
   6.4999999999999059       0.99999994222243138     
   6.5099999999999056       0.99999994594868025     
   6.5199999999999054       0.99999994943461223     
   6.5299999999999052       0.99999995269572617     
   6.5399999999999050       0.99999995574652101     
   6.5499999999999048       0.99999995860056090     
   6.5599999999999046       0.99999996127053536     
   6.5699999999999044       0.99999996376831490     
   6.5799999999999041       0.99999996610500530     
   6.5899999999999039       0.99999996829099569     
   6.5999999999999037       0.99999997033600474     
   6.6099999999999035       0.99999997224912496     
   6.6199999999999033       0.99999997403886265     
   6.6299999999999031       0.99999997571317445     
   6.6399999999999029       0.99999997727950474     
   6.6499999999999027       0.99999997874481794     
   6.6599999999999024       0.99999998011562852     
   6.6699999999999022       0.99999998139803148     
   6.6799999999999020       0.99999998259772871     
   6.6899999999999018       0.99999998372005339     
   6.6999999999999016       0.99999998476999641     
   6.7099999999999014       0.99999998575222493     
   6.7199999999999012       0.99999998667110690     
   6.7299999999999010       0.99999998753072761     
   6.7399999999999007       0.99999998833490844     
   6.7499999999999005       0.99999998908722532     
   6.7599999999999003       0.99999998979102311     
   6.7699999999999001       0.99999999044943066     
   6.7799999999998999       0.99999999106537585     
   6.7899999999998997       0.99999999164159659     
   6.7999999999998995       0.99999999218065527     
   6.8099999999998992       0.99999999268494844     
   6.8199999999998990       0.99999999315671806     
   6.8299999999998988       0.99999999359806180     
   6.8399999999998986       0.99999999401094219     
   6.8499999999998984       0.99999999439719456     
   6.8599999999998982       0.99999999475853629     
   6.8699999999998980       0.99999999509657422     
   6.8799999999998978       0.99999999541281104     
   6.8899999999998975       0.99999999570865261     
   6.8999999999998973       0.99999999598541445     
   6.9099999999998971       0.99999999624432734     
   6.9199999999998969       0.99999999648654192     
   6.9299999999998967       0.99999999671313533     
   6.9399999999998965       0.99999999692511521     
   6.9499999999998963       0.99999999712342369     
   6.9599999999998960       0.99999999730894273     
   6.9699999999998958       0.99999999748249735     
   6.9799999999998956       0.99999999764485858     
   6.9899999999998954       0.99999999779674864     
   6.9999999999998952       0.99999999793884298     
   7.0099999999998950       0.99999999807177320     
   7.0199999999998948       0.99999999819613050     
   7.0299999999998946       0.99999999831246733     
   7.0399999999998943       0.99999999842130116     
   7.0499999999998941       0.99999999852311650     
   7.0599999999998939       0.99999999861836519     
   7.0699999999998937       0.99999999870747092     
   7.0799999999998935       0.99999999879083001     
   7.0899999999998933       0.99999999886881297     
   7.0999999999998931       0.99999999894176661     
   7.1099999999998929       0.99999999901001546     
   7.1199999999998926       0.99999999907386228     
   7.1299999999998924       0.99999999913359183     
   7.1399999999998922       0.99999999918946891     
   7.1499999999998920       0.99999999924174254     
   7.1599999999998918       0.99999999929064487     
   7.1699999999998916       0.99999999933639350     
   7.1799999999998914       0.99999999937919126     
   7.1899999999998911       0.99999999941922912     
   7.1999999999998909       0.99999999945668483     
   7.2099999999998907       0.99999999949172480     
   7.2199999999998905       0.99999999952450525     
   7.2299999999998903       0.99999999955517138     
   7.2399999999998901       0.99999999958385954     
   7.2499999999998899       0.99999999961069763     
   7.2599999999998897       0.99999999963580477     
   7.2699999999998894       0.99999999965929309     
   7.2799999999998892       0.99999999968126618     
   7.2899999999998890       0.99999999970182218     
   7.2999999999998888       0.99999999972105258     
   7.3099999999998886       0.99999999973904297     
   7.3199999999998884       0.99999999975587273     
   7.3299999999998882       0.99999999977161702     
   7.3399999999998879       0.99999999978634613     
   7.3499999999998877       0.99999999980012566     
   7.3599999999998875       0.99999999981301624     
   7.3699999999998873       0.99999999982507515     
   7.3799999999998871       0.99999999983635668     
   7.3899999999998869       0.99999999984691046     
   7.3999999999998867       0.99999999985678356     
   7.4099999999998865       0.99999999986602006     
   7.4199999999998862       0.99999999987466082     
   7.4299999999998860       0.99999999988274446     
   7.4399999999998858       0.99999999989030652     
   7.4499999999998856       0.99999999989738086     
   7.4599999999998854       0.99999999990399913     
   7.4699999999998852       0.99999999991019051     
   7.4799999999998850       0.99999999991598243     
   7.4899999999998847       0.99999999992140109     
   7.4999999999998845       0.99999999992647004     
   7.5099999999998843       0.99999999993121236     
   7.5199999999998841       0.99999999993564881     
   7.5299999999998839       0.99999999993979893     
   7.5399999999998837       0.99999999994368161     
   7.5499999999998835       0.99999999994731370     
   7.5599999999998833       0.99999999995071154     
   7.5699999999998830       0.99999999995389033     
   7.5799999999998828       0.99999999995686395     
   7.5899999999998826       0.99999999995964606     
   7.5999999999998824       0.99999999996224853     
   7.6099999999998822       0.99999999996468336     
   7.6199999999998820       0.99999999996696110     
   7.6299999999998818       0.99999999996909184     
   7.6399999999998816       0.99999999997108502     
   7.6499999999998813       0.99999999997295008     
   7.6599999999998811       0.99999999997469446     
   7.6699999999998809       0.99999999997632649     
   7.6799999999998807       0.99999999997785327     
   7.6899999999998805       0.99999999997928157     
   7.6999999999998803       0.99999999998061773     
   7.7099999999998801       0.99999999998186784     
   7.7199999999998798       0.99999999998303712     
   7.7299999999998796       0.99999999998413103     
   7.7399999999998794       0.99999999998515454     
   7.7499999999998792       0.99999999998611200     
   7.7599999999998790       0.99999999998700773     
   7.7699999999998788       0.99999999998784572     
   7.7799999999998786       0.99999999998862954     
   7.7899999999998784       0.99999999998936273     
   7.7999999999998781       0.99999999999004885     
   7.8099999999998779       0.99999999999069056     
   7.8199999999998777       0.99999999999129097     
   7.8299999999998775       0.99999999999185274     
   7.8399999999998773       0.99999999999237810     
   7.8499999999998771       0.99999999999286970     
   7.8599999999998769       0.99999999999332945     
   7.8699999999998766       0.99999999999375966     
   7.8799999999998764       0.99999999999416211     
   7.8899999999998762       0.99999999999453859     
   7.8999999999998760       0.99999999999489086     
   7.9099999999998758       0.99999999999522038     
   7.9199999999998756       0.99999999999552858     
   7.9299999999998754       0.99999999999581712     
   7.9399999999998752       0.99999999999608680     
   7.9499999999998749       0.99999999999633904     
   7.9599999999998747       0.99999999999657518     
   7.9699999999998745       0.99999999999679601     
   7.9799999999998743       0.99999999999700284     
   7.9899999999998741       0.99999999999719602     
   7.9999999999998739       0.99999999999737688     
   8.0099999999998737       0.99999999999754607     
   8.0199999999998735       0.99999999999770417     
   8.0299999999998732       0.99999999999785238     
   8.0399999999998730       0.99999999999799094     
   8.0499999999998728       0.99999999999812028     
   8.0599999999998726       0.99999999999824152     
   8.0699999999998724       0.99999999999835509     
   8.0799999999998722       0.99999999999846123     
   8.0899999999998720       0.99999999999856037     
   8.0999999999998717       0.99999999999865319     
   8.1099999999998715       0.99999999999874012     
   8.1199999999998713       0.99999999999882139     
   8.1299999999998711       0.99999999999889733     
   8.1399999999998709       0.99999999999896849     
   8.1499999999998707       0.99999999999903499     
   8.1599999999998705       0.99999999999909717     
   8.1699999999998703       0.99999999999915545     
   8.1799999999998700       0.99999999999920997     
   8.1899999999998698       0.99999999999926070     
   8.1999999999998696       0.99999999999930855     
   8.2099999999998694       0.99999999999935307     
   8.2199999999998692       0.99999999999939482     
   8.2299999999998690       0.99999999999943379     
   8.2399999999998688       0.99999999999947031     
   8.2499999999998685       0.99999999999950451     
   8.2599999999998683       0.99999999999953648     
   8.2699999999998681       0.99999999999956624     
   8.2799999999998679       0.99999999999959421     
   8.2899999999998677       0.99999999999962041     
   8.2999999999998675       0.99999999999964484     
   8.3099999999998673       0.99999999999966782     
   8.3199999999998671       0.99999999999968925     
   8.3299999999998668       0.99999999999970923     
   8.3399999999998666       0.99999999999972788     
   8.3499999999998664       0.99999999999974554     
   8.3599999999998662       0.99999999999976197     
   8.3699999999998660       0.99999999999977718     
   8.3799999999998658       0.99999999999979172     
   8.3899999999998656       0.99999999999980516     
   8.3999999999998654       0.99999999999981759     
   8.4099999999998651       0.99999999999982947     
   8.4199999999998649       0.99999999999984057     
   8.4299999999998647       0.99999999999985079     
   8.4399999999998645       0.99999999999986022     
   8.4499999999998643       0.99999999999986944     
   8.4599999999998641       0.99999999999987788     
   8.4699999999998639       0.99999999999988554     
   8.4799999999998636       0.99999999999989297     
   8.4899999999998634       0.99999999999990008     
   8.4999999999998632       0.99999999999990641     
   8.5099999999998630       0.99999999999991251     
   8.5199999999998628       0.99999999999991795     
   8.5299999999998626       0.99999999999992328     
   8.5399999999998624       0.99999999999992817     
   8.5499999999998622       0.99999999999993294     
   8.5599999999998619       0.99999999999993738     
   8.5699999999998617       0.99999999999994138     
   8.5799999999998615       0.99999999999994504     
   8.5899999999998613       0.99999999999994860     
   8.5999999999998611       0.99999999999995204     
   8.6099999999998609       0.99999999999995515     
   8.6199999999998607       0.99999999999995792     
   8.6299999999998604       0.99999999999996059     
   8.6399999999998602       0.99999999999996314     
   8.6499999999998600       0.99999999999996547     
   8.6599999999998598       0.99999999999996769     
   8.6699999999998596       0.99999999999996980     
   8.6799999999998594       0.99999999999997169     
   8.6899999999998592       0.99999999999997347     
   8.6999999999998590       0.99999999999997524     
   8.7099999999998587       0.99999999999997691     
   8.7199999999998585       0.99999999999997835     
   8.7299999999998583       0.99999999999997968     
   8.7399999999998581       0.99999999999998102     
   8.7499999999998579       0.99999999999998224     
   8.7599999999998577       0.99999999999998357     
   8.7699999999998575       0.99999999999998446     
   8.7799999999998573       0.99999999999998546     
   8.7899999999998570       0.99999999999998634     
   8.7999999999998568       0.99999999999998723     
   8.8099999999998566       0.99999999999998812     
   8.8199999999998564       0.99999999999998890     
   8.8299999999998562       0.99999999999998945     
   8.8399999999998560       0.99999999999999023     
   8.8499999999998558       0.99999999999999079     
   8.8599999999998555       0.99999999999999156     
   8.8699999999998553       0.99999999999999201     
   8.8799999999998551       0.99999999999999256     
   8.8899999999998549       0.99999999999999301     
   8.8999999999998547       0.99999999999999345     
   8.9099999999998545       0.99999999999999389     
   8.9199999999998543       0.99999999999999423     
   8.9299999999998541       0.99999999999999467     
   8.9399999999998538       0.99999999999999512     
   8.9499999999998536       0.99999999999999523     
   8.9599999999998534       0.99999999999999556     
   8.9699999999998532       0.99999999999999600     
   8.9799999999998530       0.99999999999999611     
   8.9899999999998528       0.99999999999999645     
   8.9999999999998526       0.99999999999999656     
   9.0099999999998523       0.99999999999999689     
   9.0199999999998521       0.99999999999999700     
   9.0299999999998519       0.99999999999999734     
   9.0399999999998517       0.99999999999999734     
   9.0499999999998515       0.99999999999999745     
   9.0599999999998513       0.99999999999999778     
   9.0699999999998511       0.99999999999999789     
   9.0799999999998509       0.99999999999999789     
   9.0899999999998506       0.99999999999999822     
   9.0999999999998504       0.99999999999999822     
   9.1099999999998502       0.99999999999999833     
   9.1199999999998500       0.99999999999999833     
   9.1299999999998498       0.99999999999999867     
   9.1399999999998496       0.99999999999999867     
   9.1499999999998494       0.99999999999999867     
   9.1599999999998492       0.99999999999999878     
   9.1699999999998489       0.99999999999999878     
   9.1799999999998487       0.99999999999999878     
   9.1899999999998485       0.99999999999999911     
   9.1999999999998483       0.99999999999999911     
   9.2099999999998481       0.99999999999999911     
   9.2199999999998479       0.99999999999999922     
   9.2299999999998477       0.99999999999999922     
   9.2399999999998474       0.99999999999999922     
   9.2499999999998472       0.99999999999999922     
   9.2599999999998470       0.99999999999999922     
   9.2699999999998468       0.99999999999999956     
   9.2799999999998466       0.99999999999999956     
   9.2899999999998464       0.99999999999999956     
   9.2999999999998462       0.99999999999999956     
   9.3099999999998460       0.99999999999999956     
   9.3199999999998457       0.99999999999999956     
   9.3299999999998455       0.99999999999999956     
   9.3399999999998453       0.99999999999999956     
   9.3499999999998451       0.99999999999999967     
   9.3599999999998449       0.99999999999999967     
   9.3699999999998447       0.99999999999999967     
   9.3799999999998445       0.99999999999999967     
   9.3899999999998442       0.99999999999999967     
   9.3999999999998440       0.99999999999999967     
   9.4099999999998438       0.99999999999999967     
   9.4199999999998436       0.99999999999999967     
   9.4299999999998434       0.99999999999999967     
   9.4399999999998432       0.99999999999999967     
   9.4499999999998430       0.99999999999999967     
   9.4599999999998428       0.99999999999999967     
   9.4699999999998425       0.99999999999999967     
   9.4799999999998423       0.99999999999999967     
   9.4899999999998421       0.99999999999999967     
   9.4999999999998419       0.99999999999999967     
   9.5099999999998417       0.99999999999999967     
   9.5199999999998415        1.0000000000000000     
   9.5299999999998413        1.0000000000000000     
   9.5399999999998411        1.0000000000000000     
   9.5499999999998408        1.0000000000000000     
   9.5599999999998406        1.0000000000000000     
   9.5699999999998404        1.0000000000000000     
   9.5799999999998402        1.0000000000000000     
   9.5899999999998400        1.0000000000000000     
   9.5999999999998398        1.0000000000000000     
   9.6099999999998396        1.0000000000000000     
   9.6199999999998393        1.0000000000000000     
   9.6299999999998391        1.0000000000000000     
   9.6399999999998389        1.0000000000000000     
   9.6499999999998387        1.0000000000000000     
   9.6599999999998385        1.0000000000000000     
   9.6699999999998383        1.0000000000000000     
   9.6799999999998381        1.0000000000000000     
   9.6899999999998379        1.0000000000000000     
   9.6999999999998376        1.0000000000000000     
   9.7099999999998374        1.0000000000000000     
   9.7199999999998372        1.0000000000000000     
   9.7299999999998370        1.0000000000000000     
   9.7399999999998368        1.0000000000000000     
   9.7499999999998366        1.0000000000000000     
   9.7599999999998364        1.0000000000000000     
   9.7699999999998361        1.0000000000000000     
   9.7799999999998359        1.0000000000000000     
   9.7899999999998357        1.0000000000000000     
   9.7999999999998355        1.0000000000000000     
   9.8099999999998353        1.0000000000000000     
   9.8199999999998351        1.0000000000000000     
   9.8299999999998349        1.0000000000000000     
   9.8399999999998347        1.0000000000000000     
   9.8499999999998344        1.0000000000000000     
   9.8599999999998342        1.0000000000000000     
   9.8699999999998340        1.0000000000000000     
   9.8799999999998338        1.0000000000000000     
   9.8899999999998336        1.0000000000000000     
   9.8999999999998334        1.0000000000000000     
   9.9099999999998332        1.0000000000000000     
   9.9199999999998330        1.0000000000000000     
   9.9299999999998327        1.0000000000000000     
   9.9399999999998325        1.0000000000000000     
   9.9499999999998323        1.0000000000000000     
   9.9599999999998321        1.0000000000000000     
   9.9699999999998319        1.0000000000000000     
   9.9799999999998317        1.0000000000000000     
   9.9899999999998315        1.0000000000000000     
   9.9999999999998312        1.0000000000000000     
