   0.0000000000000000        2.2913094970192962E-019
   1.0000000000000000E-002   6.1580587850301712E-003
   2.0000000000000000E-002   1.2312338532893617E-002
   2.9999999999999999E-002   1.8459067583404445E-002
   4.0000000000000001E-002   2.4594489016371152E-002
   5.0000000000000003E-002   3.0714867986426631E-002
   6.0000000000000005E-002   3.6816499014973678E-002
   7.0000000000000007E-002   4.2895713223839255E-002
   8.0000000000000002E-002   4.8948885494345055E-002
   8.9999999999999997E-002   5.4972441534460820E-002
   9.9999999999999992E-002   6.0962864835575142E-002
  0.10999999999999999        6.6916703499224114E-002
  0.11999999999999998        7.2830576912944645E-002
  0.12999999999999998        7.8701182253290897E-002
  0.13999999999999999        8.4525300793060976E-002
  0.14999999999999999        9.0299803988950114E-002
  0.16000000000000000        9.6021659325242190E-002
  0.17000000000000001       0.10168793588882390     
  0.18000000000000002       0.10729580965077484     
  0.19000000000000003       0.11284256843009366     
  0.20000000000000004       0.11832561651579222     
  0.21000000000000005       0.12374247892461565     
  0.22000000000000006       0.12909080527304556     
  0.23000000000000007       0.13436837324400305     
  0.24000000000000007       0.13957309163076095     
  0.25000000000000006       0.14470300294298366     
  0.26000000000000006       0.14975628556249285     
  0.27000000000000007       0.15473125543928204     
  0.28000000000000008       0.15962636732139820     
  0.29000000000000009       0.16444021551556195     
  0.30000000000000010       0.16917153417870676     
  0.31000000000000011       0.17381919714398575     
  0.32000000000000012       0.17838221728810530     
  0.33000000000000013       0.18285974545010589     
  0.34000000000000014       0.18725106891481644     
  0.35000000000000014       0.19155560947717121     
  0.36000000000000015       0.19577292110629882     
  0.37000000000000016       0.19990268723078797     
  0.38000000000000017       0.20394471766874270     
  0.39000000000000018       0.20789894522814531     
  0.40000000000000019       0.21176542200464812     
  0.41000000000000020       0.21554431540519273     
  0.42000000000000021       0.21923590392678163     
  0.43000000000000022       0.22284057272036806     
  0.44000000000000022       0.22635880897012553     
  0.45000000000000023       0.22979119711836049     
  0.46000000000000024       0.23313841396604162     
  0.47000000000000025       0.23640122367837488     
  0.48000000000000026       0.23958047272404803     
  0.49000000000000027       0.24267708477576211     
  0.50000000000000022       0.24569205559845828     
  0.51000000000000023       0.24862644795028313     
  0.52000000000000024       0.25148138651982449     
  0.53000000000000025       0.25425805292154363     
  0.54000000000000026       0.25695768076963610     
  0.55000000000000027       0.25958155084879292     
  0.56000000000000028       0.26213098639856142     
  0.57000000000000028       0.26460734852621220     
  0.58000000000000029       0.26701203176122112     
  0.59000000000000030       0.26934645976274940     
  0.60000000000000031       0.27161208118976804     
  0.61000000000000032       0.27381036574184431     
  0.62000000000000033       0.27594280037701452     
  0.63000000000000034       0.27801088571168198     
  0.64000000000000035       0.28001613260605329     
  0.65000000000000036       0.28196005893732312     
  0.66000000000000036       0.28384418656158883     
  0.67000000000000037       0.28567003846435307     
  0.68000000000000038       0.28743913609847072     
  0.69000000000000039       0.28915299690745705     
  0.70000000000000040       0.29081313203126247     
  0.71000000000000041       0.29242104419090686     
  0.72000000000000042       0.29397822574771160     
  0.73000000000000043       0.29548615693235358     
  0.74000000000000044       0.29694630423848656     
  0.75000000000000044       0.29836011897531117     
  0.76000000000000045       0.29972903597317074     
  0.77000000000000046       0.30105447243601047     
  0.78000000000000047       0.30233782693437133     
  0.79000000000000048       0.30358047853248693     
  0.80000000000000049       0.30478378604297723     
  0.81000000000000050       0.30594908740262988     
  0.82000000000000051       0.30707769916279765     
  0.83000000000000052       0.30817091608799047     
  0.84000000000000052       0.30923001085636009     
  0.85000000000000053       0.31025623385589723     
  0.86000000000000054       0.31125081307030628     
  0.87000000000000055       0.31221495404871041     
  0.88000000000000056       0.31314983995351353     
  0.89000000000000057       0.31405663168096909     
  0.90000000000000058       0.31493646804919223     
  0.91000000000000059       0.31579046604859379     
  0.92000000000000060       0.31661972114993192     
  0.93000000000000060       0.31742530766539984     
  0.94000000000000061       0.31820827915840294     
  0.95000000000000062       0.31896966889790573     
  0.96000000000000063       0.31971049035344573     
  0.97000000000000064       0.32043173772714073     
  0.98000000000000065       0.32113438651922549     
  0.99000000000000066       0.32181939412385707     
   1.0000000000000007       0.32248770045214825     
   1.0100000000000007       0.32314022857954844     
   1.0200000000000007       0.32377788541491664     
   1.0300000000000007       0.32440156238876910     
   1.0400000000000007       0.32501213615837288     
   1.0500000000000007       0.32561046932751020     
   1.0600000000000007       0.32619741117887058     
   1.0700000000000007       0.32677379841717952     
   1.0800000000000007       0.32734045592129207     
   1.0900000000000007       0.32789819750359001     
   1.1000000000000008       0.32844782667513012     
   1.1100000000000008       0.32899013741508915     
   1.1200000000000008       0.32952591494311939     
   1.1300000000000008       0.33005593649332360     
   1.1400000000000008       0.33058097208859316     
   1.1500000000000008       0.33110178531413637     
   1.1600000000000008       0.33161913408903304     
   1.1700000000000008       0.33213377143471068     
   1.1800000000000008       0.33264644623923767     
   1.1900000000000008       0.33315790401635198     
   1.2000000000000008       0.33366888765813640     
   1.2100000000000009       0.33418013818025499     
   1.2200000000000009       0.33469239545862089     
   1.2300000000000009       0.33520639895636434     
   1.2400000000000009       0.33572288843991721     
   1.2500000000000009       0.33624260468296985     
   1.2600000000000009       0.33676629015702325     
   1.2700000000000009       0.33729468970716153     
   1.2800000000000009       0.33782855121162186     
   1.2900000000000009       0.33836862622361830     
   1.3000000000000009       0.33891567059380961     
   1.3100000000000009       0.33947044507166996     
   1.3200000000000010       0.34003371588392456     
   1.3300000000000010       0.34060625528807825     
   1.3400000000000010       0.34118884209893263     
   1.3500000000000010       0.34178226218585372     
   1.3600000000000010       0.34238730893839525     
   1.3700000000000010       0.34300478369773618     
   1.3800000000000010       0.34363549615122718     
   1.3900000000000010       0.34428026468716172     
   1.4000000000000010       0.34493991670674556     
   1.4100000000000010       0.34561528889002363     
   1.4200000000000010       0.34630722741237624     
   1.4300000000000010       0.34701658810800468     
   1.4400000000000011       0.34774423657664721     
   1.4500000000000011       0.34849104822958316     
   1.4600000000000011       0.34925790827082803     
   1.4700000000000011       0.35004571160922310     
   1.4800000000000011       0.35085536269700596     
   1.4900000000000011       0.35168777529024253     
   1.5000000000000011       0.35254387212642974     
   1.5100000000000011       0.35342458451440217     
   1.5200000000000011       0.35433085183160867     
   1.5300000000000011       0.35526362092375513     
   1.5400000000000011       0.35622384540171592     
   1.5500000000000012       0.35721248483067680     
   1.5600000000000012       0.35823050380641064     
   1.5700000000000012       0.35927887091371086     
   1.5800000000000012       0.36035855756208313     
   1.5900000000000012       0.36147053669395840     
   1.6000000000000012       0.36261578136091871     
   1.6100000000000012       0.36379526316367961     
   1.6200000000000012       0.36500995055194491     
   1.6300000000000012       0.36626080698062896     
   1.6400000000000012       0.36754878891947235     
   1.6500000000000012       0.36887484371361628     
   1.6600000000000013       0.37023990729339379     
   1.6700000000000013       0.37164490173231585     
   1.6800000000000013       0.37309073265311482     
   1.6900000000000013       0.37457828648261376     
   1.7000000000000013       0.37610842755726898     
   1.7100000000000013       0.37768199508236283     
   1.7200000000000013       0.37929979994905411     
   1.7300000000000013       0.38096262141488241     
   1.7400000000000013       0.38267120365470664     
   1.7500000000000013       0.38442625219063919     
   1.7600000000000013       0.38622843021111208     
   1.7700000000000014       0.38807835479093106     
   1.7800000000000014       0.38997659302589865     
   1.7900000000000014       0.39192365809741592     
   1.8000000000000014       0.39392000528428722     
   1.8100000000000014       0.39596602794082131     
   1.8200000000000014       0.39806205346215667     
   1.8300000000000014       0.40020833925956950     
   1.8400000000000014       0.40240506877028043     
   1.8500000000000014       0.40465234752796270     
   1.8600000000000014       0.40695019932173498     
   1.8700000000000014       0.40929856247283980     
   1.8800000000000014       0.41169728625947982     
   1.8900000000000015       0.41414612752132102     
   1.9000000000000015       0.41664474747600816     
   1.9100000000000015       0.41919270878052911     
   1.9200000000000015       0.42178947287055996     
   1.9300000000000015       0.42443439761075569     
   1.9400000000000015       0.42712673528855521     
   1.9500000000000015       0.42986563098316960     
   1.9600000000000015       0.43265012134021563     
   1.9700000000000015       0.43547913378076603     
   1.9800000000000015       0.43835148617150721     
   1.9900000000000015       0.44126588698019459     
   2.0000000000000013       0.44422093593761419     
   2.0100000000000011       0.44721512522397155     
   2.0200000000000009       0.45024684119384756     
   2.0300000000000007       0.45331436664979230     
   2.0400000000000005       0.45641588367021435     
   2.0500000000000003       0.45954947699254173     
   2.0600000000000001       0.46271313794770630     
   2.0699999999999998       0.46590476893694027     
   2.0799999999999996       0.46912218843671466     
   2.0899999999999994       0.47236313651243128     
   2.0999999999999992       0.47562528081633859     
   2.1099999999999990       0.47890622304013952     
   2.1199999999999988       0.48220350578787219     
   2.1299999999999986       0.48551461983016758     
   2.1399999999999983       0.48883701169673310     
   2.1499999999999981       0.49216809156016122     
   2.1599999999999979       0.49550524136084534     
   2.1699999999999977       0.49884582312005404     
   2.1799999999999975       0.50218718738601986     
   2.1899999999999973       0.50552668175636983     
   2.1999999999999971       0.50886165941933259     
   2.2099999999999969       0.51218948765593908     
   2.2199999999999966       0.51550755624587008     
   2.2299999999999964       0.51881328572074237     
   2.2399999999999962       0.52210413541036604     
   2.2499999999999960       0.52537761122988802     
   2.2599999999999958       0.52863127315867875     
   2.2699999999999956       0.53186274236530295     
   2.2799999999999954       0.53506970793682218     
   2.2899999999999952       0.53824993317501335     
   2.2999999999999949       0.54140126142676104     
   2.3099999999999947       0.54452162142074034     
   2.3199999999999945       0.54760903208763001     
   2.3299999999999943       0.55066160684623855     
   2.3399999999999941       0.55367755734312663     
   2.3499999999999939       0.55665519663847840     
   2.3599999999999937       0.55959294183594288     
   2.3699999999999934       0.56248931615906927     
   2.3799999999999932       0.56534295048150418     
   2.3899999999999930       0.56815258432245497     
   2.3999999999999928       0.57091706632287009     
   2.4099999999999926       0.57363535422143774     
   2.4199999999999924       0.57630651435263169     
   2.4299999999999922       0.57892972069190562     
   2.4399999999999920       0.58150425347546686     
   2.4499999999999917       0.58402949742399257     
   2.4599999999999915       0.58650493960122663     
   2.4699999999999913       0.58893016693941225     
   2.4799999999999911       0.59130486346432687     
   2.4899999999999909       0.59362880725293310     
   2.4999999999999907       0.59590186715670390     
   2.5099999999999905       0.59812399932327565     
   2.5199999999999902       0.60029524354853736     
   2.5299999999999900       0.60241571949025441     
   2.5399999999999898       0.60448562277328710     
   2.5499999999999896       0.60650522101511539     
   2.5599999999999894       0.60847484979887290     
   2.5699999999999892       0.61039490861951262     
   2.5799999999999890       0.61226585682698709     
   2.5899999999999888       0.61408820958854482     
   2.5999999999999885       0.61586253389040957     
   2.6099999999999883       0.61758944459726195     
   2.6199999999999881       0.61926960058608738     
   2.6299999999999879       0.62090370096912206     
   2.6399999999999877       0.62249248141884717     
   2.6499999999999875       0.62403671060624744     
   2.6599999999999873       0.62553718676188219     
   2.6699999999999871       0.62699473436772435     
   2.6799999999999868       0.62841020098624190     
   2.6899999999999866       0.62978445423174423     
   2.6999999999999864       0.63111837888776423     
   2.7099999999999862       0.63241287417297387     
   2.7199999999999860       0.63366885115706040     
   2.7299999999999858       0.63488723032696215     
   2.7399999999999856       0.63606893930294406     
   2.7499999999999853       0.63721491070319680     
   2.7599999999999851       0.63832608015489722     
   2.7699999999999849       0.63940338444905753     
   2.7799999999999847       0.64044775983592472     
   2.7899999999999845       0.64146014045723920     
   2.7999999999999843       0.64244145691125576     
   2.8099999999999841       0.64339263494614696     
   2.8199999999999839       0.64431459427707638     
   2.8299999999999836       0.64520824752213490     
   2.8399999999999834       0.64607449925211002     
   2.8499999999999832       0.64691424514900142     
   2.8599999999999830       0.64772837126814820     
   2.8699999999999828       0.64851775339881346     
   2.8799999999999826       0.64928325651812169     
   2.8899999999999824       0.65002573433326860     
   2.8999999999999821       0.65074602890702005     
   2.9099999999999819       0.65144497036165117     
   2.9199999999999817       0.65212337665655307     
   2.9299999999999815       0.65278205343491824     
   2.9399999999999813       0.65342179393503697     
   2.9499999999999811       0.65404337896192510     
   2.9599999999999809       0.65464757691516962     
   2.9699999999999807       0.65523514386904080     
   2.9799999999999804       0.65580682370113486     
   2.9899999999999802       0.65636334826593079     
   2.9999999999999800       0.65690543760991671     
   3.0099999999999798       0.65743380022503439     
   3.0199999999999796       0.65794913333742822     
   3.0299999999999794       0.65845212322862656     
   3.0399999999999792       0.65894344558647500     
   3.0499999999999790       0.65942376588330176     
   3.0599999999999787       0.65989373977892873     
   3.0699999999999785       0.66035401354635070     
   3.0799999999999783       0.66080522451799473     
   3.0899999999999781       0.66124800155062358     
   3.0999999999999779       0.66168296550713379     
   3.1099999999999777       0.66211072975351726     
   3.1199999999999775       0.66253190066949352     
   3.1299999999999772       0.66294707817129894     
   3.1399999999999770       0.66335685624535967     
   3.1499999999999768       0.66376182349152979     
   3.1599999999999766       0.66416256367476167     
   3.1699999999999764       0.66455965628409397     
   3.1799999999999762       0.66495367709793407     
   3.1899999999999760       0.66534519875468356     
   3.1999999999999758       0.66573479132773983     
   3.2099999999999755       0.66612302290405856     
   3.2199999999999753       0.66651046016540172     
   3.2299999999999751       0.66689766897144853     
   3.2399999999999749       0.66728521494401949     
   3.2499999999999747       0.66767366405157313     
   3.2599999999999745       0.66806358319325820     
   3.2699999999999743       0.66845554078167169     
   3.2799999999999740       0.66885010732357886     
   3.2899999999999738       0.66924785599775438     
   3.2999999999999736       0.66964936322908952     
   3.3099999999999734       0.67005520925810247     
   3.3199999999999732       0.67046597870490998     
   3.3299999999999730       0.67088226112668303     
   3.3399999999999728       0.67130465156754437     
   3.3499999999999726       0.67173375109979727     
   3.3599999999999723       0.67217016735529944     
   3.3699999999999721       0.67261451504570458     
   3.3799999999999719       0.67306741647020829     
   3.3899999999999717       0.67352950200932771     
   3.3999999999999715       0.67400141060314223     
   3.4099999999999713       0.67448379021228477     
   3.4199999999999711       0.67497729825988628     
   3.4299999999999708       0.67548260205250144     
   3.4399999999999706       0.67600037917792222     
   3.4499999999999704       0.67653131787764276     
   3.4599999999999702       0.67707611739158624     
   3.4699999999999700       0.67763548827250464     
   3.4799999999999698       0.67821015266738371     
   3.4899999999999696       0.67880084456288881     
   3.4999999999999694       0.67940830999184110     
   3.5099999999999691       0.68003330719743660     
   3.5199999999999689       0.68067660675179320     
   3.5299999999999687       0.68133899162520450     
   3.5399999999999685       0.68202125720230133     
   3.5499999999999683       0.68272421124116089     
   3.5599999999999681       0.68344867377118768     
   3.5699999999999679       0.68419547692545934     
   3.5799999999999677       0.68496546470304043     
   3.5899999999999674       0.68575949265663916     
   3.5999999999999672       0.68657842750081965     
   3.6099999999999670       0.68742314663588167     
   3.6199999999999668       0.68829453758238890     
   3.6299999999999666       0.68919349732130275     
   3.6399999999999664       0.69012093153455067     
   3.6499999999999662       0.69107775374090785     
   3.6599999999999659       0.69206488432204549     
   3.6699999999999657       0.69308324943367527     
   3.6799999999999655       0.69413377979679514     
   3.6899999999999653       0.69521740936423504     
   3.6999999999999651       0.69633507385787652     
   3.7099999999999649       0.69748770917217551     
   3.7199999999999647       0.69867624964001329     
   3.7299999999999645       0.69990162615721785     
   3.7399999999999642       0.70116476416267270     
   3.7499999999999640       0.70246658147142205     
   3.7599999999999638       0.70380798595885585     
   3.7699999999999636       0.70518987309483039     
   3.7799999999999634       0.70661312332735526     
   3.7899999999999632       0.70807859931645911     
   3.7999999999999630       0.70958714301987103     
   3.8099999999999627       0.71113957263324412     
   3.8199999999999625       0.71273667938895791     
   3.8299999999999623       0.71437922421879030     
   3.8399999999999621       0.71606793428723137     
   3.8499999999999619       0.71780349940371513     
   3.8599999999999617       0.71958656832361878     
   3.8699999999999615       0.72141774494963273     
   3.8799999999999613       0.72329758444675818     
   3.8899999999999610       0.72522658928607298     
   3.8999999999999608       0.72720520523417431     
   3.9099999999999606       0.72923381730709191     
   3.9199999999999604       0.73131274570932225     
   3.9299999999999602       0.73344224178043527     
   3.9399999999999600       0.73562248397349750     
   3.9499999999999598       0.73785357389125616     
   3.9599999999999596       0.74013553240760188     
   3.9699999999999593       0.74246829590331220     
   3.9799999999999591       0.74485171264633110     
   3.9899999999999589       0.74728553934793940     
   3.9999999999999587       0.74976943792703665     
   4.0099999999999589       0.75230297251525824     
   4.0199999999999587       0.75488560673605576     
   4.0299999999999585       0.75751670129067605     
   4.0399999999999583       0.76019551188368739     
   4.0499999999999581       0.76292118751983240     
   4.0599999999999579       0.76569276920282225     
   4.0699999999999577       0.76850918906511201     
   4.0799999999999574       0.77136926995560706     
   4.0899999999999572       0.77427172550984302     
   4.0999999999999570       0.77721516072429242     
   4.1099999999999568       0.78019807305313316     
   4.1199999999999566       0.78321885404218217     
   4.1299999999999564       0.78627579151060312     
   4.1399999999999562       0.78936707228667469     
   4.1499999999999559       0.79249078549923102     
   4.1599999999999557       0.79564492642150419     
   4.1699999999999555       0.79882740085903403     
   4.1799999999999553       0.80203603006821300     
   4.1899999999999551       0.80526855618673265     
   4.1999999999999549       0.80852264815215180     
   4.2099999999999547       0.81179590807964930     
   4.2199999999999545       0.81508587806525734     
   4.2299999999999542       0.81839004737621746     
   4.2399999999999540       0.82170585998587631     
   4.2499999999999538       0.82503072240668784     
   4.2599999999999536       0.82836201177152269     
   4.2699999999999534       0.83169708411065724     
   4.2799999999999532       0.83503328276953737     
   4.2899999999999530       0.83836794691082062     
   4.2999999999999527       0.84169842004317985     
   4.3099999999999525       0.84502205851905066     
   4.3199999999999523       0.84833623994386642     
   4.3299999999999521       0.85163837144035470     
   4.3399999999999519       0.85492589771310523     
   4.3499999999999517       0.85819630886095888     
   4.3599999999999515       0.86144714788760623     
   4.3699999999999513       0.86467601786417714     
   4.3799999999999510       0.86788058870151641     
   4.3899999999999508       0.87105860349404740     
   4.3999999999999506       0.87420788440179553     
   4.4099999999999504       0.87732633804199134     
   4.4199999999999502       0.88041196036674307     
   4.4299999999999500       0.88346284100839811     
   4.4399999999999498       0.88647716707943591     
   4.4499999999999496       0.88945322641894486     
   4.4599999999999493       0.89238941028261010     
   4.4699999999999491       0.89528421547823367     
   4.4799999999999489       0.89813624595323860     
   4.4899999999999487       0.90094421384508871     
   4.4999999999999485       0.90370694000949658     
   4.5099999999999483       0.90642335404502017     
   4.5199999999999481       0.90909249383582102     
   4.5299999999999478       0.91171350463729051     
   4.5399999999999476       0.91428563773163563     
   4.5499999999999474       0.91680824868252431     
   4.5599999999999472       0.91928079521946626     
   4.5699999999999470       0.92170283478378423     
   4.5799999999999468       0.92407402176876696     
   4.5899999999999466       0.92639410448699577     
   4.5999999999999464       0.92866292189786392     
   4.6099999999999461       0.93088040012800377     
   4.6199999999999459       0.93304654881672644     
   4.6299999999999457       0.93516145731775557     
   4.6399999999999455       0.93722529078738137     
   4.6499999999999453       0.93923828618790983     
   4.6599999999999451       0.94120074823379696     
   4.6699999999999449       0.94311304530624696     
   4.6799999999999446       0.94497560536038172     
   4.6899999999999444       0.94678891184726355     
   4.6999999999999442       0.94855349967124780     
   4.7099999999999440       0.95026995120130631     
   4.7199999999999438       0.95193889235305240     
   4.7299999999999436       0.95356098875641981     
   4.7399999999999434       0.95513694202215549     
   4.7499999999999432       0.95666748611844232     
   4.7599999999999429       0.95815338386745896     
   4.7699999999999427       0.95959542356992233     
   4.7799999999999425       0.96099441576421629     
   4.7899999999999423       0.96235119012533277     
   4.7999999999999421       0.96366659250738207     
   4.8099999999999419       0.96494148213237008     
   4.8199999999999417       0.96617672892667150     
   4.8299999999999415       0.96737321100569096     
   4.8399999999999412       0.96853181230621621     
   4.8499999999999410       0.96965342036518931     
   4.8599999999999408       0.97073892424283559     
   4.8699999999999406       0.97178921258747453     
   4.8799999999999404       0.97280517183875881     
   4.8899999999999402       0.97378768456561826     
   4.8999999999999400       0.97473762793478747     
   4.9099999999999397       0.97565587230543349     
   4.9199999999999395       0.97654327994518597     
   4.9299999999999393       0.97740070386260391     
   4.9399999999999391       0.97822898675100844     
   4.9499999999999389       0.97902896003851836     
   4.9599999999999387       0.97980144303900429     
   4.9699999999999385       0.98054724219874723     
   4.9799999999999383       0.98126715043352919     
   4.9899999999999380       0.98196194655103042     
   4.9999999999999378       0.98263239475334052     
   5.0099999999999376       0.98327924421469348     
   5.0199999999999374       0.98390322872941693     
   5.0299999999999372       0.98450506642550006     
   5.0399999999999370       0.98508545953904392     
   5.0499999999999368       0.98564509424528379     
   5.0599999999999365       0.98618464054186150     
   5.0699999999999363       0.98670475218029907     
   5.0799999999999361       0.98720606664173072     
   5.0899999999999359       0.98768920515328940     
   5.0999999999999357       0.98815477274144803     
   5.1099999999999355       0.98860335831913870     
   5.1199999999999353       0.98903553480336248     
   5.1299999999999351       0.98945185926037815     
   5.1399999999999348       0.98985287307562420     
   5.1499999999999346       0.99023910214574518     
   5.1599999999999344       0.99061105709025321     
   5.1699999999999342       0.99096923348049915     
   5.1799999999999340       0.99131411208384390     
   5.1899999999999338       0.99164615912093101     
   5.1999999999999336       0.99196582653431464     
   5.2099999999999334       0.99227355226660674     
   5.2199999999999331       0.99256976054662616     
   5.2299999999999329       0.99285486218203012     
   5.2399999999999327       0.99312925485708925     
   5.2499999999999325       0.99339332343436881     
   5.2599999999999323       0.99364744025914176     
   5.2699999999999321       0.99389196546556080     
   5.2799999999999319       0.99412724728354884     
   5.2899999999999316       0.99435362234564384     
   5.2999999999999314       0.99457141599293442     
   5.3099999999999312       0.99478094257945449     
   5.3199999999999310       0.99498250577434544     
   5.3299999999999308       0.99517639886126930     
   5.3399999999999306       0.99536290503455682     
   5.3499999999999304       0.99554229769160385     
   5.3599999999999302       0.99571484072121363     
   5.3699999999999299       0.99588078878743413     
   5.3799999999999297       0.99604038760869329     
   5.3899999999999295       0.99619387423191386     
   5.3999999999999293       0.99634147730138867     
   5.4099999999999291       0.99648341732231016     
   5.4199999999999289       0.99661990691869162     
   5.4299999999999287       0.99675115108567214     
   5.4399999999999284       0.99687734743602174     
   5.4499999999999282       0.99699868644085565     
   5.4599999999999280       0.99711535166445231     
   5.4699999999999278       0.99722751999320181     
   5.4799999999999276       0.99733536185863336     
   5.4899999999999274       0.99743904145455753     
   5.4999999999999272       0.99753871694835128     
   5.5099999999999270       0.99763454068642499     
   5.5199999999999267       0.99772665939389160     
   5.5299999999999265       0.99781521436853460     
   5.5399999999999263       0.99790034166914443     
   5.5499999999999261       0.99798217229826525     
   5.5599999999999259       0.99806083237947940     
   5.5699999999999257       0.99813644332930529     
   5.5799999999999255       0.99820912202378576     
   5.5899999999999253       0.99827898095990142     
   5.5999999999999250       0.99834612841189851     
   5.6099999999999248       0.99841066858262151     
   5.6199999999999246       0.99847270175000646     
   5.6299999999999244       0.99853232440878703     
   5.6399999999999242       0.99858962940758478     
   5.6499999999999240       0.99864470608144584     
   5.6599999999999238       0.99869764037999254     
   5.6699999999999235       0.99874851499124728     
   5.6799999999999233       0.99879740946128825     
   5.6899999999999231       0.99884440030984079     
   5.6999999999999229       0.99888956114188232     
   5.7099999999999227       0.99893296275545129     
   5.7199999999999225       0.99897467324565559     
   5.7299999999999223       0.99901475810512419     
   5.7399999999999221       0.99905328032090013     
   5.7499999999999218       0.99909030046792957     
   5.7599999999999216       0.99912587679925302     
   5.7699999999999214       0.99916006533299695     
   5.7799999999999212       0.99919291993623938     
   5.7899999999999210       0.99922449240591027     
   5.7999999999999208       0.99925483254673464     
   5.8099999999999206       0.99928398824640319     
   5.8199999999999203       0.99931200554801236     
   5.8299999999999201       0.99933892871984797     
   5.8399999999999199       0.99936480032265063     
   5.8499999999999197       0.99938966127441364     
   5.8599999999999195       0.99941355091279982     
   5.8699999999999193       0.99943650705527576     
   5.8799999999999191       0.99945856605700178     
   5.8899999999999189       0.99947976286661888     
   5.8999999999999186       0.99950013107993030     
   5.9099999999999184       0.99951970299162063     
   5.9199999999999182       0.99953850964501922     
   5.9299999999999180       0.99955658088004284     
   5.9399999999999178       0.99957394537931121     
   5.9499999999999176       0.99959063071255383     
   5.9599999999999174       0.99960666337934156     
   5.9699999999999172       0.99962206885022875     
   5.9799999999999169       0.99963687160631898     
   5.9899999999999167       0.99965109517735817     
   5.9999999999999165       0.99966476217837741     
   6.0099999999999163       0.99967789434496213     
   6.0199999999999161       0.99969051256716990     
   6.0299999999999159       0.99970263692217332     
   6.0399999999999157       0.99971428670564888     
   6.0499999999999154       0.99972548046198106     
   6.0599999999999152       0.99973623601332517     
   6.0699999999999150       0.99974657048753424     
   6.0799999999999148       0.99975650034505092     
   6.0899999999999146       0.99976604140474701     
   6.0999999999999144       0.99977520886878590     
   6.1099999999999142       0.99978401734653655     
   6.1199999999999140       0.99979248087755757     
   6.1299999999999137       0.99980061295371214     
   6.1399999999999135       0.99980842654042323     
   6.1499999999999133       0.99981593409712943     
   6.1599999999999131       0.99982314759692137     
   6.1699999999999129       0.99983007854546113     
   6.1799999999999127       0.99983673799914985     
   6.1899999999999125       0.99984313658258905     
   6.1999999999999122       0.99984928450538701     
   6.2099999999999120       0.99985519157831027     
   6.2199999999999118       0.99986086722880552     
   6.2299999999999116       0.99986632051592161     
   6.2399999999999114       0.99987156014466028     
   6.2499999999999112       0.99987659447977340     
   6.2599999999999110       0.99988143155901721     
   6.2699999999999108       0.99988607910589533     
   6.2799999999999105       0.99989054454192161     
   6.2899999999999103       0.99989483499838183     
   6.2999999999999101       0.99989895732766454     
   6.3099999999999099       0.99990291811413290     
   6.3199999999999097       0.99990672368459821     
   6.3299999999999095       0.99991038011834521     
   6.3399999999999093       0.99991389325682478     
   6.3499999999999091       0.99991726871291808     
   6.3599999999999088       0.99992051187986641     
   6.3699999999999086       0.99992362793985246     
   6.3799999999999084       0.99992662187224512     
   6.3899999999999082       0.99992949846152113     
   6.3999999999999080       0.99993226230487453     
   6.4099999999999078       0.99993491781954225     
   6.4199999999999076       0.99993746924983362     
   6.4299999999999073       0.99993992067389581     
   6.4399999999999071       0.99994227601020202     
   6.4499999999999069       0.99994453902379554     
   6.4599999999999067       0.99994671333229401     
   6.4699999999999065       0.99994880241164619     
   6.4799999999999063       0.99995080960168570     
   6.4899999999999061       0.99995273811144092     
   6.4999999999999059       0.99995459102425910     
   6.5099999999999056       0.99995637130272341     
   6.5199999999999054       0.99995808179337997     
   6.5299999999999052       0.99995972523126875     
   6.5399999999999050       0.99996130424429708     
   6.5499999999999048       0.99996282135742487     
   6.5599999999999046       0.99996427899669860     
   6.5699999999999044       0.99996567949312387     
   6.5799999999999041       0.99996702508638169     
   6.5899999999999039       0.99996831792840168     
   6.5999999999999037       0.99996956008680737     
   6.6099999999999035       0.99997075354819909     
   6.6199999999999033       0.99997190022134896     
   6.6299999999999031       0.99997300194022820     
   6.6399999999999029       0.99997406046695181     
   6.6499999999999027       0.99997507749457837     
   6.6599999999999024       0.99997605464982497     
   6.6699999999999022       0.99997699349566183     
   6.6799999999999020       0.99997789553380467     
   6.6899999999999018       0.99997876220712467     
   6.6999999999999016       0.99997959490193911     
   6.7099999999999014       0.99998039495024260     
   6.7199999999999012       0.99998116363181799     
   6.7299999999999010       0.99998190217629557     
   6.7399999999999007       0.99998261176511249     
   6.7499999999999005       0.99998329353339999     
   6.7599999999999003       0.99998394857179418     
   6.7699999999999001       0.99998457792819029     
   6.7799999999998999       0.99998518260940628     
   6.7899999999998997       0.99998576358279900     
   6.7999999999998995       0.99998632177780644     
   6.8099999999998992       0.99998685808743326     
   6.8199999999998990       0.99998737336968457     
   6.8299999999998988       0.99998786844893095     
   6.8399999999998986       0.99998834411722637     
   6.8499999999998984       0.99998880113557975     
   6.8599999999998982       0.99998924023516522     
   6.8699999999998980       0.99998966211850127     
   6.8799999999998978       0.99999006746055841     
   6.8899999999998975       0.99999045690985566     
   6.8999999999998973       0.99999083108948439     
   6.9099999999998971       0.99999119059811203     
   6.9199999999998969       0.99999153601093338     
   6.9299999999998967       0.99999186788059813     
   6.9399999999998965       0.99999218673809021     
   6.9499999999998963       0.99999249309357596     
   6.9599999999998960       0.99999278743721931     
   6.9699999999998958       0.99999307023997452     
   6.9799999999998956       0.99999334195432699     
   6.9899999999998954       0.99999360301502449     
   6.9999999999998952       0.99999385383977069     
   7.0099999999998950       0.99999409482989199     
   7.0199999999998948       0.99999432637098418     
   7.0299999999998946       0.99999454883352368     
   7.0399999999998943       0.99999476257346309     
   7.0499999999998941       0.99999496793279541     
   7.0599999999998939       0.99999516524011278     
   7.0699999999998937       0.99999535481111745     
   7.0799999999998935       0.99999553694914189     
   7.0899999999998933       0.99999571194561865     
   7.0999999999998931       0.99999588008055851     
   7.1099999999998929       0.99999604162299305     
   7.1199999999998926       0.99999619683140573     
   7.1299999999998924       0.99999634595414533     
   7.1399999999998922       0.99999648922982365     
   7.1499999999998920       0.99999662688769997     
   7.1599999999998918       0.99999675914803932     
   7.1699999999998916       0.99999688622247496     
   7.1799999999998914       0.99999700831434302     
   7.1899999999998911       0.99999712561900544     
   7.1999999999998909       0.99999723832416187     
   7.2099999999998907       0.99999734661015838     
   7.2199999999998905       0.99999745065026779     
   7.2299999999998903       0.99999755061096673     
   7.2399999999998901       0.99999764665220658     
   7.2499999999998899       0.99999773892766719     
   7.2599999999998897       0.99999782758500488     
   7.2699999999998894       0.99999791276608063     
   7.2799999999998892       0.99999799460720196     
   7.2899999999998890       0.99999807323932366     
   7.2999999999998888       0.99999814878827176     
   7.3099999999998886       0.99999822137493355     
   7.3199999999998884       0.99999829111546357     
   7.3299999999998882       0.99999835812145443     
   7.3399999999998879       0.99999842250012838     
   7.3499999999998877       0.99999848435450289     
   7.3599999999998875       0.99999854378355335     
   7.3699999999998873       0.99999860088237613     
   7.3799999999998871       0.99999865574234159     
   7.3899999999998869       0.99999870845123395     
   7.3999999999998867       0.99999875909339797     
   7.4099999999998865       0.99999880774986794     
   7.4199999999998862       0.99999885449850334     
   7.4299999999998860       0.99999889941411124     
   7.4399999999998858       0.99999894256856436     
   7.4499999999998856       0.99999898403091747     
   7.4599999999998854       0.99999902386751949     
   7.4699999999998852       0.99999906214211365     
   7.4799999999998850       0.99999909891594818     
   7.4899999999998847       0.99999913424786724     
   7.4999999999998845       0.99999916819440926     
   7.5099999999998843       0.99999920080989402     
   7.5199999999998841       0.99999923214651387     
   7.5299999999998839       0.99999926225441305     
   7.5399999999998837       0.99999929118177000     
   7.5499999999998835       0.99999931897487337     
   7.5599999999998833       0.99999934567819804     
   7.5699999999998830       0.99999937133447458     
   7.5799999999998828       0.99999939598475762     
   7.5899999999998826       0.99999941966849271     
   7.5999999999998824       0.99999944242357985     
   7.6099999999998822       0.99999946428642883     
   7.6199999999998820       0.99999948529202587     
   7.6299999999998818       0.99999950547398431     
   7.6399999999998816       0.99999952486459909     
   7.6499999999998813       0.99999954349489917     
   7.6599999999998811       0.99999956139469670     
   7.6699999999998809       0.99999957859263489     
   7.6799999999998807       0.99999959511623393     
   7.6899999999998805       0.99999961099193480     
   7.6999999999998803       0.99999962624514216     
   7.7099999999998801       0.99999964090026394     
   7.7199999999998798       0.99999965498075161     
   7.7299999999998796       0.99999966850913635     
   7.7399999999998794       0.99999968150706653     
   7.7499999999998792       0.99999969399534150     
   7.7599999999998790       0.99999970599394505     
   7.7699999999998788       0.99999971752207772     
   7.7799999999998786       0.99999972859818653     
   7.7899999999998784       0.99999973923999541     
   7.7999999999998781       0.99999974946453385     
   7.8099999999998779       0.99999975928816298     
   7.8199999999998777       0.99999976872660268     
   7.8299999999998775       0.99999977779495619     
   7.8399999999998773       0.99999978650773491     
   7.8499999999998771       0.99999979487888135     
   7.8599999999998769       0.99999980292179069     
   7.8699999999998766       0.99999981064933330     
   7.8799999999998764       0.99999981807387517     
   7.8899999999998762       0.99999982520729669     
   7.8999999999998760       0.99999983206101328     
   7.9099999999998758       0.99999983864599207     
   7.9199999999998756       0.99999984497277017     
   7.9299999999998754       0.99999985105147216     
   7.9399999999998752       0.99999985689182480     
   7.9499999999998749       0.99999986250317441     
   7.9599999999998747       0.99999986789449979     
   7.9699999999998745       0.99999987307442861     
   7.9799999999998743       0.99999987805124979     
   7.9899999999998741       0.99999988283292696     
   7.9999999999998739       0.99999988742711199     
   8.0099999999998737       0.99999989184115678     
   8.0199999999998735       0.99999989608212436     
   8.0299999999998732       0.99999990015680107     
   8.0399999999998730       0.99999990407170791     
   8.0499999999998728       0.99999990783310899     
   8.0599999999998726       0.99999991144702349     
   8.0699999999998724       0.99999991491923446     
   8.0799999999998722       0.99999991825529821     
   8.0899999999998720       0.99999992146055294     
   8.0999999999998717       0.99999992454012820     
   8.1099999999998715       0.99999992749895128     
   8.1199999999998713       0.99999993034175738     
   8.1299999999998711       0.99999993307309565     
   8.1399999999998709       0.99999993569733681     
   8.1499999999998707       0.99999993821867983     
   8.1599999999998705       0.99999994064115949     
   8.1699999999998703       0.99999994296865269     
   8.1799999999998700       0.99999994520488322     
   8.1899999999998698       0.99999994735343034     
   8.1999999999998696       0.99999994941773129     
   8.2099999999998694       0.99999995140109021     
   8.2199999999998692       0.99999995330668046     
   8.2299999999998690       0.99999995513755147     
   8.2399999999998688       0.99999995689663324     
   8.2499999999998685       0.99999995858673996     
   8.2599999999998683       0.99999996021057702     
   8.2699999999998681       0.99999996177074235     
   8.2799999999998679       0.99999996326973273     
   8.2899999999998677       0.99999996470994701     
   8.2999999999998675       0.99999996609368969     
   8.3099999999998673       0.99999996742317510     
   8.3199999999998671       0.99999996870053065     
   8.3299999999998668       0.99999996992780005     
   8.3399999999998666       0.99999997110694772     
   8.3499999999998664       0.99999997223986037     
   8.3599999999998662       0.99999997332835111     
   8.3699999999998660       0.99999997437416133     
   8.3799999999998658       0.99999997537896457     
   8.3899999999998656       0.99999997634436910     
   8.3999999999998654       0.99999997727191969     
   8.4099999999998651       0.99999997816310049     
   8.4199999999998649       0.99999997901933746     
   8.4299999999998647       0.99999997984200106     
   8.4399999999998645       0.99999998063240725     
   8.4499999999998643       0.99999998139182134     
   8.4599999999998641       0.99999998212145857     
   8.4699999999998639       0.99999998282248626     
   8.4799999999998636       0.99999998349602592     
   8.4899999999998634       0.99999998414315616     
   8.4999999999998632       0.99999998476491203     
   8.5099999999998630       0.99999998536228818     
   8.5199999999998628       0.99999998593624106     
   8.5299999999998626       0.99999998648768906     
   8.5399999999998624       0.99999998701751436     
   8.5499999999998622       0.99999998752656483     
   8.5599999999998619       0.99999998801565526     
   8.5699999999998617       0.99999998848556793     
   8.5799999999998615       0.99999998893705533     
   8.5899999999998613       0.99999998937083945     
   8.5999999999998611       0.99999998978761473     
   8.6099999999998609       0.99999999018804819     
   8.6199999999998607       0.99999999057278044     
   8.6299999999998604       0.99999999094242698     
   8.6399999999998602       0.99999999129757944     
   8.6499999999998600       0.99999999163880604     
   8.6599999999998598       0.99999999196665312     
   8.6699999999998596       0.99999999228164527     
   8.6799999999998594       0.99999999258428629     
   8.6899999999998592       0.99999999287506058     
   8.6999999999998590       0.99999999315443333     
   8.7099999999998587       0.99999999342285195     
   8.7199999999998585       0.99999999368074566     
   8.7299999999998583       0.99999999392852701     
   8.7399999999998581       0.99999999416659302     
   8.7499999999998579       0.99999999439532405     
   8.7599999999998577       0.99999999461508648     
   8.7699999999998575       0.99999999482623192     
   8.7799999999998573       0.99999999502909853     
   8.7899999999998570       0.99999999522401029     
   8.7999999999998568       0.99999999541127960     
   8.8099999999998566       0.99999999559120567     
   8.8199999999998564       0.99999999576407717     
   8.8299999999998562       0.99999999593016975     
   8.8399999999998560       0.99999999608975010     
   8.8499999999998558       0.99999999624307356     
   8.8599999999998555       0.99999999639038462     
   8.8699999999998553       0.99999999653191951     
   8.8799999999998551       0.99999999666790496     
   8.8899999999998549       0.99999999679855822     
   8.8999999999998547       0.99999999692408881     
   8.9099999999998545       0.99999999704469689     
   8.9199999999998543       0.99999999716057608     
   8.9299999999998541       0.99999999727191147     
   8.9399999999998538       0.99999999737888112     
   8.9499999999998536       0.99999999748165702     
   8.9599999999998534       0.99999999758040226     
   8.9699999999998532       0.99999999767527614     
   8.9799999999998530       0.99999999776642989     
   8.9899999999998528       0.99999999785400950     
   8.9999999999998526       0.99999999793815475     
   9.0099999999998523       0.99999999801900108     
   9.0199999999998521       0.99999999809667683     
   9.0299999999998519       0.99999999817130736     
   9.0399999999998517       0.99999999824301133     
   9.0499999999998515       0.99999999831190378     
   9.0599999999998513       0.99999999837809517     
   9.0699999999998511       0.99999999844169107     
   9.0799999999998509       0.99999999850279320     
   9.0899999999998506       0.99999999856149924     
   9.0999999999998504       0.99999999861790390     
   9.1099999999998502       0.99999999867209655     
   9.1199999999998500       0.99999999872416456     
   9.1299999999998498       0.99999999877419077     
   9.1399999999998496       0.99999999882225543     
   9.1499999999998494       0.99999999886843538     
   9.1599999999998492       0.99999999891280478     
   9.1699999999998489       0.99999999895543423     
   9.1799999999998487       0.99999999899639214     
   9.1899999999998485       0.99999999903574432     
   9.1999999999998483       0.99999999907355319     
   9.2099999999998481       0.99999999910987969     
   9.2199999999998479       0.99999999914478188     
   9.2299999999998477       0.99999999917831550     
   9.2399999999998474       0.99999999921053417     
   9.2499999999998472       0.99999999924148941     
   9.2599999999998470       0.99999999927123107     
   9.2699999999998468       0.99999999929980676     
   9.2799999999998466       0.99999999932726169     
   9.2899999999998464       0.99999999935364015     
   9.2999999999998462       0.99999999937898398     
   9.3099999999998460       0.99999999940333462     
   9.3199999999998457       0.99999999942673012     
   9.3299999999998455       0.99999999944920825     
   9.3399999999998453       0.99999999947080520     
   9.3499999999998451       0.99999999949155516     
   9.3599999999998449       0.99999999951149166     
   9.3699999999998447       0.99999999953064622     
   9.3799999999998445       0.99999999954905006     
   9.3899999999998442       0.99999999956673202     
   9.3999999999998440       0.99999999958372054     
   9.4099999999998438       0.99999999960004315     
   9.4199999999998436       0.99999999961572572     
   9.4299999999998434       0.99999999963079322     
   9.4399999999998432       0.99999999964527009     
   9.4499999999998430       0.99999999965917930     
   9.4599999999998428       0.99999999967254294     
   9.4699999999998425       0.99999999968538278     
   9.4799999999998423       0.99999999969771913     
   9.4899999999998421       0.99999999970957154     
   9.4999999999998419       0.99999999972095965     
   9.5099999999998417       0.99999999973190079     
   9.5199999999998415       0.99999999974241316     
   9.5299999999998413       0.99999999975251319     
   9.5399999999998411       0.99999999976221743     
   9.5499999999998408       0.99999999977154097     
   9.5599999999998406       0.99999999978049881     
   9.5699999999998404       0.99999999978910570     
   9.5799999999998402       0.99999999979737508     
   9.5899999999998400       0.99999999980532017     
   9.5999999999998398       0.99999999981295373     
   9.6099999999998396       0.99999999982028787     
   9.6199999999998393       0.99999999982733423     
   9.6299999999998391       0.99999999983410470     
   9.6399999999998389       0.99999999984060939     
   9.6499999999998387       0.99999999984685939     
   9.6599999999998385       0.99999999985286403     
   9.6699999999998383       0.99999999985863319     
   9.6799999999998381       0.99999999986417631     
   9.6899999999998379       0.99999999986950217     
   9.6999999999998376       0.99999999987461907     
   9.7099999999998374       0.99999999987953514     
   9.7199999999998372       0.99999999988425881     
   9.7299999999998370       0.99999999988879706     
   9.7399999999998368       0.99999999989315747     
   9.7499999999998366       0.99999999989734667     
   9.7599999999998364       0.99999999990137178     
   9.7699999999998361       0.99999999990523902     
   9.7799999999998359       0.99999999990895461     
   9.7899999999998357       0.99999999991252464     
   9.7999999999998355       0.99999999991595445     
   9.8099999999998353       0.99999999991925004     
   9.8199999999998351       0.99999999992241639     
   9.8299999999998349       0.99999999992545829     
   9.8399999999998347       0.99999999992838129     
   9.8499999999998344       0.99999999993118938     
   9.8599999999998342       0.99999999993388755     
   9.8699999999998340       0.99999999993647981     
   9.8799999999998338       0.99999999993897060     
   9.8899999999998336       0.99999999994136335     
   9.8999999999998334       0.99999999994366284     
   9.9099999999998332       0.99999999994587174     
   9.9199999999998330       0.99999999994799404     
   9.9299999999998327       0.99999999995003341     
   9.9399999999998325       0.99999999995199229     
   9.9499999999998323       0.99999999995387479     
   9.9599999999998321       0.99999999995568345     
   9.9699999999998319       0.99999999995742117     
   9.9799999999998317       0.99999999995909061     
   9.9899999999998315       0.99999999996069500     
   9.9999999999998312       0.99999999996223599     
